,message_count,group_type,has_media,has_url,has_emoji,message_length,hour,day,response_rate
0,47.0,3.0,0.0,0.0,1.0,17.0,4.0,3.0,0.45454545454545453
1,2.0,3.0,0.0,0.0,1.0,107.0,20.0,2.0,0.0
2,16.0,3.0,0.0,0.0,1.0,91.0,10.0,5.0,0.13636363636363635
3,4.0,3.0,0.0,0.0,0.0,111.0,13.0,5.0,0.045454545454545456
4,3.0,3.0,0.0,0.0,0.0,87.0,13.0,5.0,0.09090909090909091
5,4.0,3.0,0.0,0.0,1.0,93.0,13.0,5.0,0.045454545454545456
6,2.0,3.0,0.0,0.0,0.0,88.0,13.0,5.0,0.045454545454545456
7,4.0,3.0,0.0,0.0,1.0,90.0,13.0,5.0,0.045454545454545456
8,15.0,3.0,0.0,0.0,0.0,119.0,13.0,5.0,0.22727272727272727
9,94.0,3.0,0.0,0.0,0.0,102.0,19.0,2.0,0.5454545454545454
10,32.0,3.0,0.0,0.0,1.0,82.0,0.0,4.0,0.5
11,23.0,3.0,0.0,0.0,0.0,132.0,17.0,2.0,0.45454545454545453
12,24.0,3.0,0.0,0.0,1.0,77.0,23.0,2.0,0.3181818181818182
13,9.0,3.0,0.0,0.0,0.0,84.0,11.0,3.0,0.13636363636363635
14,18.0,3.0,0.0,0.0,1.0,94.0,11.0,4.0,0.2727272727272727
15,15.0,3.0,0.0,0.0,0.0,82.0,18.0,2.0,0.2727272727272727
16,60.0,3.0,0.0,0.0,1.0,88.0,20.0,2.0,0.5454545454545454
17,5.0,3.0,0.0,0.0,1.0,93.0,13.0,2.0,0.09090909090909091
18,24.0,3.0,0.0,0.0,1.0,78.0,14.0,2.0,0.2727272727272727
19,6.0,3.0,0.0,0.0,0.0,137.0,16.0,2.0,0.13636363636363635
20,3.0,3.0,0.0,0.0,0.0,89.0,17.0,2.0,0.09090909090909091
21,1.0,3.0,0.0,0.0,1.0,84.0,18.0,2.0,0.0
22,34.0,3.0,0.0,0.0,0.0,98.0,18.0,2.0,0.4090909090909091
23,2.0,3.0,0.0,0.0,0.0,90.0,20.0,0.0,0.0
24,6.0,3.0,0.0,0.0,0.0,83.0,20.0,0.0,0.045454545454545456
25,33.0,3.0,0.0,0.0,0.0,89.0,21.0,0.0,0.3181818181818182
26,4.0,3.0,0.0,0.0,0.0,164.0,20.0,3.0,0.09090909090909091
27,4.0,3.0,0.0,0.0,0.0,152.0,20.0,3.0,0.045454545454545456
28,3.0,3.0,0.0,0.0,0.0,194.0,14.0,6.0,0.045454545454545456
29,30.0,3.0,0.0,0.0,1.0,96.0,14.0,6.0,0.36363636363636365
30,32.0,3.0,0.0,0.0,0.0,101.0,19.0,0.0,0.36363636363636365
31,15.0,3.0,0.0,0.0,1.0,98.0,16.0,5.0,0.36363636363636365
32,11.0,3.0,0.0,0.0,0.0,109.0,20.0,2.0,0.09090909090909091
33,6.0,3.0,0.0,0.0,0.0,97.0,23.0,2.0,0.09090909090909091
34,42.0,3.0,0.0,0.0,0.0,138.0,23.0,2.0,0.3181818181818182
35,17.0,1.0,1.0,0.0,0.0,0.0,13.0,1.0,0.1111111111111111
36,8.0,1.0,0.0,0.0,0.0,658.0,15.0,3.0,0.07407407407407407
37,36.0,1.0,0.0,0.0,0.0,146.0,15.0,3.0,0.14814814814814814
38,6.0,1.0,0.0,0.0,0.0,658.0,18.0,3.0,0.037037037037037035
39,1.0,1.0,0.0,0.0,0.0,348.0,22.0,3.0,0.0
40,10.0,1.0,0.0,0.0,0.0,226.0,22.0,3.0,0.09259259259259259
41,2.0,1.0,0.0,0.0,0.0,95.0,11.0,5.0,0.0
42,7.0,1.0,0.0,0.0,0.0,167.0,11.0,5.0,0.07407407407407407
43,1.0,1.0,0.0,0.0,0.0,299.0,18.0,1.0,0.0
44,10.0,1.0,0.0,0.0,1.0,121.0,19.0,1.0,0.037037037037037035
45,14.0,1.0,0.0,0.0,0.0,154.0,22.0,1.0,0.12962962962962962
46,4.0,1.0,0.0,0.0,1.0,400.0,19.0,1.0,0.0
47,3.0,1.0,0.0,0.0,1.0,400.0,19.0,1.0,0.0
48,22.0,1.0,0.0,0.0,1.0,400.0,19.0,1.0,0.12962962962962962
49,7.0,1.0,0.0,0.0,0.0,150.0,14.0,4.0,0.09259259259259259
50,71.0,1.0,0.0,0.0,0.0,191.0,21.0,4.0,0.37037037037037035
51,16.0,1.0,0.0,0.0,0.0,126.0,10.0,2.0,0.09259259259259259
52,1.0,1.0,0.0,0.0,0.0,229.0,22.0,2.0,0.0
53,15.0,1.0,0.0,0.0,1.0,161.0,22.0,2.0,0.18518518518518517
54,5.0,1.0,0.0,0.0,1.0,86.0,16.0,4.0,0.037037037037037035
55,7.0,1.0,0.0,0.0,0.0,106.0,16.0,4.0,0.07407407407407407
56,14.0,1.0,0.0,0.0,0.0,86.0,6.0,0.0,0.2222222222222222
57,6.0,1.0,0.0,0.0,1.0,133.0,13.0,0.0,0.07407407407407407
58,2.0,1.0,0.0,0.0,0.0,106.0,20.0,0.0,0.0
59,15.0,1.0,0.0,0.0,0.0,257.0,20.0,0.0,0.0
60,3.0,1.0,0.0,0.0,0.0,1155.0,20.0,0.0,0.018518518518518517
61,5.0,1.0,0.0,0.0,1.0,75.0,21.0,0.0,0.037037037037037035
62,2.0,1.0,0.0,0.0,0.0,249.0,23.0,0.0,0.018518518518518517
63,5.0,1.0,0.0,0.0,0.0,252.0,13.0,3.0,0.018518518518518517
64,11.0,1.0,0.0,0.0,1.0,286.0,14.0,3.0,0.09259259259259259
65,5.0,1.0,0.0,0.0,0.0,107.0,21.0,3.0,0.07407407407407407
66,15.0,1.0,0.0,0.0,0.0,171.0,17.0,5.0,0.1111111111111111
67,1.0,1.0,0.0,0.0,0.0,291.0,11.0,1.0,0.0
68,4.0,1.0,0.0,0.0,0.0,88.0,11.0,1.0,0.018518518518518517
69,24.0,1.0,0.0,1.0,0.0,164.0,19.0,1.0,0.14814814814814814
70,42.0,1.0,0.0,0.0,0.0,106.0,21.0,3.0,0.14814814814814814
71,2.0,1.0,0.0,0.0,0.0,191.0,5.0,3.0,0.018518518518518517
72,3.0,1.0,0.0,0.0,0.0,207.0,7.0,3.0,0.0
73,16.0,1.0,0.0,0.0,1.0,129.0,8.0,3.0,0.16666666666666666
74,13.0,1.0,0.0,0.0,1.0,156.0,12.0,3.0,0.14814814814814814
75,25.0,1.0,0.0,0.0,0.0,207.0,14.0,3.0,0.2777777777777778
76,25.0,1.0,0.0,0.0,1.0,327.0,14.0,4.0,0.09259259259259259
77,8.0,1.0,0.0,0.0,0.0,89.0,21.0,5.0,0.05555555555555555
78,32.0,1.0,0.0,0.0,0.0,149.0,13.0,6.0,0.16666666666666666
79,11.0,1.0,0.0,0.0,1.0,81.0,6.0,1.0,0.09259259259259259
80,5.0,1.0,0.0,0.0,0.0,99.0,14.0,1.0,0.018518518518518517
81,4.0,1.0,0.0,0.0,1.0,184.0,15.0,1.0,0.037037037037037035
82,2.0,1.0,0.0,0.0,1.0,86.0,18.0,1.0,0.0
83,1.0,1.0,0.0,0.0,0.0,88.0,18.0,1.0,0.0
84,2.0,1.0,0.0,0.0,0.0,142.0,18.0,1.0,0.018518518518518517
85,1.0,1.0,0.0,0.0,0.0,380.0,19.0,1.0,0.0
86,3.0,1.0,0.0,0.0,0.0,380.0,19.0,1.0,0.0
87,16.0,1.0,0.0,0.0,0.0,149.0,20.0,1.0,0.12962962962962962
88,2.0,1.0,0.0,0.0,0.0,376.0,18.0,2.0,0.018518518518518517
89,67.0,1.0,0.0,0.0,0.0,376.0,20.0,2.0,0.2962962962962963
90,19.0,1.0,0.0,0.0,0.0,81.0,13.0,3.0,0.05555555555555555
91,37.0,1.0,0.0,0.0,0.0,114.0,14.0,3.0,0.07407407407407407
92,1.0,1.0,0.0,0.0,0.0,154.0,8.0,4.0,0.0
93,1.0,1.0,0.0,0.0,1.0,204.0,9.0,4.0,0.0
94,16.0,1.0,0.0,0.0,1.0,94.0,9.0,4.0,0.09259259259259259
95,47.0,1.0,0.0,0.0,0.0,247.0,16.0,4.0,0.35185185185185186
96,7.0,1.0,0.0,0.0,0.0,152.0,15.0,0.0,0.07407407407407407
97,1.0,1.0,0.0,0.0,0.0,185.0,21.0,0.0,0.0
98,1.0,1.0,0.0,0.0,1.0,151.0,21.0,0.0,0.0
99,12.0,1.0,0.0,0.0,0.0,93.0,21.0,0.0,0.14814814814814814
100,4.0,1.0,0.0,0.0,0.0,116.0,19.0,1.0,0.037037037037037035
101,1.0,1.0,0.0,0.0,0.0,195.0,20.0,1.0,0.0
102,7.0,1.0,0.0,0.0,1.0,567.0,20.0,1.0,0.05555555555555555
103,1.0,1.0,0.0,0.0,0.0,960.0,8.0,2.0,0.0
104,1.0,1.0,0.0,0.0,1.0,166.0,8.0,2.0,0.0
105,5.0,1.0,0.0,0.0,1.0,567.0,8.0,2.0,0.037037037037037035
106,100.0,1.0,0.0,0.0,0.0,148.0,11.0,2.0,0.4074074074074074
107,31.0,1.0,0.0,0.0,0.0,193.0,18.0,4.0,0.3333333333333333
108,4.0,1.0,0.0,0.0,0.0,127.0,12.0,5.0,0.018518518518518517
109,14.0,1.0,0.0,0.0,0.0,127.0,13.0,5.0,0.05555555555555555
110,3.0,1.0,0.0,0.0,0.0,130.0,17.0,6.0,0.037037037037037035
111,7.0,1.0,0.0,0.0,0.0,469.0,8.0,2.0,0.018518518518518517
112,14.0,1.0,0.0,1.0,0.0,102.0,11.0,2.0,0.0
113,1.0,1.0,0.0,0.0,1.0,122.0,14.0,2.0,0.0
114,7.0,1.0,0.0,0.0,0.0,194.0,14.0,2.0,0.018518518518518517
115,6.0,1.0,0.0,0.0,0.0,91.0,16.0,2.0,0.037037037037037035
116,13.0,1.0,0.0,0.0,1.0,92.0,18.0,2.0,0.05555555555555555
117,10.0,1.0,0.0,0.0,1.0,122.0,9.0,2.0,0.07407407407407407
118,6.0,1.0,0.0,0.0,0.0,109.0,19.0,2.0,0.018518518518518517
119,6.0,1.0,0.0,0.0,1.0,606.0,21.0,2.0,0.07407407407407407
120,6.0,1.0,0.0,0.0,0.0,97.0,9.0,5.0,0.07407407407407407
121,27.0,1.0,0.0,0.0,1.0,173.0,19.0,5.0,0.05555555555555555
122,24.0,1.0,0.0,0.0,0.0,103.0,11.0,0.0,0.35185185185185186
123,4.0,1.0,0.0,0.0,0.0,428.0,22.0,0.0,0.037037037037037035
124,11.0,1.0,0.0,0.0,0.0,161.0,8.0,3.0,0.037037037037037035
125,1.0,1.0,0.0,0.0,0.0,415.0,11.0,3.0,0.0
126,8.0,1.0,0.0,0.0,1.0,229.0,18.0,3.0,0.037037037037037035
127,9.0,1.0,0.0,0.0,1.0,99.0,5.0,5.0,0.05555555555555555
128,29.0,1.0,0.0,0.0,1.0,72.0,17.0,5.0,0.18518518518518517
129,13.0,1.0,0.0,0.0,0.0,281.0,20.0,4.0,0.1111111111111111
130,15.0,1.0,0.0,0.0,0.0,253.0,11.0,6.0,0.018518518518518517
131,7.0,1.0,0.0,0.0,0.0,253.0,13.0,6.0,0.0
132,1.0,1.0,0.0,0.0,0.0,82.0,22.0,6.0,0.0
133,3.0,1.0,0.0,0.0,1.0,367.0,22.0,6.0,0.018518518518518517
134,5.0,1.0,0.0,1.0,0.0,109.0,11.0,2.0,0.037037037037037035
135,3.0,1.0,0.0,0.0,1.0,112.0,20.0,2.0,0.018518518518518517
136,8.0,1.0,0.0,1.0,0.0,109.0,22.0,2.0,0.0
137,2.0,1.0,0.0,0.0,1.0,244.0,23.0,2.0,0.018518518518518517
138,20.0,1.0,0.0,0.0,1.0,104.0,10.0,4.0,0.16666666666666666
139,13.0,1.0,0.0,0.0,0.0,114.0,19.0,4.0,0.12962962962962962
140,3.0,1.0,0.0,1.0,0.0,129.0,16.0,4.0,0.0
141,12.0,1.0,0.0,0.0,1.0,211.0,20.0,4.0,0.07407407407407407
142,3.0,1.0,0.0,0.0,0.0,89.0,14.0,5.0,0.018518518518518517
143,6.0,1.0,0.0,0.0,0.0,406.0,21.0,5.0,0.05555555555555555
144,1.0,1.0,0.0,0.0,0.0,92.0,18.0,6.0,0.0
145,6.0,1.0,0.0,0.0,0.0,92.0,18.0,6.0,0.037037037037037035
146,2.0,1.0,0.0,0.0,1.0,328.0,10.0,0.0,0.0
147,5.0,1.0,0.0,0.0,1.0,124.0,10.0,0.0,0.018518518518518517
148,5.0,1.0,0.0,0.0,0.0,209.0,14.0,0.0,0.018518518518518517
149,32.0,1.0,0.0,0.0,0.0,143.0,20.0,0.0,0.24074074074074073
150,1.0,1.0,0.0,0.0,0.0,100.0,17.0,1.0,0.0
151,4.0,1.0,0.0,0.0,0.0,131.0,17.0,1.0,0.0
152,1.0,1.0,0.0,0.0,1.0,118.0,17.0,1.0,0.0
153,1.0,1.0,0.0,0.0,0.0,236.0,18.0,1.0,0.0
154,1.0,1.0,0.0,0.0,1.0,291.0,18.0,1.0,0.0
155,4.0,1.0,0.0,0.0,0.0,233.0,21.0,1.0,0.0
156,3.0,1.0,0.0,0.0,0.0,83.0,21.0,1.0,0.0
157,1.0,1.0,0.0,0.0,1.0,118.0,21.0,1.0,0.0
158,1.0,1.0,0.0,0.0,0.0,236.0,21.0,1.0,0.0
159,6.0,1.0,0.0,0.0,1.0,291.0,21.0,1.0,0.037037037037037035
160,19.0,1.0,0.0,0.0,1.0,111.0,9.0,2.0,0.18518518518518517
161,2.0,1.0,0.0,0.0,0.0,156.0,20.0,2.0,0.018518518518518517
162,1.0,1.0,0.0,1.0,0.0,94.0,8.0,3.0,0.0
163,7.0,1.0,0.0,1.0,0.0,95.0,8.0,3.0,0.09259259259259259
164,23.0,1.0,0.0,0.0,0.0,159.0,21.0,3.0,0.14814814814814814
165,63.0,1.0,0.0,0.0,0.0,100.0,10.0,5.0,0.2962962962962963
166,2.0,1.0,0.0,0.0,0.0,91.0,19.0,0.0,0.0
167,8.0,1.0,0.0,0.0,1.0,185.0,20.0,0.0,0.05555555555555555
168,20.0,1.0,0.0,0.0,1.0,195.0,7.0,1.0,0.14814814814814814
169,6.0,1.0,0.0,0.0,1.0,95.0,6.0,2.0,0.05555555555555555
170,5.0,1.0,0.0,0.0,0.0,238.0,13.0,2.0,0.037037037037037035
171,6.0,1.0,0.0,0.0,1.0,145.0,20.0,2.0,0.07407407407407407
172,1.0,1.0,0.0,0.0,1.0,186.0,15.0,3.0,0.0
173,1.0,1.0,0.0,0.0,0.0,153.0,20.0,3.0,0.0
174,5.0,1.0,0.0,0.0,1.0,205.0,22.0,3.0,0.018518518518518517
175,15.0,1.0,0.0,0.0,1.0,236.0,10.0,4.0,0.18518518518518517
176,3.0,1.0,0.0,0.0,0.0,226.0,21.0,4.0,0.0
177,1.0,1.0,0.0,0.0,1.0,107.0,21.0,4.0,0.0
178,1.0,1.0,0.0,0.0,0.0,215.0,22.0,4.0,0.0
179,1.0,1.0,0.0,0.0,0.0,340.0,22.0,4.0,0.0
180,23.0,1.0,0.0,0.0,0.0,340.0,22.0,4.0,0.12962962962962962
181,16.0,1.0,0.0,0.0,0.0,212.0,17.0,5.0,0.07407407407407407
182,3.0,1.0,0.0,0.0,0.0,165.0,9.0,6.0,0.018518518518518517
183,5.0,1.0,0.0,0.0,0.0,257.0,10.0,6.0,0.037037037037037035
184,9.0,1.0,0.0,1.0,0.0,91.0,16.0,6.0,0.07407407407407407
185,25.0,1.0,0.0,0.0,1.0,186.0,7.0,0.0,0.14814814814814814
186,9.0,1.0,0.0,0.0,0.0,178.0,21.0,0.0,0.07407407407407407
187,9.0,1.0,0.0,0.0,0.0,158.0,9.0,1.0,0.1111111111111111
188,29.0,1.0,0.0,0.0,0.0,209.0,16.0,1.0,0.2222222222222222
189,7.0,1.0,0.0,0.0,0.0,120.0,22.0,0.0,0.037037037037037035
190,32.0,1.0,0.0,0.0,0.0,122.0,23.0,0.0,0.07407407407407407
191,27.0,1.0,0.0,0.0,0.0,95.0,11.0,3.0,0.2222222222222222
192,25.0,1.0,0.0,0.0,0.0,89.0,19.0,3.0,0.12962962962962962
193,16.0,1.0,0.0,0.0,1.0,113.0,21.0,3.0,0.12962962962962962
194,1.0,1.0,0.0,0.0,1.0,115.0,16.0,3.0,0.0
195,12.0,1.0,0.0,0.0,1.0,115.0,16.0,3.0,0.07407407407407407
196,15.0,1.0,0.0,0.0,0.0,82.0,18.0,3.0,0.1111111111111111
197,5.0,1.0,0.0,0.0,0.0,134.0,20.0,3.0,0.05555555555555555
198,21.0,1.0,0.0,0.0,1.0,102.0,7.0,6.0,0.18518518518518517
199,4.0,1.0,0.0,0.0,1.0,95.0,14.0,6.0,0.037037037037037035
200,12.0,1.0,0.0,0.0,0.0,85.0,17.0,6.0,0.09259259259259259
201,9.0,1.0,0.0,0.0,0.0,171.0,14.0,1.0,0.09259259259259259
202,4.0,1.0,0.0,0.0,0.0,208.0,21.0,1.0,0.037037037037037035
203,9.0,1.0,0.0,0.0,0.0,124.0,9.0,4.0,0.09259259259259259
204,1.0,1.0,0.0,0.0,1.0,154.0,13.0,6.0,0.0
205,14.0,1.0,0.0,0.0,0.0,193.0,13.0,6.0,0.12962962962962962
206,1.0,1.0,0.0,0.0,1.0,133.0,20.0,6.0,0.0
207,5.0,1.0,0.0,0.0,0.0,154.0,20.0,6.0,0.018518518518518517
208,3.0,1.0,0.0,0.0,0.0,232.0,21.0,6.0,0.037037037037037035
209,19.0,1.0,0.0,0.0,0.0,81.0,7.0,2.0,0.2037037037037037
210,1.0,1.0,0.0,0.0,1.0,218.0,16.0,2.0,0.0
211,1.0,1.0,0.0,0.0,1.0,256.0,16.0,2.0,0.0
212,49.0,1.0,0.0,0.0,0.0,601.0,17.0,2.0,0.35185185185185186
213,40.0,1.0,0.0,0.0,1.0,232.0,14.0,0.0,0.16666666666666666
214,51.0,1.0,0.0,0.0,1.0,97.0,18.0,0.0,0.25925925925925924
215,8.0,1.0,0.0,0.0,0.0,165.0,15.0,5.0,0.018518518518518517
216,32.0,1.0,0.0,0.0,0.0,127.0,10.0,0.0,0.25925925925925924
217,29.0,1.0,0.0,0.0,0.0,349.0,22.0,1.0,0.16666666666666666
218,20.0,1.0,0.0,0.0,0.0,96.0,10.0,2.0,0.1111111111111111
219,18.0,1.0,0.0,0.0,1.0,163.0,14.0,2.0,0.12962962962962962
220,1.0,1.0,0.0,0.0,0.0,94.0,19.0,3.0,0.0
221,1.0,1.0,0.0,0.0,0.0,127.0,20.0,3.0,0.0
222,14.0,1.0,0.0,0.0,0.0,91.0,20.0,3.0,0.037037037037037035
223,4.0,1.0,0.0,0.0,0.0,92.0,20.0,3.0,0.018518518518518517
224,5.0,1.0,0.0,0.0,1.0,76.0,21.0,3.0,0.05555555555555555
225,15.0,1.0,0.0,0.0,1.0,133.0,22.0,3.0,0.09259259259259259
226,3.0,1.0,0.0,0.0,1.0,133.0,6.0,4.0,0.037037037037037035
227,3.0,1.0,0.0,0.0,0.0,125.0,8.0,4.0,0.018518518518518517
228,14.0,1.0,0.0,0.0,0.0,342.0,8.0,4.0,0.16666666666666666
229,5.0,1.0,0.0,0.0,1.0,122.0,20.0,4.0,0.037037037037037035
230,23.0,1.0,0.0,0.0,0.0,584.0,7.0,5.0,0.05555555555555555
231,28.0,1.0,0.0,0.0,0.0,107.0,12.0,5.0,0.16666666666666666
232,2.0,1.0,0.0,0.0,0.0,159.0,19.0,6.0,0.0
233,1.0,1.0,0.0,0.0,0.0,237.0,19.0,6.0,0.0
234,1.0,1.0,0.0,0.0,0.0,262.0,19.0,6.0,0.0
235,2.0,1.0,0.0,0.0,0.0,240.0,19.0,6.0,0.0
236,1.0,1.0,0.0,0.0,1.0,216.0,19.0,6.0,0.0
237,1.0,1.0,0.0,0.0,0.0,294.0,19.0,6.0,0.0
238,3.0,1.0,0.0,0.0,0.0,106.0,19.0,6.0,0.037037037037037035
239,3.0,1.0,0.0,0.0,0.0,81.0,22.0,6.0,0.018518518518518517
240,8.0,1.0,0.0,0.0,0.0,94.0,23.0,6.0,0.09259259259259259
241,33.0,1.0,0.0,0.0,0.0,190.0,12.0,0.0,0.18518518518518517
242,3.0,1.0,0.0,0.0,0.0,173.0,21.0,0.0,0.037037037037037035
243,61.0,1.0,0.0,0.0,0.0,159.0,7.0,1.0,0.24074074074074073
244,1.0,1.0,0.0,0.0,0.0,180.0,14.0,3.0,0.0
245,1.0,1.0,0.0,0.0,0.0,231.0,16.0,3.0,0.0
246,29.0,1.0,0.0,0.0,0.0,84.0,16.0,3.0,0.18518518518518517
247,17.0,1.0,0.0,1.0,0.0,384.0,22.0,4.0,0.09259259259259259
248,12.0,1.0,0.0,0.0,1.0,96.0,21.0,5.0,0.1111111111111111
249,20.0,1.0,0.0,0.0,1.0,100.0,20.0,6.0,0.1111111111111111
250,10.0,1.0,0.0,1.0,1.0,232.0,13.0,0.0,0.1111111111111111
251,19.0,1.0,0.0,0.0,0.0,389.0,22.0,0.0,0.1111111111111111
252,1.0,1.0,0.0,0.0,1.0,246.0,10.0,2.0,0.0
253,17.0,1.0,0.0,0.0,0.0,178.0,12.0,2.0,0.2037037037037037
254,36.0,1.0,0.0,0.0,0.0,138.0,20.0,2.0,0.24074074074074073
255,27.0,1.0,0.0,0.0,1.0,111.0,7.0,4.0,0.2962962962962963
256,1.0,1.0,0.0,0.0,0.0,321.0,19.0,4.0,0.0
257,6.0,1.0,0.0,0.0,0.0,217.0,20.0,4.0,0.018518518518518517
258,33.0,1.0,0.0,0.0,1.0,77.0,21.0,4.0,0.25925925925925924
259,16.0,1.0,0.0,0.0,0.0,152.0,0.0,4.0,0.12962962962962962
260,1.0,1.0,0.0,0.0,1.0,193.0,7.0,4.0,0.0
261,7.0,1.0,0.0,0.0,0.0,146.0,7.0,4.0,0.018518518518518517
262,1.0,1.0,0.0,0.0,0.0,91.0,9.0,4.0,0.0
263,13.0,1.0,0.0,0.0,0.0,219.0,10.0,4.0,0.09259259259259259
264,1.0,1.0,0.0,0.0,0.0,109.0,20.0,4.0,0.0
265,1.0,1.0,0.0,1.0,0.0,399.0,21.0,4.0,0.0
266,6.0,1.0,0.0,0.0,0.0,327.0,21.0,4.0,0.018518518518518517
267,140.0,1.0,0.0,0.0,1.0,82.0,8.0,0.0,0.5185185185185185
268,25.0,1.0,0.0,0.0,0.0,185.0,20.0,5.0,0.09259259259259259
269,21.0,1.0,0.0,0.0,1.0,201.0,21.0,0.0,0.1111111111111111
270,28.0,1.0,0.0,0.0,0.0,146.0,14.0,3.0,0.14814814814814814
271,1.0,1.0,0.0,0.0,0.0,281.0,12.0,6.0,0.0
272,2.0,1.0,0.0,0.0,0.0,281.0,12.0,6.0,0.0
273,16.0,1.0,0.0,0.0,1.0,217.0,15.0,6.0,0.16666666666666666
274,4.0,1.0,0.0,0.0,0.0,129.0,16.0,1.0,0.037037037037037035
275,4.0,1.0,0.0,0.0,0.0,100.0,8.0,4.0,0.037037037037037035
276,3.0,1.0,0.0,0.0,0.0,2211.0,16.0,4.0,0.018518518518518517
277,6.0,1.0,0.0,0.0,0.0,127.0,18.0,4.0,0.037037037037037035
278,6.0,1.0,0.0,0.0,1.0,105.0,22.0,4.0,0.07407407407407407
279,2.0,1.0,0.0,0.0,0.0,222.0,14.0,6.0,0.0
280,15.0,1.0,0.0,0.0,0.0,142.0,21.0,6.0,0.12962962962962962
281,1.0,1.0,0.0,0.0,1.0,107.0,12.0,3.0,0.0
282,10.0,1.0,0.0,0.0,1.0,107.0,12.0,3.0,0.09259259259259259
283,20.0,1.0,0.0,0.0,1.0,98.0,18.0,3.0,0.12962962962962962
284,47.0,1.0,0.0,0.0,1.0,110.0,22.0,4.0,0.24074074074074073
285,7.0,1.0,0.0,0.0,0.0,91.0,16.0,5.0,0.07407407407407407
286,4.0,1.0,0.0,0.0,0.0,3207.0,22.0,6.0,0.037037037037037035
287,9.0,1.0,0.0,0.0,0.0,98.0,0.0,0.0,0.09259259259259259
288,15.0,1.0,0.0,0.0,0.0,3207.0,9.0,0.0,0.07407407407407407
289,1.0,1.0,0.0,0.0,1.0,101.0,14.0,0.0,0.0
290,1.0,1.0,0.0,0.0,0.0,168.0,15.0,0.0,0.0
291,2.0,1.0,0.0,0.0,0.0,168.0,15.0,0.0,0.0
292,8.0,1.0,0.0,0.0,0.0,93.0,17.0,0.0,0.05555555555555555
293,9.0,1.0,0.0,0.0,0.0,153.0,8.0,1.0,0.037037037037037035
294,50.0,1.0,0.0,0.0,0.0,110.0,18.0,1.0,0.2962962962962963
295,5.0,1.0,0.0,0.0,0.0,92.0,16.0,2.0,0.05555555555555555
296,26.0,1.0,0.0,0.0,1.0,301.0,19.0,2.0,0.3148148148148148
297,1.0,1.0,0.0,0.0,0.0,363.0,20.0,4.0,0.0
298,2.0,1.0,0.0,0.0,1.0,114.0,20.0,4.0,0.0
299,3.0,1.0,0.0,0.0,1.0,165.0,20.0,4.0,0.0
300,27.0,1.0,0.0,0.0,1.0,179.0,21.0,4.0,0.1111111111111111
301,2.0,1.0,0.0,0.0,0.0,314.0,7.0,6.0,0.0
302,3.0,1.0,0.0,0.0,1.0,305.0,7.0,6.0,0.037037037037037035
303,10.0,1.0,0.0,0.0,0.0,453.0,10.0,6.0,0.1111111111111111
304,54.0,1.0,0.0,0.0,1.0,144.0,10.0,0.0,0.3148148148148148
305,3.0,1.0,0.0,1.0,1.0,97.0,21.0,0.0,0.018518518518518517
306,28.0,1.0,0.0,1.0,0.0,101.0,9.0,1.0,0.14814814814814814
307,14.0,1.0,0.0,0.0,0.0,117.0,8.0,2.0,0.1111111111111111
308,18.0,1.0,0.0,0.0,0.0,278.0,16.0,2.0,0.16666666666666666
309,1.0,1.0,0.0,0.0,0.0,97.0,14.0,3.0,0.0
310,1.0,1.0,0.0,0.0,0.0,149.0,14.0,3.0,0.0
311,10.0,1.0,0.0,0.0,0.0,154.0,15.0,3.0,0.16666666666666666
312,2.0,1.0,0.0,0.0,0.0,170.0,8.0,4.0,0.0
313,4.0,1.0,0.0,0.0,0.0,170.0,9.0,4.0,0.018518518518518517
314,1.0,1.0,0.0,0.0,0.0,96.0,11.0,4.0,0.0
315,10.0,1.0,0.0,0.0,0.0,96.0,11.0,4.0,0.037037037037037035
316,40.0,1.0,0.0,0.0,0.0,82.0,14.0,4.0,0.25925925925925924
317,2.0,1.0,0.0,0.0,0.0,95.0,16.0,5.0,0.018518518518518517
318,4.0,1.0,0.0,0.0,0.0,1327.0,12.0,6.0,0.05555555555555555
319,8.0,1.0,0.0,0.0,1.0,208.0,16.0,6.0,0.05555555555555555
320,1.0,1.0,0.0,0.0,0.0,93.0,22.0,6.0,0.0
321,9.0,1.0,0.0,0.0,1.0,336.0,22.0,6.0,0.09259259259259259
322,8.0,1.0,0.0,0.0,1.0,330.0,11.0,2.0,0.09259259259259259
323,5.0,1.0,0.0,0.0,1.0,202.0,18.0,2.0,0.037037037037037035
324,46.0,1.0,0.0,0.0,1.0,113.0,9.0,5.0,0.14814814814814814
325,32.0,1.0,0.0,0.0,0.0,104.0,11.0,5.0,0.12962962962962962
326,13.0,1.0,0.0,0.0,0.0,636.0,19.0,5.0,0.05555555555555555
327,6.0,1.0,0.0,0.0,0.0,177.0,19.0,5.0,0.0
328,1.0,1.0,0.0,0.0,0.0,170.0,9.0,1.0,0.0
329,24.0,1.0,0.0,0.0,0.0,85.0,9.0,1.0,0.2222222222222222
330,1.0,1.0,0.0,0.0,0.0,123.0,16.0,1.0,0.0
331,7.0,1.0,0.0,0.0,0.0,123.0,16.0,1.0,0.05555555555555555
332,3.0,1.0,0.0,0.0,1.0,168.0,18.0,1.0,0.018518518518518517
333,1.0,1.0,0.0,0.0,1.0,208.0,22.0,1.0,0.0
334,6.0,1.0,0.0,0.0,1.0,94.0,22.0,1.0,0.0
335,5.0,1.0,0.0,0.0,0.0,109.0,22.0,1.0,0.0
336,9.0,1.0,0.0,0.0,0.0,420.0,4.0,3.0,0.07407407407407407
337,3.0,1.0,0.0,0.0,0.0,115.0,10.0,3.0,0.037037037037037035
338,16.0,1.0,0.0,0.0,0.0,144.0,12.0,3.0,0.12962962962962962
339,12.0,1.0,0.0,0.0,0.0,93.0,11.0,6.0,0.12962962962962962
340,11.0,1.0,0.0,0.0,0.0,91.0,15.0,6.0,0.12962962962962962
341,22.0,1.0,0.0,0.0,0.0,105.0,11.0,1.0,0.18518518518518517
342,18.0,1.0,0.0,0.0,0.0,140.0,16.0,4.0,0.12962962962962962
343,1.0,1.0,0.0,0.0,1.0,124.0,10.0,0.0,0.0
344,4.0,1.0,0.0,0.0,0.0,140.0,10.0,0.0,0.05555555555555555
345,2.0,1.0,0.0,0.0,0.0,90.0,22.0,0.0,0.0
346,37.0,1.0,0.0,0.0,1.0,332.0,0.0,2.0,0.24074074074074073
347,1.0,1.0,0.0,0.0,1.0,124.0,13.0,0.0,0.0
348,9.0,1.0,0.0,0.0,0.0,140.0,13.0,0.0,0.09259259259259259
349,9.0,1.0,0.0,1.0,1.0,393.0,21.0,0.0,0.05555555555555555
350,1.0,1.0,0.0,0.0,0.0,183.0,17.0,5.0,0.0
351,12.0,1.0,0.0,0.0,0.0,201.0,17.0,5.0,0.09259259259259259
352,4.0,1.0,0.0,0.0,0.0,95.0,14.0,0.0,0.05555555555555555
353,4.0,1.0,0.0,0.0,0.0,98.0,7.0,1.0,0.037037037037037035
354,2.0,1.0,0.0,0.0,0.0,191.0,16.0,1.0,0.018518518518518517
355,3.0,1.0,0.0,0.0,0.0,182.0,7.0,2.0,0.018518518518518517
356,1.0,1.0,0.0,0.0,0.0,167.0,11.0,2.0,0.0
357,1.0,1.0,0.0,0.0,0.0,167.0,11.0,2.0,0.0
358,1.0,1.0,0.0,0.0,0.0,167.0,11.0,2.0,0.0
359,1.0,1.0,0.0,0.0,0.0,167.0,11.0,2.0,0.0
360,1.0,1.0,0.0,0.0,1.0,670.0,12.0,2.0,0.0
361,5.0,1.0,0.0,0.0,1.0,127.0,13.0,2.0,0.037037037037037035
362,5.0,1.0,0.0,0.0,0.0,114.0,20.0,2.0,0.05555555555555555
363,10.0,1.0,0.0,0.0,0.0,107.0,9.0,3.0,0.1111111111111111
364,9.0,1.0,0.0,0.0,0.0,214.0,20.0,3.0,0.07407407407407407
365,3.0,1.0,0.0,0.0,0.0,316.0,9.0,4.0,0.0
366,4.0,1.0,0.0,0.0,1.0,184.0,9.0,4.0,0.018518518518518517
367,1.0,1.0,0.0,0.0,0.0,112.0,15.0,4.0,0.0
368,25.0,1.0,0.0,0.0,1.0,167.0,19.0,4.0,0.12962962962962962
369,4.0,1.0,0.0,0.0,0.0,270.0,8.0,0.0,0.037037037037037035
370,2.0,1.0,0.0,0.0,0.0,103.0,21.0,0.0,0.0
371,8.0,1.0,0.0,0.0,0.0,112.0,21.0,0.0,0.018518518518518517
372,4.0,1.0,0.0,0.0,0.0,174.0,21.0,0.0,0.0
373,13.0,1.0,0.0,0.0,0.0,174.0,21.0,0.0,0.09259259259259259
374,73.0,1.0,0.0,0.0,0.0,84.0,16.0,1.0,0.07407407407407407
375,51.0,1.0,0.0,0.0,0.0,81.0,17.0,1.0,0.25925925925925924
376,1.0,1.0,0.0,0.0,0.0,99.0,10.0,2.0,0.0
377,1.0,1.0,0.0,0.0,0.0,277.0,10.0,2.0,0.0
378,1.0,1.0,0.0,0.0,0.0,155.0,10.0,2.0,0.0
379,24.0,1.0,0.0,0.0,0.0,229.0,10.0,2.0,0.14814814814814814
380,33.0,1.0,0.0,0.0,1.0,226.0,9.0,3.0,0.2777777777777778
381,10.0,1.0,0.0,0.0,1.0,146.0,19.0,3.0,0.018518518518518517
382,10.0,1.0,0.0,0.0,1.0,275.0,21.0,3.0,0.05555555555555555
383,59.0,1.0,0.0,0.0,1.0,114.0,10.0,4.0,0.24074074074074073
384,3.0,1.0,0.0,0.0,0.0,85.0,18.0,4.0,0.0
385,3.0,1.0,0.0,0.0,0.0,346.0,18.0,4.0,0.0
386,6.0,1.0,0.0,0.0,0.0,83.0,18.0,4.0,0.037037037037037035
387,1.0,1.0,0.0,0.0,0.0,87.0,22.0,4.0,0.0
388,13.0,1.0,0.0,0.0,0.0,95.0,22.0,4.0,0.09259259259259259
389,10.0,1.0,0.0,0.0,0.0,87.0,11.0,5.0,0.05555555555555555
390,2.0,1.0,0.0,1.0,0.0,92.0,20.0,5.0,0.018518518518518517
391,9.0,1.0,0.0,1.0,0.0,92.0,21.0,5.0,0.05555555555555555
392,12.0,1.0,0.0,0.0,0.0,138.0,16.0,6.0,0.05555555555555555
393,1.0,1.0,0.0,0.0,0.0,1151.0,23.0,6.0,0.0
394,29.0,1.0,0.0,0.0,1.0,77.0,7.0,0.0,0.2962962962962963
395,3.0,1.0,0.0,0.0,1.0,265.0,19.0,0.0,0.018518518518518517
396,9.0,1.0,0.0,0.0,1.0,262.0,9.0,1.0,0.037037037037037035
397,17.0,1.0,0.0,0.0,1.0,262.0,12.0,1.0,0.16666666666666666
398,15.0,1.0,0.0,0.0,1.0,200.0,17.0,1.0,0.07407407407407407
399,27.0,1.0,0.0,0.0,0.0,85.0,20.0,1.0,0.14814814814814814
400,1.0,1.0,0.0,1.0,1.0,93.0,14.0,2.0,0.0
401,7.0,1.0,0.0,0.0,1.0,204.0,15.0,2.0,0.037037037037037035
402,2.0,1.0,0.0,0.0,1.0,218.0,20.0,2.0,0.0
403,6.0,1.0,0.0,0.0,0.0,214.0,20.0,2.0,0.037037037037037035
404,42.0,1.0,0.0,0.0,0.0,148.0,7.0,3.0,0.3148148148148148
405,2.0,1.0,0.0,0.0,1.0,127.0,18.0,3.0,0.018518518518518517
406,10.0,1.0,0.0,0.0,0.0,158.0,22.0,3.0,0.1111111111111111
407,5.0,1.0,0.0,0.0,0.0,150.0,20.0,6.0,0.05555555555555555
408,15.0,1.0,0.0,0.0,1.0,121.0,8.0,6.0,0.12962962962962962
409,6.0,1.0,0.0,0.0,0.0,112.0,11.0,6.0,0.09259259259259259
410,11.0,1.0,0.0,0.0,0.0,139.0,19.0,6.0,0.09259259259259259
411,20.0,1.0,0.0,0.0,0.0,139.0,20.0,6.0,0.2037037037037037
412,1.0,1.0,0.0,0.0,0.0,81.0,20.0,2.0,0.0
413,18.0,1.0,0.0,0.0,0.0,89.0,21.0,2.0,0.09259259259259259
414,36.0,1.0,0.0,0.0,1.0,276.0,13.0,4.0,0.07407407407407407
415,2.0,1.0,0.0,1.0,0.0,96.0,19.0,4.0,0.018518518518518517
416,6.0,1.0,0.0,0.0,1.0,203.0,6.0,0.0,0.09259259259259259
417,50.0,1.0,0.0,0.0,0.0,113.0,13.0,0.0,0.37037037037037035
418,1.0,1.0,0.0,0.0,0.0,111.0,20.0,5.0,0.0
419,8.0,1.0,0.0,0.0,0.0,142.0,20.0,5.0,0.09259259259259259
420,4.0,1.0,0.0,0.0,0.0,142.0,15.0,1.0,0.037037037037037035
421,3.0,1.0,0.0,0.0,0.0,169.0,19.0,1.0,0.018518518518518517
422,1.0,1.0,0.0,0.0,1.0,266.0,19.0,1.0,0.0
423,30.0,1.0,0.0,1.0,0.0,232.0,21.0,1.0,0.2037037037037037
424,5.0,1.0,0.0,0.0,1.0,154.0,8.0,6.0,0.037037037037037035
425,7.0,1.0,0.0,1.0,0.0,279.0,18.0,6.0,0.07407407407407407
426,6.0,1.0,0.0,0.0,0.0,121.0,8.0,1.0,0.018518518518518517
427,32.0,1.0,0.0,0.0,0.0,293.0,13.0,1.0,0.16666666666666666
428,7.0,1.0,0.0,0.0,1.0,164.0,21.0,1.0,0.05555555555555555
429,1.0,1.0,0.0,0.0,0.0,275.0,7.0,2.0,0.0
430,2.0,1.0,0.0,0.0,0.0,92.0,7.0,2.0,0.0
431,4.0,1.0,0.0,0.0,0.0,120.0,7.0,2.0,0.037037037037037035
432,6.0,1.0,0.0,0.0,0.0,207.0,7.0,2.0,0.05555555555555555
433,12.0,1.0,0.0,0.0,0.0,191.0,12.0,2.0,0.12962962962962962
434,7.0,1.0,0.0,0.0,0.0,399.0,16.0,2.0,0.05555555555555555
435,2.0,1.0,0.0,1.0,0.0,384.0,19.0,2.0,0.0
436,4.0,1.0,0.0,1.0,1.0,175.0,19.0,2.0,0.0
437,1.0,1.0,0.0,0.0,0.0,232.0,6.0,3.0,0.0
438,1.0,1.0,0.0,0.0,0.0,218.0,7.0,3.0,0.0
439,22.0,1.0,0.0,0.0,0.0,218.0,7.0,3.0,0.14814814814814814
440,1.0,1.0,0.0,0.0,0.0,218.0,14.0,3.0,0.0
441,2.0,1.0,0.0,0.0,0.0,218.0,14.0,3.0,0.0
442,1.0,1.0,0.0,0.0,0.0,218.0,14.0,3.0,0.0
443,7.0,1.0,0.0,0.0,0.0,218.0,14.0,3.0,0.05555555555555555
444,5.0,1.0,0.0,0.0,0.0,110.0,20.0,3.0,0.05555555555555555
445,3.0,1.0,0.0,0.0,0.0,342.0,9.0,4.0,0.018518518518518517
446,1.0,1.0,0.0,0.0,0.0,83.0,10.0,4.0,0.0
447,18.0,1.0,0.0,0.0,0.0,83.0,10.0,4.0,0.2037037037037037
448,11.0,1.0,0.0,0.0,1.0,117.0,15.0,4.0,0.05555555555555555
449,25.0,1.0,0.0,1.0,1.0,124.0,8.0,5.0,0.14814814814814814
450,22.0,1.0,0.0,0.0,1.0,117.0,13.0,5.0,0.18518518518518517
451,4.0,1.0,0.0,0.0,0.0,359.0,13.0,6.0,0.037037037037037035
452,25.0,1.0,0.0,0.0,1.0,399.0,20.0,6.0,0.2037037037037037
453,1.0,1.0,0.0,1.0,1.0,212.0,21.0,0.0,0.0
454,3.0,1.0,0.0,0.0,0.0,236.0,22.0,0.0,0.0
455,2.0,1.0,0.0,0.0,0.0,107.0,10.0,1.0,0.0
456,9.0,1.0,0.0,1.0,0.0,225.0,10.0,1.0,0.09259259259259259
457,8.0,1.0,0.0,0.0,0.0,108.0,16.0,1.0,0.1111111111111111
458,26.0,1.0,0.0,0.0,0.0,228.0,17.0,1.0,0.16666666666666666
459,1.0,1.0,0.0,0.0,0.0,405.0,13.0,2.0,0.0
460,1.0,1.0,0.0,0.0,1.0,84.0,13.0,2.0,0.0
461,7.0,1.0,0.0,0.0,0.0,199.0,13.0,2.0,0.07407407407407407
462,13.0,1.0,0.0,1.0,0.0,96.0,20.0,2.0,0.14814814814814814
463,18.0,1.0,0.0,1.0,0.0,261.0,11.0,3.0,0.037037037037037035
464,7.0,1.0,0.0,0.0,0.0,273.0,16.0,3.0,0.037037037037037035
465,48.0,1.0,0.0,0.0,0.0,152.0,20.0,3.0,0.3148148148148148
466,2.0,1.0,0.0,0.0,1.0,91.0,23.0,4.0,0.0
467,44.0,1.0,0.0,0.0,1.0,190.0,23.0,4.0,0.25925925925925924
468,23.0,1.0,0.0,0.0,0.0,110.0,19.0,5.0,0.14814814814814814
469,5.0,1.0,0.0,0.0,0.0,111.0,13.0,6.0,0.037037037037037035
470,39.0,1.0,0.0,0.0,0.0,323.0,17.0,6.0,0.16666666666666666
471,17.0,1.0,0.0,0.0,1.0,89.0,15.0,1.0,0.07407407407407407
472,1.0,1.0,0.0,0.0,0.0,136.0,20.0,1.0,0.0
473,13.0,1.0,0.0,0.0,0.0,238.0,20.0,1.0,0.1111111111111111
474,1.0,1.0,0.0,0.0,0.0,87.0,12.0,2.0,0.0
475,4.0,1.0,0.0,0.0,0.0,117.0,12.0,2.0,0.018518518518518517
476,22.0,1.0,0.0,0.0,0.0,260.0,18.0,2.0,0.12962962962962962
477,25.0,1.0,0.0,0.0,0.0,200.0,20.0,3.0,0.07407407407407407
478,7.0,1.0,0.0,0.0,0.0,89.0,20.0,4.0,0.05555555555555555
479,5.0,1.0,0.0,0.0,1.0,983.0,7.0,4.0,0.018518518518518517
480,7.0,1.0,0.0,0.0,1.0,84.0,10.0,4.0,0.037037037037037035
481,1.0,1.0,0.0,0.0,1.0,188.0,14.0,4.0,0.0
482,1.0,1.0,0.0,0.0,0.0,451.0,14.0,4.0,0.0
483,21.0,1.0,0.0,0.0,0.0,238.0,14.0,4.0,0.14814814814814814
484,1.0,1.0,0.0,0.0,0.0,452.0,14.0,0.0,0.0
485,3.0,1.0,0.0,0.0,0.0,448.0,14.0,0.0,0.037037037037037035
486,7.0,1.0,0.0,0.0,1.0,122.0,23.0,0.0,0.07407407407407407
487,1.0,1.0,0.0,0.0,0.0,86.0,12.0,0.0,0.0
488,1.0,1.0,0.0,0.0,1.0,188.0,12.0,0.0,0.0
489,2.0,1.0,0.0,0.0,0.0,86.0,12.0,0.0,0.0
490,27.0,1.0,0.0,0.0,1.0,188.0,12.0,0.0,0.16666666666666666
491,7.0,1.0,0.0,0.0,1.0,206.0,13.0,3.0,0.037037037037037035
492,2.0,1.0,0.0,0.0,1.0,94.0,14.0,3.0,0.0
493,16.0,1.0,0.0,0.0,0.0,664.0,15.0,3.0,0.07407407407407407
494,27.0,1.0,0.0,0.0,0.0,647.0,20.0,3.0,0.07407407407407407
495,10.0,1.0,0.0,0.0,0.0,102.0,13.0,5.0,0.037037037037037035
496,10.0,1.0,0.0,0.0,0.0,134.0,15.0,5.0,0.05555555555555555
497,11.0,1.0,0.0,0.0,0.0,405.0,18.0,5.0,0.018518518518518517
498,2.0,1.0,0.0,0.0,0.0,150.0,21.0,5.0,0.018518518518518517
499,14.0,1.0,0.0,0.0,1.0,185.0,21.0,5.0,0.07407407407407407
500,5.0,1.0,0.0,0.0,0.0,147.0,12.0,1.0,0.037037037037037035
501,1.0,1.0,0.0,0.0,0.0,186.0,14.0,1.0,0.0
502,28.0,1.0,0.0,0.0,0.0,201.0,15.0,1.0,0.05555555555555555
503,9.0,1.0,0.0,0.0,1.0,511.0,20.0,1.0,0.037037037037037035
504,1.0,1.0,0.0,0.0,0.0,114.0,10.0,3.0,0.0
505,7.0,1.0,0.0,0.0,0.0,174.0,11.0,3.0,0.09259259259259259
506,7.0,1.0,0.0,0.0,0.0,260.0,15.0,3.0,0.07407407407407407
507,30.0,1.0,0.0,0.0,0.0,162.0,22.0,3.0,0.16666666666666666
508,6.0,1.0,0.0,0.0,0.0,428.0,23.0,6.0,0.018518518518518517
509,10.0,1.0,0.0,0.0,0.0,81.0,23.0,6.0,0.07407407407407407
510,3.0,1.0,0.0,0.0,1.0,82.0,11.0,4.0,0.037037037037037035
511,7.0,1.0,0.0,0.0,0.0,244.0,15.0,4.0,0.07407407407407407
512,1.0,1.0,0.0,0.0,0.0,421.0,22.0,4.0,0.0
513,10.0,1.0,0.0,0.0,0.0,507.0,5.0,0.0,0.037037037037037035
514,3.0,1.0,0.0,0.0,0.0,104.0,10.0,0.0,0.018518518518518517
515,1.0,1.0,0.0,0.0,1.0,160.0,11.0,0.0,0.0
516,36.0,1.0,0.0,0.0,0.0,421.0,11.0,0.0,0.2037037037037037
517,1.0,1.0,0.0,0.0,0.0,250.0,10.0,2.0,0.0
518,3.0,1.0,0.0,0.0,0.0,114.0,10.0,2.0,0.0
519,1.0,1.0,0.0,0.0,0.0,165.0,10.0,2.0,0.0
520,2.0,1.0,0.0,0.0,1.0,160.0,12.0,2.0,0.0
521,1.0,1.0,0.0,0.0,0.0,109.0,12.0,2.0,0.0
522,1.0,1.0,0.0,0.0,0.0,250.0,12.0,2.0,0.0
523,2.0,1.0,0.0,0.0,0.0,114.0,12.0,2.0,0.018518518518518517
524,1.0,1.0,0.0,0.0,0.0,244.0,15.0,2.0,0.0
525,1.0,1.0,0.0,0.0,0.0,311.0,16.0,2.0,0.0
526,2.0,1.0,0.0,0.0,0.0,311.0,16.0,2.0,0.018518518518518517
527,1.0,1.0,0.0,0.0,0.0,365.0,17.0,2.0,0.0
528,2.0,1.0,0.0,0.0,0.0,365.0,17.0,2.0,0.018518518518518517
529,1.0,1.0,0.0,0.0,1.0,102.0,20.0,2.0,0.0
530,29.0,1.0,0.0,0.0,0.0,405.0,20.0,2.0,0.09259259259259259
531,8.0,1.0,0.0,0.0,0.0,163.0,18.0,3.0,0.037037037037037035
532,2.0,1.0,0.0,0.0,0.0,179.0,19.0,3.0,0.018518518518518517
533,10.0,1.0,0.0,0.0,0.0,90.0,19.0,3.0,0.05555555555555555
534,1.0,1.0,0.0,0.0,0.0,287.0,9.0,4.0,0.0
535,1.0,1.0,0.0,0.0,0.0,154.0,10.0,4.0,0.0
536,7.0,1.0,0.0,1.0,0.0,203.0,11.0,4.0,0.05555555555555555
537,24.0,1.0,0.0,0.0,0.0,98.0,5.0,5.0,0.09259259259259259
538,18.0,1.0,0.0,0.0,1.0,104.0,22.0,5.0,0.09259259259259259
539,4.0,1.0,0.0,0.0,0.0,145.0,20.0,6.0,0.037037037037037035
540,19.0,1.0,0.0,0.0,0.0,1339.0,11.0,0.0,0.09259259259259259
541,1.0,1.0,0.0,1.0,0.0,226.0,15.0,1.0,0.0
542,14.0,1.0,0.0,1.0,0.0,226.0,15.0,1.0,0.09259259259259259
543,2.0,1.0,0.0,1.0,1.0,160.0,8.0,3.0,0.0
544,1.0,1.0,0.0,1.0,1.0,160.0,8.0,3.0,0.0
545,5.0,1.0,0.0,0.0,1.0,672.0,12.0,3.0,0.05555555555555555
546,1.0,1.0,0.0,0.0,0.0,319.0,15.0,3.0,0.0
547,29.0,1.0,0.0,0.0,0.0,351.0,17.0,3.0,0.12962962962962962
548,6.0,1.0,0.0,0.0,0.0,500.0,13.0,4.0,0.018518518518518517
549,18.0,1.0,0.0,0.0,0.0,125.0,16.0,4.0,0.12962962962962962
550,8.0,1.0,0.0,0.0,0.0,220.0,18.0,5.0,0.09259259259259259
551,6.0,1.0,0.0,0.0,0.0,723.0,23.0,5.0,0.037037037037037035
552,2.0,1.0,0.0,0.0,1.0,237.0,20.0,6.0,0.0
553,9.0,1.0,0.0,0.0,0.0,173.0,23.0,6.0,0.07407407407407407
554,2.0,1.0,0.0,0.0,0.0,109.0,9.0,0.0,0.0
555,23.0,1.0,0.0,0.0,1.0,171.0,9.0,0.0,0.2962962962962963
556,15.0,1.0,0.0,0.0,0.0,99.0,16.0,0.0,0.1111111111111111
557,20.0,1.0,0.0,0.0,0.0,152.0,14.0,1.0,0.07407407407407407
558,15.0,1.0,0.0,0.0,0.0,244.0,12.0,2.0,0.12962962962962962
559,16.0,1.0,0.0,0.0,0.0,120.0,9.0,3.0,0.1111111111111111
560,2.0,1.0,0.0,0.0,1.0,97.0,20.0,3.0,0.0
561,1.0,1.0,0.0,0.0,0.0,207.0,20.0,3.0,0.0
562,7.0,1.0,0.0,0.0,1.0,171.0,20.0,3.0,0.0
563,10.0,1.0,0.0,0.0,0.0,109.0,8.0,4.0,0.018518518518518517
564,23.0,1.0,0.0,0.0,0.0,144.0,15.0,4.0,0.16666666666666666
565,43.0,1.0,0.0,0.0,1.0,181.0,12.0,6.0,0.4074074074074074
566,4.0,1.0,0.0,0.0,0.0,287.0,12.0,1.0,0.018518518518518517
567,2.0,1.0,0.0,0.0,1.0,104.0,19.0,1.0,0.0
568,2.0,1.0,0.0,0.0,1.0,171.0,10.0,4.0,0.0
569,49.0,1.0,0.0,0.0,0.0,192.0,10.0,4.0,0.2962962962962963
570,3.0,1.0,0.0,0.0,0.0,115.0,18.0,4.0,0.018518518518518517
571,6.0,1.0,0.0,0.0,1.0,104.0,22.0,4.0,0.07407407407407407
572,25.0,1.0,0.0,0.0,0.0,82.0,11.0,4.0,0.037037037037037035
573,1.0,1.0,0.0,0.0,0.0,192.0,15.0,4.0,0.0
574,68.0,1.0,0.0,1.0,0.0,147.0,15.0,4.0,0.25925925925925924
575,46.0,1.0,0.0,0.0,0.0,148.0,19.0,5.0,0.3148148148148148
576,10.0,1.0,0.0,0.0,1.0,133.0,20.0,0.0,0.05555555555555555
577,4.0,1.0,0.0,0.0,0.0,90.0,18.0,3.0,0.037037037037037035
578,30.0,1.0,0.0,1.0,0.0,85.0,21.0,3.0,0.2222222222222222
579,2.0,1.0,0.0,0.0,0.0,337.0,14.0,1.0,0.018518518518518517
580,1.0,1.0,0.0,0.0,0.0,83.0,15.0,1.0,0.0
581,8.0,1.0,0.0,0.0,0.0,83.0,15.0,1.0,0.037037037037037035
582,1.0,1.0,0.0,0.0,1.0,222.0,20.0,1.0,0.0
583,1.0,1.0,0.0,0.0,1.0,213.0,20.0,1.0,0.0
584,1.0,1.0,0.0,0.0,1.0,222.0,20.0,1.0,0.0
585,16.0,1.0,0.0,0.0,1.0,213.0,20.0,1.0,0.07407407407407407
586,8.0,1.0,0.0,0.0,0.0,101.0,13.0,4.0,0.07407407407407407
587,2.0,1.0,0.0,0.0,0.0,173.0,15.0,4.0,0.018518518518518517
588,4.0,1.0,0.0,0.0,0.0,104.0,17.0,4.0,0.05555555555555555
589,13.0,1.0,0.0,0.0,0.0,294.0,19.0,4.0,0.07407407407407407
590,2.0,1.0,0.0,0.0,1.0,191.0,9.0,6.0,0.018518518518518517
591,54.0,1.0,0.0,0.0,0.0,82.0,9.0,6.0,0.2777777777777778
592,26.0,1.0,0.0,0.0,1.0,200.0,14.0,6.0,0.25925925925925924
593,8.0,1.0,0.0,0.0,0.0,82.0,8.0,1.0,0.1111111111111111
594,36.0,1.0,0.0,1.0,0.0,170.0,19.0,1.0,0.3148148148148148
595,4.0,1.0,0.0,0.0,1.0,276.0,20.0,2.0,0.018518518518518517
596,4.0,1.0,0.0,0.0,0.0,267.0,21.0,2.0,0.0
597,42.0,1.0,0.0,0.0,1.0,276.0,8.0,3.0,0.24074074074074073
598,17.0,1.0,0.0,0.0,0.0,150.0,11.0,4.0,0.12962962962962962
599,1.0,1.0,0.0,0.0,0.0,196.0,20.0,4.0,0.0
600,21.0,1.0,0.0,0.0,0.0,188.0,20.0,4.0,0.07407407407407407
601,13.0,1.0,0.0,0.0,0.0,141.0,10.0,5.0,0.1111111111111111
602,26.0,1.0,0.0,0.0,1.0,143.0,11.0,5.0,0.2777777777777778
603,5.0,1.0,0.0,1.0,0.0,333.0,19.0,5.0,0.05555555555555555
604,11.0,1.0,0.0,0.0,1.0,90.0,22.0,5.0,0.09259259259259259
605,1.0,1.0,0.0,0.0,0.0,108.0,17.0,6.0,0.0
606,5.0,1.0,0.0,0.0,1.0,837.0,19.0,6.0,0.05555555555555555
607,4.0,1.0,0.0,0.0,0.0,1385.0,6.0,0.0,0.037037037037037035
608,3.0,1.0,0.0,0.0,0.0,358.0,7.0,0.0,0.037037037037037035
609,1.0,1.0,0.0,0.0,1.0,215.0,9.0,0.0,0.0
610,20.0,1.0,0.0,0.0,0.0,129.0,11.0,0.0,0.24074074074074073
611,1.0,1.0,0.0,0.0,0.0,129.0,12.0,0.0,0.0
612,20.0,1.0,0.0,0.0,0.0,109.0,12.0,0.0,0.18518518518518517
613,8.0,1.0,0.0,0.0,0.0,129.0,17.0,0.0,0.07407407407407407
614,4.0,1.0,0.0,0.0,0.0,185.0,15.0,1.0,0.05555555555555555
615,4.0,1.0,0.0,0.0,1.0,100.0,9.0,2.0,0.018518518518518517
616,22.0,1.0,0.0,0.0,0.0,490.0,11.0,2.0,0.2222222222222222
617,9.0,1.0,0.0,0.0,0.0,343.0,15.0,2.0,0.05555555555555555
618,9.0,1.0,0.0,0.0,0.0,170.0,23.0,2.0,0.07407407407407407
619,2.0,1.0,0.0,0.0,0.0,174.0,16.0,3.0,0.0
620,43.0,1.0,0.0,0.0,0.0,124.0,16.0,3.0,0.18518518518518517
621,17.0,1.0,0.0,0.0,0.0,110.0,12.0,4.0,0.09259259259259259
622,16.0,1.0,0.0,0.0,1.0,92.0,15.0,4.0,0.09259259259259259
623,73.0,1.0,0.0,0.0,0.0,84.0,19.0,4.0,0.37037037037037035
624,1.0,1.0,0.0,0.0,1.0,214.0,8.0,0.0,0.0
625,1.0,1.0,0.0,0.0,1.0,214.0,8.0,0.0,0.0
626,1.0,1.0,0.0,0.0,0.0,186.0,10.0,0.0,0.0
627,71.0,1.0,0.0,0.0,1.0,740.0,11.0,0.0,0.3888888888888889
628,1.0,1.0,0.0,0.0,0.0,327.0,19.0,1.0,0.0
629,57.0,1.0,0.0,0.0,0.0,107.0,20.0,1.0,0.35185185185185186
630,25.0,1.0,0.0,0.0,1.0,140.0,5.0,3.0,0.25925925925925924
631,1.0,1.0,0.0,0.0,0.0,961.0,22.0,3.0,0.0
632,6.0,1.0,0.0,0.0,0.0,961.0,22.0,3.0,0.05555555555555555
633,8.0,1.0,0.0,1.0,0.0,203.0,7.0,2.0,0.1111111111111111
634,12.0,1.0,0.0,0.0,1.0,86.0,10.0,2.0,0.16666666666666666
635,4.0,1.0,0.0,0.0,1.0,158.0,15.0,2.0,0.018518518518518517
636,41.0,1.0,0.0,0.0,0.0,135.0,15.0,2.0,0.25925925925925924
637,8.0,1.0,0.0,0.0,1.0,249.0,21.0,2.0,0.07407407407407407
638,12.0,1.0,0.0,0.0,0.0,99.0,8.0,5.0,0.1111111111111111
639,24.0,1.0,0.0,0.0,1.0,253.0,19.0,5.0,0.018518518518518517
640,3.0,1.0,0.0,0.0,1.0,106.0,18.0,5.0,0.037037037037037035
641,2.0,1.0,0.0,0.0,0.0,99.0,19.0,5.0,0.0
642,3.0,1.0,0.0,0.0,0.0,116.0,19.0,5.0,0.0
643,3.0,1.0,0.0,0.0,1.0,130.0,22.0,5.0,0.018518518518518517
644,12.0,1.0,0.0,0.0,1.0,127.0,8.0,1.0,0.09259259259259259
645,8.0,1.0,0.0,0.0,1.0,244.0,9.0,3.0,0.037037037037037035
646,36.0,1.0,0.0,0.0,1.0,442.0,11.0,3.0,0.16666666666666666
647,5.0,1.0,0.0,0.0,0.0,174.0,5.0,6.0,0.037037037037037035
648,33.0,1.0,0.0,0.0,1.0,94.0,11.0,6.0,0.35185185185185186
649,3.0,1.0,0.0,0.0,0.0,153.0,15.0,1.0,0.037037037037037035
650,14.0,1.0,0.0,0.0,0.0,1152.0,22.0,1.0,0.018518518518518517
651,2.0,1.0,0.0,0.0,0.0,128.0,7.0,4.0,0.0
652,52.0,1.0,0.0,0.0,0.0,96.0,11.0,4.0,0.3148148148148148
653,1.0,1.0,0.0,0.0,0.0,158.0,22.0,0.0,0.0
654,1.0,1.0,0.0,0.0,0.0,353.0,22.0,0.0,0.0
655,1.0,1.0,0.0,0.0,0.0,340.0,22.0,0.0,0.0
656,11.0,1.0,0.0,0.0,0.0,340.0,22.0,0.0,0.09259259259259259
657,2.0,1.0,0.0,0.0,0.0,331.0,21.0,2.0,0.018518518518518517
658,5.0,1.0,0.0,0.0,0.0,212.0,10.0,5.0,0.018518518518518517
659,1.0,1.0,0.0,0.0,0.0,99.0,13.0,5.0,0.0
660,12.0,1.0,0.0,0.0,0.0,93.0,13.0,5.0,0.12962962962962962
661,15.0,1.0,0.0,0.0,0.0,315.0,20.0,5.0,0.07407407407407407
662,21.0,1.0,0.0,0.0,1.0,104.0,7.0,2.0,0.2037037037037037
663,20.0,1.0,0.0,0.0,0.0,299.0,22.0,3.0,0.16666666666666666
664,25.0,1.0,0.0,1.0,0.0,172.0,13.0,4.0,0.18518518518518517
665,3.0,1.0,0.0,0.0,0.0,93.0,20.0,4.0,0.018518518518518517
666,2.0,1.0,0.0,0.0,0.0,109.0,21.0,4.0,0.0
667,1.0,1.0,0.0,0.0,0.0,98.0,8.0,5.0,0.0
668,23.0,1.0,0.0,0.0,0.0,197.0,8.0,5.0,0.24074074074074073
669,3.0,1.0,0.0,0.0,0.0,193.0,18.0,6.0,0.018518518518518517
670,2.0,1.0,0.0,0.0,0.0,264.0,18.0,6.0,0.018518518518518517
671,1.0,1.0,0.0,0.0,0.0,430.0,22.0,6.0,0.0
672,2.0,1.0,0.0,0.0,0.0,117.0,9.0,0.0,0.018518518518518517
673,18.0,1.0,0.0,0.0,0.0,140.0,11.0,0.0,0.16666666666666666
674,1.0,1.0,0.0,0.0,0.0,98.0,15.0,1.0,0.0
675,2.0,1.0,0.0,0.0,0.0,221.0,21.0,1.0,0.018518518518518517
676,1.0,1.0,0.0,0.0,0.0,147.0,22.0,1.0,0.0
677,6.0,1.0,0.0,0.0,0.0,120.0,22.0,1.0,0.0
678,1.0,1.0,0.0,0.0,1.0,153.0,22.0,1.0,0.0
679,7.0,1.0,0.0,0.0,0.0,357.0,22.0,1.0,0.09259259259259259
680,32.0,1.0,0.0,0.0,1.0,118.0,9.0,2.0,0.14814814814814814
681,1.0,1.0,0.0,0.0,0.0,131.0,17.0,3.0,0.0
682,2.0,1.0,0.0,0.0,0.0,131.0,17.0,3.0,0.0
683,1.0,1.0,0.0,0.0,1.0,140.0,17.0,3.0,0.0
684,2.0,1.0,0.0,0.0,0.0,83.0,19.0,3.0,0.0
685,13.0,1.0,0.0,0.0,0.0,186.0,19.0,3.0,0.14814814814814814
686,3.0,1.0,0.0,0.0,0.0,240.0,8.0,5.0,0.0
687,47.0,1.0,0.0,0.0,0.0,175.0,9.0,5.0,0.4074074074074074
688,7.0,1.0,0.0,0.0,0.0,115.0,15.0,6.0,0.07407407407407407
689,7.0,2.0,1.0,0.0,0.0,0.0,15.0,1.0,0.16666666666666666
690,2.0,2.0,0.0,0.0,0.0,102.0,21.0,3.0,0.03333333333333333
691,3.0,2.0,0.0,0.0,0.0,124.0,7.0,4.0,0.06666666666666667
692,1.0,2.0,0.0,0.0,0.0,346.0,14.0,4.0,0.0
693,2.0,2.0,0.0,0.0,0.0,132.0,12.0,5.0,0.0
694,5.0,2.0,0.0,0.0,0.0,337.0,13.0,0.0,0.06666666666666667
695,16.0,2.0,0.0,0.0,0.0,301.0,14.0,4.0,0.1
696,11.0,2.0,0.0,0.0,1.0,199.0,22.0,0.0,0.26666666666666666
697,3.0,2.0,0.0,0.0,0.0,117.0,19.0,2.0,0.03333333333333333
698,1.0,2.0,0.0,0.0,0.0,271.0,15.0,5.0,0.0
699,2.0,2.0,0.0,0.0,0.0,263.0,15.0,5.0,0.03333333333333333
700,2.0,2.0,0.0,1.0,0.0,94.0,21.0,5.0,0.0
701,13.0,2.0,0.0,1.0,0.0,94.0,21.0,5.0,0.16666666666666666
702,1.0,2.0,0.0,0.0,0.0,408.0,19.0,1.0,0.0
703,3.0,2.0,0.0,0.0,0.0,658.0,19.0,1.0,0.03333333333333333
704,1.0,2.0,0.0,0.0,0.0,288.0,20.0,4.0,0.0
705,9.0,2.0,0.0,0.0,0.0,288.0,20.0,4.0,0.13333333333333333
706,1.0,2.0,0.0,0.0,0.0,355.0,19.0,4.0,0.0
707,3.0,2.0,0.0,0.0,0.0,218.0,20.0,4.0,0.03333333333333333
708,4.0,2.0,0.0,0.0,0.0,210.0,22.0,4.0,0.06666666666666667
709,3.0,2.0,0.0,0.0,0.0,527.0,19.0,5.0,0.06666666666666667
710,3.0,2.0,0.0,0.0,0.0,3179.0,20.0,6.0,0.03333333333333333
711,1.0,2.0,0.0,0.0,0.0,822.0,8.0,0.0,0.0
712,55.0,2.0,0.0,0.0,0.0,1758.0,8.0,0.0,0.5
713,40.0,2.0,0.0,0.0,0.0,527.0,22.0,0.0,0.4666666666666667
714,9.0,2.0,0.0,0.0,0.0,230.0,15.0,4.0,0.13333333333333333
715,1.0,2.0,0.0,0.0,1.0,114.0,11.0,6.0,0.0
716,7.0,2.0,0.0,0.0,0.0,469.0,15.0,6.0,0.13333333333333333
717,2.0,2.0,0.0,0.0,0.0,794.0,18.0,2.0,0.03333333333333333
718,5.0,2.0,0.0,0.0,0.0,759.0,19.0,3.0,0.1
719,1.0,2.0,0.0,0.0,0.0,342.0,15.0,5.0,0.0
720,3.0,2.0,0.0,0.0,0.0,341.0,19.0,5.0,0.06666666666666667
721,5.0,2.0,0.0,0.0,0.0,367.0,11.0,6.0,0.06666666666666667
722,8.0,3.0,0.0,0.0,1.0,17.0,4.0,3.0,0.1111111111111111
723,35.0,3.0,0.0,0.0,0.0,99.0,19.0,5.0,0.3333333333333333
724,8.0,3.0,0.0,0.0,1.0,91.0,10.0,5.0,0.1111111111111111
725,5.0,3.0,0.0,0.0,0.0,257.0,20.0,2.0,0.2222222222222222
726,4.0,3.0,0.0,0.0,0.0,98.0,13.0,5.0,0.1111111111111111
727,8.0,3.0,0.0,0.0,0.0,165.0,13.0,5.0,0.1111111111111111
728,4.0,3.0,0.0,0.0,1.0,90.0,13.0,5.0,0.1111111111111111
729,15.0,3.0,0.0,0.0,1.0,80.0,14.0,5.0,0.2222222222222222
730,33.0,3.0,0.0,0.0,1.0,108.0,15.0,5.0,0.4444444444444444
731,24.0,3.0,0.0,0.0,0.0,119.0,21.0,2.0,0.3333333333333333
732,20.0,3.0,0.0,0.0,0.0,82.0,17.0,2.0,0.3333333333333333
733,22.0,3.0,0.0,0.0,1.0,83.0,20.0,2.0,0.4444444444444444
734,50.0,3.0,0.0,0.0,0.0,92.0,11.0,4.0,0.4444444444444444
735,21.0,3.0,0.0,0.0,0.0,162.0,23.0,3.0,0.2222222222222222
736,9.0,3.0,0.0,0.0,0.0,194.0,14.0,6.0,0.0
737,27.0,3.0,0.0,0.0,0.0,134.0,16.0,5.0,0.3333333333333333
738,7.0,2.0,0.0,0.0,0.0,4.0,15.0,4.0,0.0
739,4.0,2.0,0.0,0.0,0.0,106.0,15.0,4.0,0.024096385542168676
740,12.0,2.0,0.0,0.0,0.0,175.0,15.0,4.0,0.04819277108433735
741,12.0,2.0,0.0,0.0,1.0,278.0,18.0,4.0,0.07228915662650602
742,1.0,2.0,0.0,0.0,0.0,132.0,21.0,4.0,0.0
743,18.0,2.0,0.0,0.0,0.0,138.0,21.0,4.0,0.08433734939759036
744,16.0,2.0,0.0,0.0,0.0,149.0,11.0,5.0,0.08433734939759036
745,65.0,2.0,0.0,0.0,0.0,128.0,22.0,5.0,0.18072289156626506
746,8.0,2.0,0.0,0.0,0.0,250.0,14.0,0.0,0.04819277108433735
747,14.0,2.0,0.0,0.0,0.0,211.0,14.0,0.0,0.024096385542168676
748,5.0,2.0,0.0,0.0,0.0,101.0,16.0,0.0,0.024096385542168676
749,1.0,2.0,0.0,0.0,0.0,117.0,16.0,0.0,0.0
750,2.0,2.0,0.0,0.0,0.0,111.0,16.0,0.0,0.0
751,53.0,2.0,0.0,0.0,0.0,114.0,18.0,0.0,0.1927710843373494
752,17.0,2.0,0.0,0.0,0.0,97.0,11.0,2.0,0.08433734939759036
753,8.0,2.0,0.0,0.0,0.0,116.0,15.0,2.0,0.04819277108433735
754,2.0,2.0,0.0,0.0,1.0,135.0,15.0,2.0,0.012048192771084338
755,61.0,2.0,0.0,0.0,0.0,131.0,15.0,2.0,0.26506024096385544
756,2.0,2.0,0.0,0.0,0.0,102.0,8.0,4.0,0.012048192771084338
757,32.0,2.0,0.0,0.0,0.0,103.0,9.0,4.0,0.14457831325301204
758,8.0,2.0,0.0,0.0,1.0,120.0,19.0,4.0,0.04819277108433735
759,32.0,2.0,0.0,0.0,0.0,189.0,20.0,4.0,0.08433734939759036
760,5.0,2.0,0.0,0.0,1.0,115.0,20.0,5.0,0.024096385542168676
761,11.0,2.0,0.0,0.0,0.0,89.0,20.0,5.0,0.03614457831325301
762,1.0,2.0,0.0,0.0,1.0,171.0,21.0,6.0,0.0
763,12.0,2.0,0.0,0.0,0.0,127.0,22.0,6.0,0.024096385542168676
764,2.0,2.0,0.0,0.0,1.0,149.0,14.0,0.0,0.012048192771084338
765,20.0,2.0,0.0,0.0,0.0,89.0,14.0,0.0,0.07228915662650602
766,2.0,2.0,0.0,0.0,1.0,119.0,19.0,0.0,0.012048192771084338
767,6.0,2.0,0.0,0.0,1.0,161.0,19.0,0.0,0.03614457831325301
768,2.0,2.0,0.0,0.0,0.0,107.0,19.0,0.0,0.012048192771084338
769,21.0,2.0,0.0,0.0,0.0,87.0,19.0,0.0,0.060240963855421686
770,18.0,2.0,0.0,0.0,0.0,89.0,20.0,0.0,0.07228915662650602
771,3.0,2.0,0.0,0.0,1.0,82.0,20.0,0.0,0.024096385542168676
772,5.0,2.0,0.0,1.0,0.0,152.0,20.0,0.0,0.024096385542168676
773,13.0,2.0,0.0,0.0,1.0,137.0,20.0,0.0,0.060240963855421686
774,4.0,2.0,0.0,0.0,0.0,147.0,21.0,0.0,0.024096385542168676
775,1.0,2.0,0.0,0.0,0.0,121.0,22.0,0.0,0.0
776,1.0,2.0,0.0,0.0,0.0,105.0,9.0,1.0,0.0
777,1.0,2.0,0.0,0.0,1.0,143.0,10.0,1.0,0.0
778,71.0,2.0,0.0,0.0,0.0,108.0,10.0,1.0,0.21686746987951808
779,4.0,2.0,0.0,0.0,0.0,191.0,20.0,3.0,0.012048192771084338
780,7.0,2.0,0.0,0.0,1.0,86.0,20.0,3.0,0.024096385542168676
781,16.0,2.0,0.0,0.0,0.0,143.0,11.0,4.0,0.12048192771084337
782,55.0,2.0,0.0,0.0,0.0,109.0,6.0,0.0,0.14457831325301204
783,27.0,2.0,0.0,0.0,0.0,135.0,20.0,1.0,0.0963855421686747
784,47.0,2.0,0.0,0.0,1.0,91.0,13.0,3.0,0.07228915662650602
785,1.0,2.0,0.0,0.0,0.0,168.0,18.0,4.0,0.0
786,6.0,2.0,0.0,0.0,0.0,96.0,18.0,4.0,0.03614457831325301
787,1.0,2.0,0.0,0.0,0.0,168.0,20.0,4.0,0.0
788,1.0,2.0,0.0,0.0,1.0,120.0,20.0,4.0,0.0
789,5.0,2.0,0.0,0.0,1.0,141.0,20.0,4.0,0.024096385542168676
790,60.0,2.0,0.0,0.0,0.0,168.0,20.0,4.0,0.1927710843373494
791,1.0,2.0,0.0,0.0,0.0,97.0,12.0,0.0,0.0
792,7.0,2.0,0.0,0.0,0.0,97.0,12.0,0.0,0.0
793,2.0,2.0,0.0,0.0,0.0,97.0,12.0,0.0,0.012048192771084338
794,9.0,2.0,0.0,0.0,0.0,109.0,13.0,0.0,0.024096385542168676
795,4.0,2.0,0.0,0.0,0.0,207.0,14.0,0.0,0.024096385542168676
796,50.0,2.0,0.0,0.0,0.0,105.0,15.0,0.0,0.10843373493975904
797,18.0,2.0,0.0,0.0,0.0,99.0,10.0,3.0,0.04819277108433735
798,5.0,2.0,0.0,0.0,0.0,144.0,14.0,3.0,0.012048192771084338
799,1.0,2.0,0.0,0.0,1.0,92.0,14.0,3.0,0.0
800,1.0,2.0,0.0,0.0,0.0,90.0,14.0,3.0,0.0
801,6.0,2.0,0.0,0.0,0.0,126.0,14.0,3.0,0.012048192771084338
802,18.0,2.0,0.0,0.0,0.0,170.0,14.0,3.0,0.04819277108433735
803,4.0,2.0,0.0,0.0,0.0,367.0,12.0,6.0,0.0
804,7.0,2.0,0.0,0.0,0.0,161.0,12.0,6.0,0.060240963855421686
805,5.0,2.0,0.0,0.0,0.0,100.0,13.0,0.0,0.012048192771084338
806,5.0,2.0,0.0,1.0,0.0,102.0,21.0,0.0,0.012048192771084338
807,4.0,2.0,0.0,0.0,0.0,238.0,9.0,1.0,0.012048192771084338
808,34.0,2.0,0.0,0.0,0.0,121.0,10.0,1.0,0.1566265060240964
809,16.0,2.0,0.0,0.0,0.0,165.0,12.0,2.0,0.060240963855421686
810,2.0,2.0,0.0,0.0,0.0,327.0,14.0,2.0,0.012048192771084338
811,7.0,2.0,0.0,0.0,1.0,97.0,14.0,2.0,0.04819277108433735
812,28.0,2.0,0.0,0.0,0.0,99.0,15.0,2.0,0.1927710843373494
813,29.0,2.0,0.0,0.0,1.0,104.0,9.0,3.0,0.13253012048192772
814,1.0,2.0,0.0,1.0,0.0,250.0,17.0,3.0,0.0
815,66.0,2.0,0.0,1.0,0.0,250.0,17.0,3.0,0.1927710843373494
816,57.0,2.0,0.0,0.0,0.0,163.0,13.0,1.0,0.14457831325301204
817,1.0,2.0,0.0,0.0,1.0,189.0,17.0,6.0,0.0
818,26.0,2.0,0.0,1.0,0.0,92.0,10.0,0.0,0.0963855421686747
819,3.0,2.0,0.0,0.0,0.0,81.0,13.0,1.0,0.024096385542168676
820,3.0,2.0,0.0,1.0,0.0,144.0,14.0,1.0,0.024096385542168676
821,8.0,2.0,0.0,0.0,0.0,105.0,19.0,1.0,0.07228915662650602
822,10.0,2.0,0.0,0.0,0.0,337.0,18.0,2.0,0.0963855421686747
823,13.0,2.0,0.0,0.0,0.0,197.0,14.0,3.0,0.08433734939759036
824,1.0,2.0,0.0,0.0,0.0,122.0,21.0,6.0,0.0
825,17.0,2.0,0.0,0.0,0.0,122.0,21.0,6.0,0.04819277108433735
826,2.0,2.0,0.0,0.0,0.0,1143.0,11.0,3.0,0.0
827,16.0,2.0,0.0,0.0,1.0,98.0,11.0,3.0,0.060240963855421686
828,12.0,2.0,0.0,0.0,1.0,331.0,12.0,3.0,0.060240963855421686
829,17.0,2.0,0.0,0.0,1.0,298.0,8.0,4.0,0.04819277108433735
830,8.0,2.0,0.0,0.0,0.0,224.0,11.0,0.0,0.03614457831325301
831,4.0,2.0,0.0,0.0,0.0,121.0,19.0,0.0,0.024096385542168676
832,14.0,2.0,0.0,0.0,1.0,88.0,19.0,0.0,0.0963855421686747
833,1.0,2.0,0.0,0.0,1.0,159.0,19.0,3.0,0.0
834,2.0,2.0,0.0,0.0,1.0,201.0,19.0,3.0,0.012048192771084338
835,1.0,2.0,0.0,0.0,0.0,83.0,20.0,3.0,0.0
836,7.0,2.0,0.0,0.0,0.0,81.0,20.0,3.0,0.03614457831325301
837,29.0,2.0,0.0,0.0,0.0,107.0,10.0,5.0,0.14457831325301204
838,7.0,2.0,0.0,0.0,0.0,110.0,12.0,1.0,0.03614457831325301
839,47.0,2.0,0.0,0.0,0.0,183.0,13.0,1.0,0.26506024096385544
840,5.0,2.0,0.0,0.0,1.0,319.0,15.0,1.0,0.03614457831325301
841,2.0,2.0,0.0,0.0,0.0,346.0,19.0,1.0,0.012048192771084338
842,1.0,2.0,0.0,0.0,1.0,111.0,19.0,1.0,0.0
843,4.0,2.0,0.0,0.0,0.0,142.0,19.0,1.0,0.03614457831325301
844,37.0,2.0,0.0,0.0,1.0,357.0,20.0,1.0,0.1566265060240964
845,9.0,2.0,0.0,0.0,1.0,100.0,12.0,2.0,0.060240963855421686
846,2.0,2.0,0.0,0.0,0.0,264.0,9.0,4.0,0.012048192771084338
847,31.0,2.0,0.0,0.0,1.0,85.0,9.0,4.0,0.12048192771084337
848,2.0,2.0,0.0,0.0,0.0,95.0,9.0,5.0,0.012048192771084338
849,3.0,2.0,0.0,0.0,0.0,105.0,11.0,0.0,0.024096385542168676
850,2.0,2.0,0.0,0.0,0.0,226.0,17.0,0.0,0.012048192771084338
851,1.0,2.0,0.0,0.0,0.0,149.0,17.0,0.0,0.0
852,34.0,2.0,0.0,0.0,0.0,86.0,17.0,0.0,0.0963855421686747
853,1.0,2.0,0.0,0.0,0.0,106.0,17.0,3.0,0.0
854,3.0,2.0,0.0,0.0,0.0,329.0,19.0,3.0,0.0
855,3.0,2.0,0.0,0.0,0.0,112.0,19.0,3.0,0.012048192771084338
856,7.0,2.0,0.0,0.0,0.0,158.0,19.0,3.0,0.012048192771084338
857,17.0,2.0,0.0,0.0,0.0,112.0,20.0,3.0,0.060240963855421686
858,39.0,2.0,0.0,0.0,1.0,130.0,21.0,3.0,0.1566265060240964
859,5.0,2.0,0.0,0.0,0.0,382.0,11.0,0.0,0.012048192771084338
860,14.0,2.0,0.0,0.0,0.0,302.0,12.0,0.0,0.10843373493975904
861,6.0,2.0,0.0,0.0,0.0,111.0,20.0,1.0,0.03614457831325301
862,5.0,2.0,0.0,0.0,0.0,111.0,12.0,2.0,0.03614457831325301
863,1.0,2.0,0.0,0.0,0.0,555.0,10.0,5.0,0.0
864,2.0,2.0,0.0,0.0,1.0,243.0,10.0,5.0,0.012048192771084338
865,41.0,2.0,0.0,0.0,0.0,127.0,11.0,5.0,0.21686746987951808
866,1.0,2.0,0.0,0.0,0.0,84.0,9.0,1.0,0.0
867,18.0,2.0,0.0,0.0,0.0,85.0,9.0,1.0,0.08433734939759036
868,48.0,2.0,0.0,0.0,0.0,122.0,20.0,1.0,0.1686746987951807
869,42.0,2.0,0.0,0.0,1.0,151.0,19.0,4.0,0.21686746987951808
870,2.0,2.0,0.0,0.0,0.0,160.0,13.0,2.0,0.012048192771084338
871,12.0,2.0,0.0,0.0,1.0,92.0,15.0,2.0,0.0963855421686747
872,1.0,2.0,0.0,0.0,1.0,135.0,21.0,2.0,0.0
873,2.0,2.0,0.0,0.0,0.0,161.0,21.0,2.0,0.012048192771084338
874,1.0,2.0,0.0,0.0,1.0,338.0,21.0,2.0,0.0
875,1.0,2.0,0.0,0.0,0.0,454.0,22.0,2.0,0.0
876,2.0,2.0,0.0,0.0,0.0,166.0,22.0,2.0,0.0
877,18.0,2.0,0.0,0.0,0.0,253.0,22.0,2.0,0.08433734939759036
878,13.0,2.0,0.0,0.0,0.0,218.0,19.0,0.0,0.0963855421686747
879,10.0,2.0,0.0,0.0,0.0,137.0,18.0,2.0,0.060240963855421686
880,1.0,2.0,0.0,0.0,0.0,139.0,21.0,2.0,0.0
881,25.0,2.0,0.0,0.0,0.0,88.0,21.0,2.0,0.10843373493975904
882,5.0,2.0,0.0,0.0,0.0,337.0,13.0,0.0,0.012048192771084338
883,6.0,2.0,0.0,0.0,0.0,119.0,16.0,0.0,0.03614457831325301
884,3.0,2.0,0.0,1.0,0.0,147.0,20.0,1.0,0.012048192771084338
885,2.0,2.0,0.0,0.0,0.0,147.0,20.0,1.0,0.012048192771084338
886,5.0,2.0,0.0,0.0,0.0,128.0,22.0,1.0,0.024096385542168676
887,2.0,2.0,0.0,0.0,0.0,90.0,12.0,2.0,0.012048192771084338
888,2.0,2.0,0.0,0.0,0.0,90.0,17.0,2.0,0.012048192771084338
889,23.0,2.0,0.0,0.0,0.0,90.0,17.0,2.0,0.14457831325301204
890,1.0,2.0,0.0,0.0,1.0,389.0,21.0,6.0,0.0
891,2.0,2.0,0.0,0.0,0.0,233.0,21.0,6.0,0.012048192771084338
892,8.0,2.0,0.0,0.0,0.0,97.0,21.0,6.0,0.024096385542168676
893,3.0,2.0,0.0,0.0,0.0,86.0,9.0,0.0,0.012048192771084338
894,1.0,2.0,0.0,0.0,0.0,110.0,10.0,0.0,0.0
895,4.0,2.0,0.0,0.0,0.0,235.0,10.0,0.0,0.012048192771084338
896,1.0,2.0,0.0,0.0,0.0,82.0,11.0,0.0,0.0
897,20.0,2.0,0.0,0.0,0.0,168.0,12.0,0.0,0.10843373493975904
898,1.0,2.0,0.0,0.0,1.0,239.0,18.0,3.0,0.0
899,3.0,2.0,0.0,0.0,0.0,146.0,18.0,3.0,0.024096385542168676
900,12.0,2.0,0.0,1.0,0.0,94.0,21.0,3.0,0.07228915662650602
901,1.0,2.0,0.0,0.0,1.0,83.0,8.0,4.0,0.0
902,11.0,2.0,0.0,0.0,0.0,185.0,9.0,4.0,0.0963855421686747
903,3.0,2.0,0.0,0.0,1.0,241.0,21.0,4.0,0.024096385542168676
904,3.0,2.0,0.0,0.0,0.0,98.0,8.0,5.0,0.024096385542168676
905,9.0,2.0,0.0,0.0,1.0,175.0,15.0,5.0,0.08433734939759036
906,35.0,2.0,0.0,0.0,1.0,84.0,21.0,1.0,0.1566265060240964
907,3.0,2.0,0.0,0.0,1.0,77.0,18.0,3.0,0.024096385542168676
908,6.0,2.0,0.0,0.0,0.0,193.0,16.0,4.0,0.024096385542168676
909,6.0,2.0,0.0,0.0,1.0,109.0,19.0,0.0,0.03614457831325301
910,7.0,2.0,0.0,0.0,1.0,208.0,22.0,1.0,0.04819277108433735
911,12.0,3.0,0.0,0.0,1.0,17.0,4.0,3.0,0.1
912,76.0,3.0,0.0,0.0,1.0,99.0,17.0,3.0,0.2
913,11.0,3.0,0.0,0.0,0.0,105.0,15.0,5.0,0.1
914,6.0,3.0,0.0,0.0,1.0,89.0,20.0,2.0,0.1
915,28.0,3.0,0.0,0.0,0.0,101.0,20.0,2.0,0.2
916,26.0,3.0,0.0,0.0,0.0,264.0,18.0,2.0,0.2
917,26.0,3.0,0.0,0.0,0.0,176.0,21.0,2.0,0.2
918,1.0,3.0,0.0,0.0,0.0,156.0,21.0,2.0,0.0
919,2.0,3.0,0.0,0.0,1.0,89.0,21.0,2.0,0.0
920,6.0,3.0,0.0,0.0,0.0,202.0,21.0,2.0,0.1
921,47.0,3.0,0.0,0.0,0.0,139.0,21.0,2.0,0.2
922,19.0,3.0,0.0,0.0,0.0,84.0,23.0,3.0,0.3
923,19.0,3.0,0.0,0.0,0.0,83.0,16.0,2.0,0.3
924,1.0,3.0,0.0,0.0,0.0,209.0,11.0,3.0,0.0
925,17.0,3.0,0.0,0.0,0.0,88.0,11.0,3.0,0.3
926,10.0,3.0,0.0,0.0,1.0,85.0,11.0,4.0,0.2
927,4.0,3.0,0.0,0.0,0.0,86.0,15.0,4.0,0.1
928,30.0,3.0,0.0,0.0,1.0,92.0,15.0,4.0,0.4
929,4.0,3.0,0.0,0.0,0.0,150.0,22.0,2.0,0.1
930,2.0,3.0,0.0,0.0,0.0,94.0,22.0,2.0,0.0
931,44.0,3.0,0.0,0.0,1.0,74.0,22.0,2.0,0.4
932,1.0,3.0,0.0,0.0,1.0,318.0,23.0,4.0,0.0
933,12.0,3.0,0.0,0.0,1.0,230.0,23.0,4.0,0.3
934,15.0,3.0,0.0,0.0,0.0,114.0,20.0,3.0,0.3
935,5.0,3.0,0.0,0.0,0.0,88.0,13.0,2.0,0.2
936,59.0,3.0,0.0,0.0,0.0,118.0,14.0,2.0,0.6
937,2.0,3.0,0.0,0.0,0.0,301.0,19.0,3.0,0.0
938,4.0,3.0,0.0,0.0,0.0,93.0,19.0,3.0,0.2
939,6.0,3.0,0.0,0.0,0.0,98.0,19.0,3.0,0.2
940,25.0,3.0,0.0,0.0,0.0,108.0,20.0,3.0,0.3
941,21.0,3.0,0.0,0.0,0.0,134.0,16.0,5.0,0.4
942,45.0,3.0,0.0,0.0,0.0,193.0,0.0,3.0,0.6
943,44.0,3.0,0.0,0.0,0.0,129.0,18.0,2.0,0.4
944,1.0,2.0,0.0,0.0,0.0,95.0,17.0,1.0,0.0
945,43.0,2.0,0.0,0.0,0.0,123.0,17.0,1.0,0.19607843137254902
946,86.0,2.0,0.0,0.0,0.0,109.0,21.0,2.0,0.3137254901960784
947,5.0,2.0,0.0,0.0,0.0,199.0,10.0,4.0,0.0784313725490196
948,6.0,2.0,0.0,0.0,0.0,221.0,12.0,4.0,0.0784313725490196
949,6.0,2.0,0.0,0.0,1.0,183.0,15.0,4.0,0.0392156862745098
950,4.0,2.0,0.0,0.0,0.0,99.0,17.0,0.0,0.0196078431372549
951,1.0,2.0,0.0,0.0,1.0,125.0,17.0,0.0,0.0
952,11.0,2.0,0.0,0.0,0.0,97.0,17.0,0.0,0.0784313725490196
953,4.0,2.0,0.0,0.0,0.0,108.0,10.0,5.0,0.058823529411764705
954,6.0,2.0,0.0,0.0,1.0,143.0,12.0,5.0,0.058823529411764705
955,2.0,2.0,0.0,0.0,0.0,189.0,12.0,1.0,0.0
956,2.0,2.0,0.0,0.0,1.0,458.0,12.0,1.0,0.0
957,2.0,2.0,0.0,0.0,0.0,172.0,12.0,1.0,0.0196078431372549
958,6.0,2.0,0.0,0.0,0.0,225.0,15.0,3.0,0.058823529411764705
959,1.0,2.0,0.0,0.0,0.0,125.0,10.0,5.0,0.0
960,2.0,2.0,0.0,0.0,0.0,133.0,14.0,6.0,0.0
961,1.0,2.0,0.0,0.0,0.0,168.0,22.0,6.0,0.0
962,8.0,2.0,0.0,0.0,1.0,130.0,9.0,1.0,0.0784313725490196
963,1.0,2.0,0.0,1.0,0.0,241.0,11.0,0.0,0.0
964,23.0,2.0,0.0,0.0,0.0,219.0,22.0,1.0,0.0392156862745098
965,3.0,2.0,0.0,1.0,0.0,118.0,6.0,3.0,0.0196078431372549
966,24.0,2.0,0.0,0.0,0.0,133.0,9.0,3.0,0.0392156862745098
967,3.0,2.0,0.0,0.0,0.0,186.0,10.0,5.0,0.0
968,3.0,2.0,0.0,0.0,0.0,98.0,7.0,6.0,0.0
969,9.0,2.0,0.0,0.0,0.0,83.0,22.0,6.0,0.0196078431372549
970,11.0,2.0,0.0,0.0,0.0,169.0,11.0,6.0,0.0784313725490196
971,3.0,2.0,0.0,0.0,1.0,147.0,22.0,2.0,0.0196078431372549
972,7.0,2.0,0.0,0.0,0.0,97.0,22.0,2.0,0.058823529411764705
973,2.0,2.0,0.0,1.0,0.0,159.0,12.0,5.0,0.0
974,2.0,2.0,0.0,1.0,0.0,218.0,16.0,5.0,0.0196078431372549
975,3.0,2.0,0.0,0.0,0.0,152.0,16.0,5.0,0.0196078431372549
976,2.0,2.0,0.0,1.0,0.0,179.0,21.0,1.0,0.0196078431372549
977,13.0,2.0,0.0,0.0,0.0,297.0,9.0,4.0,0.0392156862745098
978,2.0,2.0,0.0,0.0,0.0,198.0,16.0,2.0,0.0
979,46.0,2.0,0.0,0.0,0.0,428.0,6.0,4.0,0.11764705882352941
980,16.0,2.0,0.0,0.0,0.0,214.0,20.0,2.0,0.058823529411764705
981,17.0,2.0,0.0,0.0,0.0,177.0,20.0,5.0,0.058823529411764705
982,3.0,2.0,0.0,0.0,0.0,88.0,10.0,5.0,0.0196078431372549
983,18.0,2.0,0.0,0.0,1.0,106.0,5.0,3.0,0.0784313725490196
984,68.0,2.0,0.0,0.0,1.0,106.0,6.0,6.0,0.0392156862745098
985,93.0,2.0,0.0,0.0,0.0,155.0,6.0,5.0,0.0784313725490196
986,1.0,2.0,0.0,0.0,0.0,286.0,6.0,3.0,0.0
987,1.0,2.0,0.0,0.0,0.0,122.0,6.0,3.0,0.0
988,9.0,2.0,0.0,0.0,1.0,162.0,6.0,3.0,0.0196078431372549
989,45.0,2.0,0.0,0.0,0.0,175.0,5.0,4.0,0.0392156862745098
990,1.0,2.0,0.0,0.0,0.0,145.0,10.0,4.0,0.0
991,38.0,2.0,0.0,0.0,0.0,130.0,10.0,4.0,0.0392156862745098
992,4.0,2.0,0.0,0.0,0.0,122.0,7.0,3.0,0.0392156862745098
993,34.0,2.0,0.0,1.0,0.0,119.0,21.0,3.0,0.0392156862745098
994,3.0,2.0,0.0,0.0,0.0,96.0,14.0,4.0,0.0
995,3.0,2.0,0.0,0.0,0.0,96.0,15.0,4.0,0.0392156862745098
996,6.0,2.0,0.0,0.0,1.0,112.0,20.0,4.0,0.0196078431372549
997,26.0,2.0,0.0,0.0,1.0,291.0,5.0,5.0,0.0392156862745098
998,54.0,2.0,0.0,0.0,0.0,352.0,5.0,0.0,0.0392156862745098
999,84.0,2.0,0.0,0.0,0.0,527.0,5.0,3.0,0.11764705882352941
1000,11.0,2.0,0.0,0.0,0.0,174.0,6.0,4.0,0.0
1001,7.0,2.0,0.0,0.0,1.0,105.0,21.0,5.0,0.0
1002,33.0,2.0,0.0,0.0,1.0,470.0,6.0,6.0,0.0196078431372549
1003,1.0,2.0,0.0,0.0,0.0,526.0,19.0,0.0,0.0
1004,3.0,2.0,0.0,0.0,0.0,151.0,19.0,0.0,0.0196078431372549
1005,12.0,2.0,0.0,0.0,0.0,82.0,21.0,0.0,0.0392156862745098
1006,19.0,2.0,0.0,0.0,1.0,339.0,21.0,1.0,0.09803921568627451
1007,18.0,2.0,0.0,0.0,0.0,88.0,8.0,5.0,0.0196078431372549
1008,30.0,2.0,0.0,0.0,1.0,233.0,5.0,1.0,0.0
1009,7.0,2.0,0.0,0.0,0.0,99.0,18.0,3.0,0.0392156862745098
1010,8.0,2.0,0.0,0.0,0.0,112.0,22.0,3.0,0.0392156862745098
1011,1.0,2.0,0.0,0.0,0.0,137.0,5.0,1.0,0.0
1012,17.0,2.0,0.0,0.0,1.0,322.0,5.0,1.0,0.0
1013,2.0,2.0,0.0,0.0,0.0,105.0,5.0,1.0,0.0
1014,3.0,2.0,0.0,0.0,1.0,186.0,21.0,1.0,0.0
1015,1.0,2.0,0.0,1.0,0.0,152.0,22.0,1.0,0.0
1016,7.0,2.0,0.0,1.0,0.0,152.0,22.0,1.0,0.0196078431372549
1017,6.0,2.0,0.0,0.0,0.0,174.0,20.0,4.0,0.0
1018,1.0,2.0,0.0,0.0,0.0,275.0,12.0,0.0,0.0
1019,4.0,2.0,0.0,0.0,1.0,217.0,12.0,0.0,0.0196078431372549
1020,40.0,2.0,0.0,0.0,1.0,233.0,5.0,2.0,0.0196078431372549
1021,18.0,2.0,0.0,0.0,0.0,112.0,18.0,0.0,0.0196078431372549
1022,23.0,2.0,0.0,0.0,0.0,201.0,5.0,1.0,0.0392156862745098
1023,11.0,2.0,0.0,0.0,0.0,145.0,20.0,1.0,0.0392156862745098
1024,4.0,2.0,0.0,0.0,0.0,82.0,5.0,2.0,0.0
1025,3.0,2.0,0.0,0.0,1.0,81.0,8.0,2.0,0.0392156862745098
1026,5.0,2.0,0.0,0.0,0.0,93.0,5.0,3.0,0.0
1027,15.0,2.0,0.0,0.0,1.0,97.0,5.0,4.0,0.0196078431372549
1028,53.0,2.0,0.0,0.0,0.0,236.0,6.0,6.0,0.0196078431372549
1029,6.0,2.0,0.0,0.0,1.0,131.0,21.0,1.0,0.0196078431372549
1030,1.0,2.0,0.0,0.0,0.0,157.0,21.0,2.0,0.0
1031,53.0,2.0,0.0,0.0,1.0,103.0,21.0,2.0,0.0392156862745098
1032,2.0,2.0,0.0,0.0,1.0,357.0,6.0,6.0,0.0
1033,21.0,2.0,0.0,0.0,1.0,159.0,6.0,6.0,0.0196078431372549
1034,4.0,2.0,0.0,0.0,0.0,1056.0,22.0,1.0,0.0
1035,1.0,2.0,0.0,0.0,0.0,179.0,6.0,2.0,0.0
1036,22.0,2.0,0.0,0.0,0.0,252.0,7.0,3.0,0.11764705882352941
1037,95.0,2.0,0.0,0.0,0.0,231.0,10.0,3.0,0.0196078431372549
1038,11.0,2.0,0.0,0.0,0.0,161.0,5.0,6.0,0.0
1039,2.0,2.0,0.0,0.0,0.0,218.0,22.0,6.0,0.0
1040,85.0,2.0,0.0,0.0,0.0,182.0,22.0,6.0,0.09803921568627451
1041,25.0,2.0,0.0,0.0,0.0,266.0,21.0,5.0,0.058823529411764705
1042,131.0,2.0,0.0,0.0,1.0,195.0,18.0,6.0,0.09803921568627451
1043,2.0,2.0,0.0,0.0,1.0,104.0,6.0,6.0,0.0
1044,82.0,2.0,0.0,0.0,0.0,159.0,6.0,6.0,0.0392156862745098
1045,13.0,2.0,0.0,0.0,0.0,97.0,20.0,5.0,0.0196078431372549
1046,97.0,2.0,0.0,0.0,0.0,238.0,6.0,6.0,0.17647058823529413
1047,1.0,2.0,0.0,0.0,1.0,127.0,5.0,3.0,0.0
1048,4.0,2.0,0.0,0.0,0.0,101.0,5.0,3.0,0.0
1049,16.0,2.0,0.0,0.0,1.0,220.0,6.0,3.0,0.0784313725490196
1050,8.0,2.0,0.0,0.0,0.0,102.0,22.0,3.0,0.0196078431372549
1051,1.0,2.0,0.0,0.0,1.0,100.0,6.0,6.0,0.0
1052,9.0,2.0,0.0,0.0,1.0,131.0,6.0,6.0,0.0
1053,22.0,2.0,0.0,0.0,0.0,159.0,6.0,1.0,0.0196078431372549
1054,20.0,2.0,0.0,0.0,0.0,133.0,23.0,1.0,0.0392156862745098
1055,7.0,2.0,0.0,0.0,0.0,83.0,13.0,6.0,0.0
1056,10.0,2.0,0.0,0.0,1.0,160.0,16.0,6.0,0.0196078431372549
1057,16.0,2.0,0.0,0.0,0.0,162.0,21.0,6.0,0.058823529411764705
1058,34.0,2.0,0.0,0.0,1.0,108.0,8.0,2.0,0.0392156862745098
1059,39.0,2.0,0.0,0.0,0.0,277.0,23.0,2.0,0.0392156862745098
1060,6.0,2.0,0.0,0.0,1.0,95.0,22.0,5.0,0.0
1061,6.0,2.0,0.0,0.0,0.0,290.0,22.0,5.0,0.0392156862745098
1062,14.0,2.0,0.0,0.0,1.0,278.0,9.0,0.0,0.0
1063,2.0,2.0,0.0,0.0,1.0,243.0,17.0,0.0,0.0196078431372549
1064,31.0,2.0,0.0,0.0,0.0,320.0,22.0,0.0,0.0196078431372549
1065,45.0,2.0,0.0,0.0,0.0,416.0,23.0,3.0,0.0392156862745098
1066,18.0,2.0,0.0,0.0,0.0,283.0,14.0,5.0,0.0784313725490196
1067,74.0,2.0,0.0,0.0,1.0,217.0,17.0,6.0,0.13725490196078433
1068,1.0,2.0,0.0,0.0,0.0,92.0,19.0,2.0,0.0
1069,4.0,2.0,0.0,0.0,0.0,106.0,20.0,2.0,0.0196078431372549
1070,12.0,2.0,0.0,0.0,0.0,92.0,23.0,2.0,0.0392156862745098
1071,3.0,2.0,0.0,0.0,1.0,81.0,13.0,3.0,0.0
1072,19.0,2.0,0.0,0.0,0.0,142.0,13.0,3.0,0.0392156862745098
1073,9.0,2.0,0.0,0.0,0.0,85.0,9.0,4.0,0.0
1074,7.0,2.0,0.0,0.0,0.0,84.0,15.0,4.0,0.0
1075,10.0,2.0,0.0,0.0,0.0,270.0,18.0,4.0,0.0
1076,6.0,2.0,0.0,0.0,0.0,109.0,7.0,6.0,0.0
1077,32.0,2.0,0.0,0.0,0.0,132.0,5.0,0.0,0.0392156862745098
1078,12.0,2.0,0.0,0.0,0.0,298.0,17.0,1.0,0.0196078431372549
1079,1.0,2.0,0.0,0.0,1.0,94.0,23.0,2.0,0.0
1080,1.0,2.0,0.0,0.0,1.0,104.0,23.0,2.0,0.0
1081,7.0,2.0,0.0,0.0,1.0,98.0,23.0,2.0,0.0
1082,2.0,2.0,0.0,0.0,0.0,140.0,6.0,3.0,0.0
1083,39.0,2.0,0.0,0.0,0.0,161.0,6.0,3.0,0.11764705882352941
1084,4.0,2.0,0.0,0.0,0.0,301.0,21.0,6.0,0.0196078431372549
1085,20.0,2.0,0.0,0.0,0.0,96.0,23.0,6.0,0.0196078431372549
1086,1.0,2.0,0.0,0.0,0.0,371.0,22.0,0.0,0.0
1087,3.0,2.0,0.0,0.0,0.0,205.0,6.0,1.0,0.0
1088,27.0,2.0,0.0,0.0,0.0,84.0,6.0,1.0,0.0
1089,8.0,2.0,0.0,0.0,0.0,184.0,18.0,1.0,0.0196078431372549
1090,11.0,2.0,0.0,0.0,0.0,130.0,19.0,1.0,0.0196078431372549
1091,3.0,2.0,0.0,0.0,0.0,129.0,21.0,1.0,0.0
1092,15.0,2.0,0.0,0.0,0.0,537.0,21.0,1.0,0.0
1093,2.0,2.0,0.0,0.0,0.0,304.0,21.0,1.0,0.0
1094,23.0,2.0,0.0,0.0,0.0,129.0,21.0,1.0,0.0392156862745098
1095,2.0,2.0,0.0,1.0,0.0,100.0,8.0,2.0,0.0
1096,41.0,2.0,0.0,1.0,0.0,94.0,8.0,2.0,0.0196078431372549
1097,26.0,2.0,0.0,0.0,0.0,646.0,18.0,2.0,0.058823529411764705
1098,1.0,2.0,0.0,0.0,0.0,260.0,20.0,1.0,0.0
1099,5.0,2.0,0.0,0.0,0.0,92.0,20.0,1.0,0.0196078431372549
1100,5.0,2.0,0.0,0.0,1.0,217.0,5.0,4.0,0.0196078431372549
1101,22.0,2.0,0.0,0.0,0.0,127.0,8.0,4.0,0.0196078431372549
1102,30.0,2.0,0.0,0.0,0.0,271.0,8.0,4.0,0.0196078431372549
1103,2.0,2.0,0.0,0.0,0.0,195.0,20.0,0.0,0.0
1104,1.0,2.0,0.0,0.0,0.0,129.0,20.0,0.0,0.0
1105,30.0,2.0,0.0,0.0,0.0,176.0,20.0,0.0,0.0196078431372549
1106,12.0,2.0,0.0,0.0,1.0,78.0,7.0,2.0,0.0392156862745098
1107,7.0,2.0,0.0,0.0,0.0,135.0,10.0,5.0,0.0392156862745098
1108,31.0,2.0,0.0,0.0,1.0,90.0,17.0,5.0,0.0392156862745098
1109,3.0,2.0,0.0,0.0,0.0,371.0,6.0,0.0,0.0196078431372549
1110,1.0,2.0,0.0,0.0,1.0,77.0,8.0,0.0,0.0
1111,27.0,2.0,0.0,0.0,1.0,109.0,8.0,0.0,0.0
1112,1.0,2.0,0.0,0.0,0.0,406.0,20.0,0.0,0.0
1113,3.0,2.0,0.0,0.0,1.0,109.0,20.0,0.0,0.0
1114,4.0,2.0,0.0,0.0,0.0,113.0,8.0,3.0,0.0
1115,5.0,2.0,0.0,0.0,0.0,248.0,8.0,3.0,0.0
1116,9.0,2.0,0.0,0.0,0.0,352.0,8.0,3.0,0.0
1117,10.0,2.0,0.0,0.0,1.0,139.0,8.0,3.0,0.0
1118,25.0,2.0,0.0,0.0,0.0,234.0,22.0,3.0,0.0784313725490196
1119,30.0,2.0,0.0,0.0,0.0,108.0,18.0,4.0,0.058823529411764705
1120,8.0,2.0,0.0,0.0,0.0,120.0,18.0,1.0,0.0
1121,10.0,2.0,0.0,0.0,1.0,128.0,18.0,2.0,0.0392156862745098
1122,28.0,2.0,0.0,0.0,0.0,179.0,6.0,4.0,0.0196078431372549
1123,1.0,2.0,0.0,0.0,0.0,128.0,9.0,4.0,0.0
1124,1.0,2.0,0.0,0.0,1.0,160.0,9.0,4.0,0.0
1125,35.0,2.0,0.0,0.0,0.0,175.0,9.0,4.0,0.0196078431372549
1126,1.0,2.0,0.0,0.0,0.0,85.0,6.0,5.0,0.0
1127,4.0,2.0,0.0,0.0,1.0,89.0,6.0,5.0,0.0196078431372549
1128,1.0,2.0,0.0,0.0,1.0,171.0,22.0,5.0,0.0
1129,1.0,2.0,0.0,0.0,1.0,157.0,22.0,5.0,0.0
1130,2.0,2.0,0.0,0.0,1.0,145.0,22.0,5.0,0.0
1131,11.0,2.0,0.0,0.0,1.0,112.0,22.0,5.0,0.0
1132,13.0,2.0,0.0,0.0,0.0,338.0,7.0,6.0,0.0784313725490196
1133,4.0,2.0,0.0,0.0,0.0,141.0,21.0,0.0,0.0392156862745098
1134,13.0,2.0,0.0,0.0,0.0,133.0,8.0,1.0,0.0784313725490196
1135,1.0,2.0,0.0,0.0,0.0,339.0,17.0,2.0,0.0
1136,33.0,2.0,0.0,0.0,1.0,217.0,22.0,2.0,0.0784313725490196
1137,1.0,2.0,0.0,0.0,0.0,179.0,5.0,5.0,0.0
1138,3.0,2.0,0.0,0.0,0.0,243.0,5.0,5.0,0.0196078431372549
1139,7.0,2.0,0.0,0.0,0.0,106.0,6.0,5.0,0.0196078431372549
1140,33.0,2.0,0.0,0.0,0.0,301.0,14.0,5.0,0.0392156862745098
1141,86.0,2.0,0.0,0.0,1.0,204.0,20.0,0.0,0.17647058823529413
1142,12.0,2.0,0.0,0.0,0.0,105.0,8.0,5.0,0.0392156862745098
1143,2.0,2.0,0.0,0.0,0.0,143.0,20.0,1.0,0.0
1144,16.0,2.0,0.0,0.0,1.0,113.0,22.0,1.0,0.0392156862745098
1145,9.0,2.0,0.0,0.0,0.0,120.0,6.0,6.0,0.0
1146,3.0,2.0,0.0,0.0,1.0,127.0,8.0,6.0,0.0
1147,1.0,2.0,0.0,0.0,0.0,132.0,9.0,6.0,0.0
1148,8.0,2.0,0.0,0.0,1.0,113.0,9.0,6.0,0.0
1149,30.0,2.0,0.0,0.0,0.0,96.0,5.0,1.0,0.0196078431372549
1150,8.0,2.0,0.0,0.0,0.0,179.0,5.0,0.0,0.0196078431372549
1151,2.0,2.0,0.0,0.0,1.0,227.0,5.0,5.0,0.0
1152,1.0,2.0,0.0,0.0,1.0,227.0,7.0,5.0,0.0
1153,1.0,2.0,0.0,0.0,1.0,80.0,7.0,5.0,0.0
1154,12.0,2.0,0.0,0.0,0.0,84.0,7.0,5.0,0.0
1155,34.0,2.0,0.0,0.0,1.0,80.0,7.0,5.0,0.0196078431372549
1156,4.0,2.0,0.0,0.0,1.0,157.0,23.0,5.0,0.0
1157,2.0,2.0,0.0,0.0,0.0,129.0,8.0,0.0,0.0
1158,10.0,2.0,0.0,0.0,0.0,151.0,8.0,0.0,0.0
1159,5.0,2.0,0.0,0.0,0.0,151.0,9.0,1.0,0.0
1160,72.0,2.0,0.0,0.0,0.0,123.0,9.0,1.0,0.0392156862745098
1161,26.0,2.0,0.0,0.0,0.0,201.0,6.0,4.0,0.0784313725490196
1162,1.0,2.0,0.0,0.0,1.0,195.0,23.0,5.0,0.0
1163,19.0,2.0,0.0,0.0,1.0,193.0,23.0,5.0,0.0196078431372549
1164,25.0,2.0,0.0,0.0,0.0,160.0,9.0,6.0,0.0196078431372549
1165,2.0,2.0,0.0,0.0,0.0,151.0,5.0,1.0,0.0
1166,1.0,2.0,0.0,1.0,1.0,443.0,17.0,1.0,0.0
1167,32.0,2.0,0.0,1.0,0.0,145.0,17.0,1.0,0.0392156862745098
1168,1.0,2.0,0.0,0.0,0.0,84.0,11.0,2.0,0.0
1169,1.0,2.0,0.0,1.0,0.0,397.0,18.0,2.0,0.0
1170,6.0,2.0,0.0,1.0,0.0,145.0,18.0,2.0,0.0392156862745098
1171,2.0,2.0,0.0,0.0,0.0,88.0,8.0,3.0,0.0
1172,4.0,2.0,0.0,0.0,1.0,182.0,17.0,3.0,0.0196078431372549
1173,42.0,2.0,0.0,0.0,0.0,84.0,22.0,3.0,0.0392156862745098
1174,10.0,2.0,0.0,0.0,1.0,136.0,7.0,5.0,0.0196078431372549
1175,1.0,2.0,0.0,0.0,0.0,529.0,5.0,6.0,0.0
1176,18.0,2.0,0.0,0.0,1.0,110.0,5.0,6.0,0.0196078431372549
1177,25.0,2.0,0.0,0.0,0.0,166.0,11.0,0.0,0.0392156862745098
1178,8.0,2.0,0.0,0.0,0.0,358.0,15.0,3.0,0.0196078431372549
1179,1.0,2.0,0.0,0.0,0.0,1122.0,4.0,4.0,0.0
1180,5.0,2.0,0.0,0.0,0.0,120.0,4.0,4.0,0.0
1181,7.0,2.0,0.0,0.0,0.0,2968.0,5.0,4.0,0.0392156862745098
1182,1.0,2.0,0.0,0.0,0.0,96.0,18.0,4.0,0.0
1183,14.0,2.0,0.0,0.0,1.0,192.0,18.0,4.0,0.0
1184,60.0,2.0,0.0,0.0,0.0,742.0,23.0,4.0,0.0196078431372549
1185,7.0,2.0,0.0,0.0,1.0,234.0,18.0,3.0,0.0196078431372549
1186,13.0,2.0,0.0,0.0,0.0,146.0,17.0,6.0,0.0392156862745098
1187,3.0,2.0,0.0,0.0,0.0,86.0,17.0,6.0,0.0
1188,38.0,2.0,0.0,0.0,0.0,86.0,21.0,6.0,0.0784313725490196
1189,7.0,2.0,0.0,0.0,1.0,107.0,7.0,0.0,0.0196078431372549
1190,65.0,2.0,0.0,0.0,0.0,297.0,9.0,2.0,0.0196078431372549
1191,2.0,2.0,0.0,0.0,1.0,154.0,17.0,2.0,0.0
1192,30.0,2.0,0.0,0.0,0.0,164.0,20.0,2.0,0.0392156862745098
1193,6.0,2.0,0.0,0.0,0.0,226.0,20.0,1.0,0.0
1194,15.0,2.0,0.0,0.0,0.0,226.0,20.0,1.0,0.0196078431372549
1195,1.0,2.0,0.0,0.0,0.0,2968.0,6.0,1.0,0.0
1196,5.0,2.0,0.0,0.0,0.0,84.0,6.0,1.0,0.0196078431372549
1197,1.0,2.0,0.0,0.0,0.0,224.0,14.0,1.0,0.0
1198,25.0,2.0,0.0,0.0,0.0,242.0,21.0,1.0,0.0784313725490196
1199,40.0,2.0,0.0,0.0,0.0,105.0,9.0,5.0,0.0196078431372549
1200,64.0,2.0,0.0,0.0,0.0,141.0,6.0,2.0,0.09803921568627451
1201,3.0,2.0,0.0,0.0,0.0,102.0,10.0,6.0,0.0
1202,9.0,2.0,0.0,0.0,0.0,102.0,18.0,6.0,0.0784313725490196
1203,7.0,2.0,0.0,0.0,0.0,166.0,13.0,3.0,0.058823529411764705
1204,7.0,2.0,0.0,0.0,1.0,117.0,22.0,6.0,0.0784313725490196
1205,46.0,2.0,0.0,0.0,1.0,168.0,5.0,5.0,0.0784313725490196
1206,13.0,2.0,0.0,0.0,1.0,168.0,5.0,3.0,0.11764705882352941
1207,5.0,2.0,0.0,0.0,0.0,98.0,10.0,2.0,0.0392156862745098
1208,2.0,2.0,0.0,0.0,0.0,337.0,13.0,0.0,0.0196078431372549
1209,6.0,2.0,0.0,0.0,0.0,113.0,5.0,2.0,0.0
1210,14.0,2.0,0.0,0.0,0.0,175.0,15.0,1.0,0.0392156862745098
1211,7.0,2.0,0.0,1.0,0.0,108.0,5.0,0.0,0.0784313725490196
1212,15.0,2.0,0.0,0.0,0.0,181.0,6.0,2.0,0.13725490196078433
1213,5.0,2.0,0.0,1.0,0.0,94.0,21.0,5.0,0.0392156862745098
1214,18.0,2.0,0.0,0.0,0.0,104.0,19.0,0.0,0.058823529411764705
1215,1.0,2.0,0.0,0.0,0.0,128.0,17.0,6.0,0.0
1216,24.0,2.0,0.0,0.0,0.0,110.0,17.0,6.0,0.0196078431372549
1217,27.0,2.0,0.0,1.0,0.0,112.0,15.0,4.0,0.0784313725490196
1218,7.0,2.0,0.0,0.0,0.0,98.0,22.0,3.0,0.058823529411764705
1219,50.0,2.0,0.0,0.0,0.0,96.0,7.0,0.0,0.17647058823529413
1220,26.0,2.0,0.0,0.0,0.0,412.0,9.0,3.0,0.11764705882352941
1221,13.0,2.0,0.0,0.0,0.0,230.0,19.0,5.0,0.058823529411764705
1222,8.0,2.0,0.0,0.0,0.0,264.0,13.0,6.0,0.0784313725490196
1223,17.0,1.0,0.0,0.0,1.0,18.0,20.0,4.0,0.4666666666666667
1224,11.0,1.0,0.0,0.0,0.0,83.0,20.0,2.0,0.4666666666666667
1225,4.0,1.0,0.0,0.0,0.0,152.0,7.0,2.0,0.13333333333333333
1226,1.0,1.0,0.0,0.0,0.0,160.0,20.0,2.0,0.0
1227,1.0,1.0,1.0,0.0,0.0,0.0,20.0,2.0,0.0
1228,6.0,1.0,0.0,0.0,0.0,145.0,20.0,2.0,0.125
1229,2.0,1.0,0.0,0.0,0.0,264.0,14.0,5.0,0.0
1230,9.0,1.0,0.0,0.0,0.0,112.0,10.0,0.0,0.125
1231,25.0,1.0,0.0,0.0,0.0,284.0,15.0,2.0,0.625
1232,3.0,1.0,0.0,0.0,0.0,125.0,16.0,2.0,0.0
1233,2.0,1.0,0.0,0.0,0.0,117.0,17.0,3.0,0.0625
1234,1.0,1.0,0.0,0.0,0.0,190.0,21.0,4.0,0.0
1235,12.0,1.0,0.0,1.0,0.0,95.0,12.0,5.0,0.125
1236,11.0,1.0,0.0,1.0,0.0,95.0,15.0,2.0,0.3125
1237,3.0,1.0,0.0,0.0,0.0,88.0,11.0,3.0,0.125
1238,17.0,1.0,0.0,0.0,0.0,322.0,21.0,6.0,0.1875
1239,1.0,1.0,0.0,0.0,0.0,265.0,20.0,2.0,0.0
1240,5.0,1.0,0.0,0.0,0.0,109.0,16.0,3.0,0.1875
1241,2.0,1.0,0.0,0.0,1.0,153.0,20.0,3.0,0.0625
1242,1.0,1.0,0.0,0.0,0.0,89.0,10.0,4.0,0.0
1243,6.0,1.0,0.0,0.0,0.0,336.0,16.0,2.0,0.0625
1244,4.0,1.0,0.0,0.0,0.0,168.0,16.0,0.0,0.0625
1245,51.0,3.0,0.0,0.0,0.0,22.0,16.0,6.0,0.5185185185185185
1246,1.0,3.0,0.0,0.0,0.0,111.0,14.0,6.0,0.0
1247,1.0,3.0,0.0,0.0,0.0,111.0,16.0,6.0,0.0
1248,1.0,3.0,0.0,0.0,0.0,92.0,17.0,6.0,0.0
1249,17.0,3.0,0.0,0.0,0.0,179.0,18.0,0.0,0.25925925925925924
1250,19.0,3.0,0.0,0.0,0.0,141.0,18.0,3.0,0.2222222222222222
1251,13.0,3.0,0.0,0.0,0.0,168.0,2.0,4.0,0.14814814814814814
1252,22.0,3.0,0.0,0.0,0.0,168.0,19.0,4.0,0.07407407407407407
1253,17.0,3.0,0.0,0.0,1.0,83.0,19.0,2.0,0.18518518518518517
1254,7.0,3.0,0.0,0.0,1.0,111.0,18.0,2.0,0.07407407407407407
1255,6.0,3.0,0.0,0.0,1.0,117.0,12.0,1.0,0.07407407407407407
1256,20.0,3.0,0.0,0.0,0.0,84.0,19.0,2.0,0.18518518518518517
1257,13.0,3.0,0.0,0.0,1.0,89.0,15.0,5.0,0.2222222222222222
1258,1.0,3.0,0.0,0.0,0.0,112.0,23.0,5.0,0.0
1259,1.0,3.0,0.0,0.0,0.0,108.0,23.0,5.0,0.0
1260,14.0,3.0,0.0,0.0,1.0,145.0,0.0,6.0,0.25925925925925924
1261,13.0,3.0,0.0,0.0,0.0,95.0,13.0,4.0,0.2222222222222222
1262,18.0,3.0,0.0,0.0,1.0,159.0,17.0,0.0,0.25925925925925924
1263,5.0,3.0,0.0,0.0,1.0,95.0,23.0,2.0,0.07407407407407407
1264,51.0,3.0,0.0,0.0,1.0,303.0,18.0,4.0,0.2962962962962963
1265,5.0,3.0,0.0,0.0,0.0,262.0,18.0,6.0,0.037037037037037035
1266,16.0,3.0,0.0,0.0,1.0,123.0,12.0,2.0,0.18518518518518517
1267,12.0,3.0,0.0,0.0,0.0,173.0,16.0,2.0,0.18518518518518517
1268,1.0,3.0,0.0,0.0,0.0,107.0,23.0,5.0,0.0
1269,27.0,3.0,0.0,0.0,0.0,89.0,9.0,1.0,0.2222222222222222
1270,9.0,3.0,0.0,0.0,1.0,114.0,19.0,2.0,0.14814814814814814
1271,11.0,3.0,0.0,0.0,1.0,75.0,16.0,3.0,0.18518518518518517
1272,49.0,3.0,0.0,1.0,1.0,76.0,15.0,5.0,0.5185185185185185
1273,60.0,3.0,0.0,0.0,1.0,78.0,12.0,3.0,0.3333333333333333
1274,17.0,3.0,0.0,0.0,1.0,260.0,13.0,4.0,0.2962962962962963
1275,33.0,3.0,0.0,1.0,0.0,144.0,16.0,4.0,0.48148148148148145
1276,65.0,3.0,0.0,0.0,1.0,99.0,18.0,3.0,0.5555555555555556
1277,12.0,3.0,0.0,0.0,0.0,219.0,19.0,2.0,0.1111111111111111
1278,22.0,3.0,0.0,0.0,0.0,181.0,15.0,4.0,0.3333333333333333
1279,10.0,3.0,0.0,0.0,0.0,161.0,19.0,2.0,0.25925925925925924
1280,17.0,1.0,1.0,0.0,0.0,0.0,14.0,1.0,0.2857142857142857
1281,21.0,1.0,0.0,0.0,0.0,322.0,21.0,6.0,0.5238095238095238
1282,3.0,1.0,0.0,0.0,0.0,83.0,22.0,5.0,0.0
1283,2.0,1.0,0.0,0.0,1.0,151.0,10.0,6.0,0.0
1284,1.0,1.0,0.0,0.0,0.0,211.0,10.0,6.0,0.0
1285,12.0,1.0,0.0,0.0,0.0,83.0,10.0,6.0,0.3333333333333333
1286,11.0,3.0,0.0,0.0,0.0,24.0,15.0,1.0,0.28
1287,24.0,3.0,0.0,0.0,0.0,111.0,16.0,3.0,0.32
1288,22.0,3.0,0.0,0.0,0.0,104.0,21.0,2.0,0.32
1289,44.0,3.0,0.0,0.0,1.0,102.0,8.0,5.0,0.52
1290,2.0,3.0,0.0,0.0,0.0,141.0,18.0,3.0,0.04
1291,25.0,3.0,0.0,0.0,0.0,114.0,18.0,3.0,0.48
1292,13.0,3.0,0.0,0.0,1.0,83.0,19.0,2.0,0.28
1293,1.0,3.0,0.0,0.0,0.0,164.0,14.0,5.0,0.0
1294,2.0,3.0,0.0,0.0,1.0,111.0,14.0,5.0,0.04
1295,1.0,3.0,0.0,0.0,0.0,145.0,14.0,5.0,0.0
1296,4.0,3.0,0.0,0.0,0.0,91.0,15.0,5.0,0.04
1297,2.0,3.0,0.0,0.0,1.0,117.0,12.0,1.0,0.04
1298,10.0,3.0,0.0,0.0,0.0,126.0,13.0,1.0,0.16
1299,8.0,3.0,0.0,0.0,1.0,93.0,21.0,3.0,0.24
1300,12.0,3.0,0.0,0.0,0.0,101.0,9.0,2.0,0.24
1301,26.0,3.0,0.0,0.0,1.0,81.0,18.0,5.0,0.28
1302,8.0,3.0,0.0,0.0,0.0,96.0,16.0,4.0,0.2
1303,2.0,3.0,0.0,0.0,0.0,112.0,17.0,0.0,0.04
1304,17.0,3.0,0.0,0.0,1.0,79.0,19.0,0.0,0.28
1305,1.0,3.0,0.0,0.0,0.0,140.0,22.0,3.0,0.0
1306,4.0,3.0,0.0,0.0,0.0,84.0,22.0,3.0,0.12
1307,4.0,3.0,0.0,0.0,0.0,84.0,18.0,4.0,0.12
1308,13.0,3.0,0.0,0.0,1.0,107.0,21.0,4.0,0.24
1309,2.0,3.0,0.0,0.0,0.0,86.0,19.0,2.0,0.04
1310,8.0,3.0,0.0,0.0,1.0,161.0,20.0,2.0,0.24
1311,19.0,3.0,0.0,0.0,1.0,148.0,16.0,6.0,0.36
1312,3.0,3.0,0.0,0.0,0.0,173.0,16.0,2.0,0.08
1313,23.0,3.0,0.0,0.0,0.0,98.0,17.0,2.0,0.36
1314,52.0,3.0,0.0,0.0,1.0,114.0,19.0,2.0,0.48
1315,1.0,3.0,0.0,0.0,0.0,90.0,19.0,3.0,0.0
1316,28.0,3.0,0.0,0.0,0.0,94.0,19.0,3.0,0.4
1317,15.0,3.0,0.0,0.0,0.0,94.0,19.0,2.0,0.2
1318,26.0,3.0,0.0,0.0,0.0,93.0,16.0,3.0,0.4
1319,84.0,3.0,0.0,0.0,1.0,89.0,19.0,1.0,0.48
1320,4.0,3.0,0.0,0.0,1.0,260.0,13.0,4.0,0.04
1321,87.0,3.0,0.0,0.0,0.0,204.0,15.0,4.0,0.52
1322,32.0,3.0,0.0,0.0,1.0,152.0,18.0,6.0,0.48
1323,2.0,3.0,0.0,0.0,0.0,91.0,18.0,2.0,0.04
1324,1.0,3.0,0.0,0.0,0.0,118.0,19.0,2.0,0.0
1325,2.0,3.0,0.0,0.0,0.0,132.0,19.0,2.0,0.04
1326,13.0,3.0,0.0,0.0,0.0,254.0,21.0,2.0,0.2
1327,12.0,3.0,0.0,0.0,0.0,181.0,15.0,4.0,0.28
1328,19.0,3.0,0.0,0.0,1.0,318.0,18.0,0.0,0.28
1329,7.0,2.0,0.0,0.0,1.0,21.0,16.0,2.0,0.046511627906976744
1330,13.0,2.0,0.0,0.0,0.0,95.0,20.0,3.0,0.05813953488372093
1331,6.0,2.0,0.0,0.0,1.0,86.0,21.0,3.0,0.023255813953488372
1332,1.0,2.0,0.0,1.0,0.0,98.0,22.0,3.0,0.0
1333,11.0,2.0,0.0,0.0,1.0,137.0,22.0,3.0,0.08139534883720931
1334,8.0,2.0,0.0,0.0,0.0,110.0,8.0,4.0,0.046511627906976744
1335,22.0,2.0,0.0,0.0,1.0,150.0,10.0,4.0,0.10465116279069768
1336,3.0,2.0,0.0,0.0,0.0,304.0,17.0,4.0,0.011627906976744186
1337,6.0,2.0,0.0,0.0,0.0,137.0,20.0,4.0,0.03488372093023256
1338,101.0,2.0,0.0,1.0,0.0,357.0,23.0,4.0,0.22093023255813954
1339,11.0,2.0,0.0,0.0,0.0,343.0,16.0,3.0,0.11627906976744186
1340,11.0,2.0,0.0,0.0,0.0,129.0,19.0,4.0,0.06976744186046512
1341,36.0,2.0,0.0,0.0,0.0,100.0,10.0,6.0,0.16279069767441862
1342,2.0,2.0,0.0,0.0,0.0,143.0,16.0,3.0,0.011627906976744186
1343,41.0,2.0,0.0,0.0,1.0,101.0,21.0,3.0,0.12790697674418605
1344,71.0,2.0,0.0,0.0,1.0,357.0,20.0,2.0,0.20930232558139536
1345,2.0,2.0,0.0,0.0,0.0,631.0,5.0,3.0,0.011627906976744186
1346,57.0,2.0,0.0,0.0,1.0,126.0,10.0,6.0,0.09302325581395349
1347,7.0,2.0,0.0,0.0,0.0,186.0,15.0,5.0,0.03488372093023256
1348,17.0,2.0,0.0,1.0,0.0,141.0,8.0,6.0,0.11627906976744186
1349,34.0,2.0,0.0,0.0,0.0,90.0,11.0,2.0,0.1511627906976744
1350,62.0,2.0,0.0,0.0,0.0,170.0,21.0,4.0,0.16279069767441862
1351,36.0,2.0,0.0,0.0,0.0,157.0,10.0,1.0,0.13953488372093023
1352,1.0,2.0,0.0,0.0,0.0,108.0,17.0,3.0,0.0
1353,1.0,2.0,0.0,0.0,1.0,114.0,17.0,3.0,0.0
1354,41.0,2.0,0.0,0.0,0.0,157.0,18.0,3.0,0.1744186046511628
1355,14.0,2.0,0.0,0.0,0.0,129.0,19.0,6.0,0.11627906976744186
1356,6.0,2.0,0.0,0.0,0.0,112.0,22.0,6.0,0.03488372093023256
1357,5.0,2.0,0.0,0.0,1.0,137.0,23.0,6.0,0.046511627906976744
1358,49.0,2.0,0.0,0.0,0.0,123.0,0.0,0.0,0.22093023255813954
1359,1.0,2.0,0.0,0.0,0.0,159.0,10.0,6.0,0.0
1360,35.0,2.0,0.0,0.0,0.0,134.0,10.0,6.0,0.1511627906976744
1361,1.0,2.0,0.0,0.0,0.0,117.0,20.0,6.0,0.0
1362,42.0,2.0,0.0,0.0,1.0,204.0,20.0,6.0,0.1511627906976744
1363,4.0,2.0,0.0,0.0,0.0,90.0,14.0,0.0,0.023255813953488372
1364,28.0,2.0,0.0,0.0,0.0,193.0,12.0,3.0,0.11627906976744186
1365,21.0,2.0,0.0,0.0,0.0,240.0,9.0,5.0,0.06976744186046512
1366,17.0,2.0,0.0,0.0,0.0,319.0,20.0,5.0,0.10465116279069768
1367,10.0,2.0,0.0,0.0,0.0,165.0,21.0,5.0,0.10465116279069768
1368,2.0,2.0,0.0,0.0,1.0,103.0,10.0,6.0,0.011627906976744186
1369,2.0,2.0,0.0,0.0,1.0,103.0,11.0,6.0,0.011627906976744186
1370,2.0,2.0,0.0,0.0,0.0,1211.0,10.0,0.0,0.011627906976744186
1371,26.0,2.0,0.0,0.0,0.0,106.0,11.0,0.0,0.12790697674418605
1372,11.0,2.0,0.0,0.0,0.0,527.0,14.0,2.0,0.023255813953488372
1373,8.0,2.0,0.0,0.0,0.0,212.0,12.0,3.0,0.023255813953488372
1374,12.0,2.0,0.0,0.0,1.0,137.0,22.0,3.0,0.046511627906976744
1375,38.0,2.0,0.0,0.0,0.0,88.0,0.0,5.0,0.22093023255813954
1376,8.0,2.0,0.0,0.0,1.0,108.0,10.0,2.0,0.05813953488372093
1377,48.0,2.0,0.0,0.0,0.0,221.0,11.0,3.0,0.05813953488372093
1378,24.0,2.0,0.0,0.0,0.0,96.0,13.0,4.0,0.05813953488372093
1379,31.0,2.0,0.0,0.0,0.0,317.0,15.0,6.0,0.12790697674418605
1380,1.0,2.0,0.0,0.0,0.0,125.0,14.0,2.0,0.0
1381,7.0,2.0,0.0,0.0,1.0,410.0,18.0,2.0,0.023255813953488372
1382,21.0,2.0,0.0,0.0,0.0,88.0,22.0,2.0,0.06976744186046512
1383,4.0,2.0,0.0,0.0,1.0,111.0,10.0,4.0,0.03488372093023256
1384,3.0,2.0,0.0,0.0,0.0,221.0,23.0,4.0,0.023255813953488372
1385,25.0,2.0,0.0,0.0,1.0,135.0,9.0,2.0,0.09302325581395349
1386,14.0,2.0,0.0,0.0,1.0,185.0,21.0,0.0,0.03488372093023256
1387,40.0,2.0,0.0,0.0,0.0,390.0,22.0,3.0,0.18604651162790697
1388,15.0,2.0,0.0,0.0,0.0,247.0,10.0,6.0,0.09302325581395349
1389,3.0,2.0,0.0,0.0,0.0,99.0,10.0,2.0,0.011627906976744186
1390,22.0,2.0,0.0,0.0,0.0,87.0,14.0,2.0,0.10465116279069768
1391,14.0,2.0,0.0,0.0,1.0,357.0,9.0,4.0,0.08139534883720931
1392,2.0,2.0,0.0,0.0,0.0,659.0,18.0,4.0,0.011627906976744186
1393,1.0,2.0,0.0,0.0,0.0,164.0,19.0,4.0,0.0
1394,22.0,2.0,0.0,0.0,0.0,93.0,19.0,4.0,0.09302325581395349
1395,2.0,2.0,0.0,0.0,1.0,89.0,22.0,6.0,0.011627906976744186
1396,1.0,2.0,0.0,0.0,0.0,166.0,22.0,6.0,0.0
1397,66.0,2.0,0.0,0.0,1.0,105.0,23.0,6.0,0.19767441860465115
1398,54.0,2.0,0.0,0.0,0.0,474.0,22.0,4.0,0.19767441860465115
1399,5.0,2.0,0.0,0.0,0.0,175.0,17.0,2.0,0.0
1400,66.0,2.0,0.0,0.0,0.0,106.0,18.0,2.0,0.22093023255813954
1401,20.0,2.0,0.0,1.0,0.0,134.0,8.0,5.0,0.10465116279069768
1402,20.0,2.0,0.0,0.0,0.0,163.0,20.0,1.0,0.09302325581395349
1403,18.0,2.0,0.0,0.0,0.0,143.0,21.0,4.0,0.1511627906976744
1404,1.0,2.0,0.0,0.0,1.0,101.0,9.0,6.0,0.0
1405,12.0,2.0,0.0,0.0,0.0,91.0,12.0,6.0,0.09302325581395349
1406,18.0,2.0,0.0,0.0,0.0,84.0,9.0,2.0,0.08139534883720931
1407,12.0,2.0,0.0,0.0,0.0,84.0,17.0,3.0,0.06976744186046512
1408,1.0,2.0,0.0,1.0,0.0,152.0,21.0,4.0,0.0
1409,3.0,2.0,0.0,1.0,0.0,150.0,21.0,4.0,0.023255813953488372
1410,1.0,2.0,0.0,0.0,0.0,85.0,22.0,4.0,0.0
1411,31.0,2.0,0.0,1.0,0.0,150.0,22.0,4.0,0.06976744186046512
1412,10.0,2.0,0.0,0.0,0.0,142.0,20.0,6.0,0.06976744186046512
1413,32.0,2.0,0.0,0.0,0.0,206.0,21.0,1.0,0.10465116279069768
1414,1.0,2.0,0.0,0.0,0.0,331.0,21.0,2.0,0.0
1415,52.0,2.0,0.0,0.0,0.0,287.0,21.0,2.0,0.20930232558139536
1416,1.0,2.0,0.0,0.0,0.0,246.0,9.0,6.0,0.0
1417,12.0,2.0,0.0,0.0,0.0,128.0,9.0,6.0,0.03488372093023256
1418,2.0,2.0,0.0,0.0,0.0,295.0,14.0,4.0,0.0
1419,7.0,2.0,0.0,0.0,1.0,243.0,18.0,4.0,0.011627906976744186
1420,7.0,2.0,0.0,0.0,0.0,845.0,9.0,4.0,0.023255813953488372
1421,2.0,2.0,0.0,0.0,0.0,145.0,12.0,5.0,0.0
1422,2.0,2.0,0.0,0.0,0.0,86.0,18.0,5.0,0.011627906976744186
1423,1.0,2.0,0.0,0.0,1.0,107.0,8.0,6.0,0.0
1424,4.0,2.0,0.0,0.0,0.0,158.0,8.0,6.0,0.011627906976744186
1425,12.0,2.0,0.0,0.0,0.0,94.0,18.0,6.0,0.03488372093023256
1426,2.0,2.0,0.0,0.0,0.0,289.0,7.0,1.0,0.0
1427,5.0,2.0,0.0,0.0,0.0,87.0,9.0,1.0,0.011627906976744186
1428,27.0,2.0,0.0,0.0,0.0,231.0,17.0,1.0,0.05813953488372093
1429,3.0,2.0,0.0,0.0,0.0,258.0,13.0,4.0,0.011627906976744186
1430,2.0,2.0,0.0,0.0,0.0,229.0,17.0,4.0,0.011627906976744186
1431,3.0,2.0,0.0,0.0,1.0,481.0,7.0,5.0,0.0
1432,14.0,2.0,0.0,0.0,0.0,586.0,14.0,5.0,0.06976744186046512
1433,2.0,2.0,0.0,0.0,0.0,129.0,17.0,6.0,0.011627906976744186
1434,61.0,2.0,0.0,0.0,1.0,245.0,18.0,6.0,0.09302325581395349
1435,12.0,2.0,0.0,0.0,1.0,96.0,22.0,2.0,0.03488372093023256
1436,2.0,2.0,0.0,0.0,1.0,186.0,19.0,3.0,0.0
1437,1.0,2.0,0.0,1.0,0.0,764.0,21.0,3.0,0.0
1438,20.0,2.0,0.0,0.0,1.0,192.0,21.0,3.0,0.06976744186046512
1439,10.0,2.0,0.0,0.0,0.0,142.0,16.0,4.0,0.05813953488372093
1440,27.0,2.0,0.0,0.0,0.0,96.0,10.0,0.0,0.08139534883720931
1441,20.0,2.0,0.0,0.0,0.0,89.0,20.0,0.0,0.08139534883720931
1442,4.0,2.0,0.0,0.0,0.0,183.0,21.0,6.0,0.011627906976744186
1443,12.0,2.0,0.0,0.0,0.0,207.0,9.0,2.0,0.05813953488372093
1444,28.0,2.0,0.0,0.0,1.0,127.0,19.0,5.0,0.12790697674418605
1445,26.0,2.0,0.0,0.0,0.0,84.0,6.0,2.0,0.09302325581395349
1446,10.0,2.0,0.0,0.0,1.0,220.0,15.0,3.0,0.046511627906976744
1447,2.0,2.0,0.0,0.0,0.0,105.0,7.0,5.0,0.0
1448,1.0,2.0,0.0,0.0,0.0,152.0,8.0,5.0,0.0
1449,13.0,2.0,0.0,0.0,0.0,96.0,12.0,5.0,0.05813953488372093
1450,22.0,2.0,0.0,0.0,0.0,124.0,14.0,1.0,0.09302325581395349
1451,1.0,2.0,0.0,0.0,0.0,92.0,18.0,6.0,0.0
1452,46.0,2.0,0.0,0.0,0.0,337.0,13.0,0.0,0.23255813953488372
1453,7.0,2.0,0.0,0.0,0.0,87.0,9.0,2.0,0.05813953488372093
1454,42.0,2.0,0.0,0.0,0.0,114.0,13.0,2.0,0.06976744186046512
1455,3.0,2.0,0.0,1.0,0.0,94.0,21.0,5.0,0.011627906976744186
1456,29.0,2.0,0.0,0.0,0.0,95.0,13.0,0.0,0.05813953488372093
1457,4.0,2.0,0.0,1.0,0.0,100.0,21.0,6.0,0.023255813953488372
1458,5.0,2.0,0.0,0.0,1.0,190.0,9.0,1.0,0.03488372093023256
1459,1.0,2.0,0.0,0.0,0.0,92.0,22.0,4.0,0.0
1460,26.0,2.0,0.0,0.0,0.0,286.0,9.0,6.0,0.10465116279069768
1461,29.0,2.0,0.0,0.0,0.0,82.0,14.0,5.0,0.11627906976744186
1462,10.0,2.0,0.0,0.0,0.0,132.0,14.0,0.0,0.06976744186046512
1463,17.0,2.0,0.0,0.0,0.0,100.0,7.0,2.0,0.05813953488372093
1464,1.0,2.0,0.0,1.0,1.0,144.0,21.0,5.0,0.0
1465,12.0,2.0,0.0,1.0,1.0,141.0,21.0,5.0,0.046511627906976744
1466,3.0,2.0,0.0,0.0,0.0,232.0,22.0,0.0,0.023255813953488372
1467,3.0,2.0,0.0,0.0,0.0,106.0,9.0,1.0,0.0
1468,37.0,2.0,0.0,0.0,1.0,409.0,10.0,2.0,0.19767441860465115
1469,1.0,2.0,0.0,0.0,0.0,232.0,11.0,5.0,0.0
1470,1.0,2.0,0.0,0.0,0.0,193.0,11.0,5.0,0.0
1471,2.0,2.0,0.0,0.0,0.0,100.0,14.0,5.0,0.011627906976744186
1472,1.0,2.0,0.0,0.0,1.0,141.0,22.0,5.0,0.0
1473,1.0,2.0,0.0,0.0,0.0,103.0,22.0,5.0,0.0
1474,8.0,2.0,0.0,0.0,1.0,169.0,22.0,5.0,0.03488372093023256
1475,6.0,1.0,1.0,0.0,0.0,0.0,9.0,1.0,0.041237113402061855
1476,12.0,1.0,0.0,0.0,0.0,207.0,17.0,2.0,0.07216494845360824
1477,5.0,1.0,0.0,0.0,0.0,86.0,19.0,2.0,0.030927835051546393
1478,8.0,1.0,0.0,0.0,0.0,170.0,14.0,4.0,0.020618556701030927
1479,3.0,1.0,0.0,0.0,0.0,268.0,16.0,6.0,0.010309278350515464
1480,1.0,1.0,0.0,0.0,0.0,94.0,17.0,6.0,0.0
1481,19.0,1.0,0.0,0.0,1.0,353.0,18.0,6.0,0.09278350515463918
1482,11.0,1.0,0.0,0.0,0.0,126.0,8.0,5.0,0.07216494845360824
1483,23.0,1.0,0.0,0.0,1.0,243.0,7.0,1.0,0.05154639175257732
1484,27.0,1.0,0.0,0.0,0.0,146.0,12.0,1.0,0.12371134020618557
1485,4.0,1.0,0.0,0.0,0.0,192.0,20.0,1.0,0.0
1486,7.0,1.0,0.0,0.0,0.0,190.0,20.0,1.0,0.030927835051546393
1487,7.0,1.0,0.0,0.0,0.0,216.0,20.0,1.0,0.020618556701030927
1488,1.0,1.0,0.0,0.0,0.0,119.0,21.0,1.0,0.0
1489,17.0,1.0,0.0,0.0,1.0,606.0,21.0,1.0,0.07216494845360824
1490,13.0,1.0,0.0,0.0,0.0,109.0,9.0,2.0,0.030927835051546393
1491,5.0,1.0,0.0,0.0,0.0,143.0,11.0,2.0,0.020618556701030927
1492,5.0,1.0,0.0,0.0,0.0,110.0,12.0,2.0,0.010309278350515464
1493,2.0,1.0,0.0,0.0,1.0,606.0,13.0,2.0,0.010309278350515464
1494,26.0,1.0,0.0,0.0,0.0,305.0,18.0,2.0,0.10309278350515463
1495,3.0,1.0,0.0,0.0,0.0,733.0,18.0,3.0,0.010309278350515464
1496,1.0,1.0,0.0,0.0,0.0,162.0,21.0,3.0,0.0
1497,3.0,1.0,0.0,0.0,1.0,427.0,21.0,3.0,0.020618556701030927
1498,5.0,1.0,0.0,0.0,0.0,413.0,22.0,3.0,0.041237113402061855
1499,1.0,1.0,0.0,0.0,1.0,160.0,13.0,4.0,0.0
1500,20.0,1.0,0.0,0.0,0.0,348.0,13.0,4.0,0.09278350515463918
1501,48.0,1.0,0.0,0.0,0.0,99.0,22.0,4.0,0.13402061855670103
1502,39.0,1.0,0.0,0.0,0.0,160.0,20.0,6.0,0.10309278350515463
1503,57.0,1.0,0.0,0.0,0.0,270.0,12.0,1.0,0.2268041237113402
1504,34.0,1.0,0.0,0.0,0.0,84.0,9.0,3.0,0.12371134020618557
1505,16.0,1.0,0.0,0.0,0.0,254.0,21.0,3.0,0.041237113402061855
1506,16.0,1.0,0.0,1.0,0.0,129.0,13.0,4.0,0.08247422680412371
1507,1.0,1.0,0.0,0.0,0.0,223.0,20.0,4.0,0.0
1508,13.0,1.0,0.0,0.0,1.0,83.0,20.0,4.0,0.05154639175257732
1509,5.0,1.0,0.0,0.0,0.0,88.0,17.0,5.0,0.0
1510,15.0,1.0,0.0,0.0,0.0,422.0,17.0,5.0,0.041237113402061855
1511,2.0,1.0,0.0,0.0,1.0,117.0,17.0,6.0,0.010309278350515464
1512,1.0,1.0,0.0,0.0,0.0,85.0,11.0,0.0,0.0
1513,12.0,1.0,0.0,0.0,1.0,345.0,12.0,0.0,0.020618556701030927
1514,4.0,1.0,0.0,0.0,0.0,135.0,21.0,0.0,0.010309278350515464
1515,4.0,1.0,0.0,0.0,0.0,112.0,8.0,1.0,0.020618556701030927
1516,2.0,1.0,0.0,0.0,0.0,100.0,10.0,1.0,0.0
1517,3.0,1.0,0.0,0.0,0.0,103.0,12.0,1.0,0.010309278350515464
1518,5.0,1.0,0.0,0.0,0.0,100.0,19.0,1.0,0.010309278350515464
1519,7.0,1.0,0.0,0.0,0.0,258.0,9.0,2.0,0.030927835051546393
1520,7.0,1.0,0.0,0.0,0.0,121.0,14.0,2.0,0.020618556701030927
1521,3.0,1.0,0.0,0.0,1.0,143.0,16.0,2.0,0.0
1522,4.0,1.0,0.0,0.0,0.0,251.0,19.0,2.0,0.010309278350515464
1523,5.0,1.0,0.0,0.0,0.0,121.0,20.0,2.0,0.030927835051546393
1524,1.0,1.0,0.0,1.0,0.0,94.0,11.0,3.0,0.0
1525,27.0,1.0,0.0,1.0,0.0,100.0,11.0,3.0,0.020618556701030927
1526,7.0,1.0,0.0,0.0,1.0,106.0,22.0,3.0,0.030927835051546393
1527,18.0,1.0,0.0,1.0,0.0,138.0,8.0,4.0,0.05154639175257732
1528,23.0,1.0,0.0,0.0,1.0,221.0,14.0,4.0,0.09278350515463918
1529,11.0,1.0,0.0,0.0,0.0,167.0,17.0,4.0,0.041237113402061855
1530,2.0,1.0,0.0,0.0,1.0,134.0,6.0,5.0,0.010309278350515464
1531,38.0,1.0,0.0,0.0,1.0,90.0,8.0,5.0,0.1134020618556701
1532,29.0,1.0,0.0,0.0,0.0,97.0,8.0,6.0,0.10309278350515463
1533,7.0,1.0,0.0,0.0,0.0,148.0,15.0,0.0,0.030927835051546393
1534,6.0,1.0,0.0,0.0,1.0,92.0,20.0,0.0,0.030927835051546393
1535,14.0,1.0,0.0,0.0,1.0,370.0,6.0,1.0,0.041237113402061855
1536,23.0,1.0,0.0,0.0,0.0,246.0,15.0,1.0,0.09278350515463918
1537,19.0,1.0,0.0,0.0,0.0,213.0,14.0,2.0,0.05154639175257732
1538,20.0,1.0,0.0,1.0,0.0,764.0,20.0,2.0,0.08247422680412371
1539,10.0,1.0,0.0,0.0,0.0,125.0,17.0,3.0,0.041237113402061855
1540,6.0,1.0,0.0,0.0,1.0,285.0,22.0,3.0,0.041237113402061855
1541,10.0,1.0,0.0,0.0,1.0,201.0,10.0,4.0,0.041237113402061855
1542,23.0,1.0,0.0,0.0,0.0,283.0,13.0,4.0,0.010309278350515464
1543,9.0,1.0,0.0,0.0,0.0,96.0,15.0,4.0,0.05154639175257732
1544,4.0,1.0,0.0,0.0,0.0,403.0,19.0,4.0,0.020618556701030927
1545,1.0,1.0,0.0,0.0,1.0,94.0,19.0,4.0,0.0
1546,7.0,1.0,0.0,0.0,1.0,131.0,21.0,4.0,0.041237113402061855
1547,1.0,1.0,0.0,0.0,1.0,212.0,22.0,4.0,0.0
1548,2.0,1.0,0.0,0.0,1.0,160.0,22.0,4.0,0.010309278350515464
1549,11.0,1.0,0.0,0.0,0.0,215.0,22.0,4.0,0.020618556701030927
1550,2.0,1.0,0.0,0.0,1.0,82.0,9.0,5.0,0.010309278350515464
1551,3.0,1.0,0.0,0.0,0.0,225.0,11.0,5.0,0.0
1552,8.0,1.0,0.0,0.0,0.0,313.0,12.0,5.0,0.041237113402061855
1553,1.0,1.0,0.0,0.0,0.0,82.0,13.0,5.0,0.0
1554,6.0,1.0,0.0,0.0,1.0,100.0,13.0,5.0,0.041237113402061855
1555,2.0,1.0,0.0,0.0,0.0,212.0,20.0,5.0,0.0
1556,1.0,1.0,0.0,0.0,1.0,186.0,21.0,5.0,0.0
1557,3.0,1.0,0.0,0.0,1.0,131.0,21.0,5.0,0.0
1558,3.0,1.0,0.0,0.0,0.0,248.0,10.0,6.0,0.010309278350515464
1559,10.0,1.0,0.0,0.0,0.0,260.0,13.0,6.0,0.041237113402061855
1560,2.0,1.0,0.0,0.0,0.0,133.0,23.0,6.0,0.010309278350515464
1561,2.0,1.0,0.0,0.0,0.0,297.0,7.0,0.0,0.0
1562,8.0,1.0,0.0,0.0,0.0,116.0,8.0,0.0,0.030927835051546393
1563,21.0,1.0,0.0,1.0,0.0,160.0,11.0,0.0,0.08247422680412371
1564,3.0,1.0,0.0,0.0,0.0,129.0,18.0,0.0,0.010309278350515464
1565,5.0,1.0,0.0,0.0,0.0,214.0,22.0,0.0,0.010309278350515464
1566,2.0,1.0,0.0,0.0,0.0,208.0,22.0,0.0,0.010309278350515464
1567,72.0,1.0,0.0,0.0,0.0,212.0,11.0,1.0,0.15463917525773196
1568,14.0,1.0,0.0,0.0,0.0,185.0,15.0,3.0,0.030927835051546393
1569,6.0,1.0,0.0,0.0,1.0,94.0,16.0,4.0,0.010309278350515464
1570,9.0,1.0,0.0,0.0,1.0,181.0,18.0,4.0,0.020618556701030927
1571,1.0,1.0,0.0,0.0,1.0,215.0,20.0,4.0,0.0
1572,6.0,1.0,0.0,0.0,1.0,92.0,20.0,4.0,0.020618556701030927
1573,18.0,1.0,0.0,0.0,0.0,120.0,8.0,5.0,0.041237113402061855
1574,1.0,1.0,0.0,0.0,0.0,195.0,13.0,5.0,0.0
1575,5.0,1.0,0.0,0.0,0.0,641.0,18.0,5.0,0.010309278350515464
1576,7.0,1.0,0.0,0.0,1.0,85.0,18.0,5.0,0.041237113402061855
1577,21.0,1.0,0.0,0.0,1.0,93.0,20.0,5.0,0.10309278350515463
1578,1.0,1.0,0.0,0.0,0.0,130.0,14.0,6.0,0.0
1579,1.0,1.0,0.0,0.0,0.0,170.0,14.0,6.0,0.0
1580,1.0,1.0,0.0,0.0,0.0,185.0,14.0,6.0,0.0
1581,2.0,1.0,0.0,0.0,0.0,102.0,14.0,6.0,0.0
1582,1.0,1.0,0.0,0.0,0.0,162.0,15.0,6.0,0.0
1583,5.0,1.0,0.0,0.0,0.0,117.0,15.0,6.0,0.030927835051546393
1584,1.0,1.0,0.0,0.0,0.0,205.0,17.0,6.0,0.0
1585,8.0,1.0,0.0,0.0,0.0,159.0,17.0,6.0,0.020618556701030927
1586,11.0,1.0,0.0,0.0,0.0,141.0,22.0,6.0,0.041237113402061855
1587,16.0,1.0,0.0,0.0,0.0,148.0,15.0,0.0,0.10309278350515463
1588,6.0,1.0,0.0,0.0,0.0,224.0,20.0,0.0,0.05154639175257732
1589,3.0,1.0,0.0,0.0,1.0,255.0,20.0,0.0,0.020618556701030927
1590,2.0,1.0,0.0,0.0,0.0,102.0,20.0,0.0,0.010309278350515464
1591,9.0,1.0,0.0,0.0,0.0,260.0,21.0,0.0,0.07216494845360824
1592,3.0,1.0,0.0,0.0,1.0,255.0,9.0,1.0,0.020618556701030927
1593,2.0,1.0,0.0,0.0,0.0,357.0,10.0,1.0,0.010309278350515464
1594,2.0,1.0,0.0,0.0,0.0,121.0,11.0,1.0,0.0
1595,4.0,1.0,0.0,0.0,1.0,146.0,12.0,1.0,0.020618556701030927
1596,1.0,1.0,0.0,0.0,0.0,106.0,12.0,1.0,0.0
1597,18.0,1.0,0.0,0.0,0.0,96.0,12.0,1.0,0.061855670103092786
1598,2.0,1.0,0.0,0.0,0.0,148.0,19.0,1.0,0.0
1599,3.0,1.0,0.0,1.0,0.0,329.0,19.0,1.0,0.020618556701030927
1600,1.0,1.0,0.0,0.0,0.0,91.0,19.0,1.0,0.0
1601,3.0,1.0,0.0,0.0,0.0,129.0,19.0,1.0,0.010309278350515464
1602,2.0,1.0,0.0,0.0,0.0,172.0,20.0,1.0,0.010309278350515464
1603,2.0,1.0,0.0,0.0,0.0,148.0,21.0,1.0,0.0
1604,1.0,1.0,0.0,0.0,1.0,158.0,21.0,1.0,0.0
1605,5.0,1.0,0.0,0.0,0.0,147.0,21.0,1.0,0.0
1606,8.0,1.0,0.0,0.0,1.0,158.0,21.0,1.0,0.020618556701030927
1607,4.0,1.0,0.0,0.0,0.0,312.0,9.0,2.0,0.020618556701030927
1608,1.0,1.0,0.0,0.0,0.0,192.0,10.0,2.0,0.0
1609,32.0,1.0,0.0,0.0,0.0,151.0,10.0,2.0,0.08247422680412371
1610,3.0,1.0,0.0,1.0,0.0,95.0,18.0,2.0,0.020618556701030927
1611,13.0,1.0,0.0,0.0,1.0,118.0,20.0,2.0,0.041237113402061855
1612,2.0,1.0,0.0,0.0,0.0,168.0,15.0,3.0,0.010309278350515464
1613,3.0,1.0,0.0,0.0,1.0,160.0,21.0,3.0,0.020618556701030927
1614,2.0,1.0,0.0,0.0,0.0,194.0,6.0,4.0,0.0
1615,1.0,1.0,0.0,0.0,0.0,486.0,9.0,4.0,0.0
1616,5.0,1.0,0.0,0.0,1.0,106.0,10.0,4.0,0.020618556701030927
1617,2.0,1.0,0.0,0.0,1.0,115.0,10.0,4.0,0.0
1618,17.0,1.0,0.0,0.0,1.0,204.0,11.0,4.0,0.041237113402061855
1619,28.0,1.0,0.0,0.0,1.0,230.0,14.0,4.0,0.05154639175257732
1620,30.0,1.0,0.0,0.0,0.0,123.0,16.0,4.0,0.12371134020618557
1621,8.0,1.0,0.0,0.0,0.0,214.0,14.0,5.0,0.05154639175257732
1622,6.0,1.0,0.0,0.0,0.0,125.0,20.0,5.0,0.05154639175257732
1623,6.0,1.0,0.0,0.0,1.0,100.0,8.0,6.0,0.041237113402061855
1624,14.0,1.0,0.0,0.0,0.0,102.0,11.0,6.0,0.05154639175257732
1625,2.0,1.0,0.0,0.0,0.0,459.0,20.0,6.0,0.010309278350515464
1626,8.0,1.0,0.0,0.0,1.0,94.0,21.0,6.0,0.061855670103092786
1627,5.0,1.0,0.0,0.0,0.0,548.0,21.0,6.0,0.041237113402061855
1628,19.0,1.0,0.0,0.0,1.0,230.0,22.0,6.0,0.10309278350515463
1629,1.0,1.0,0.0,0.0,0.0,127.0,12.0,0.0,0.0
1630,7.0,1.0,0.0,0.0,0.0,231.0,12.0,0.0,0.030927835051546393
1631,18.0,1.0,0.0,0.0,1.0,173.0,14.0,0.0,0.05154639175257732
1632,13.0,1.0,0.0,0.0,0.0,341.0,23.0,0.0,0.061855670103092786
1633,1.0,1.0,0.0,0.0,0.0,467.0,13.0,1.0,0.0
1634,2.0,1.0,0.0,0.0,0.0,256.0,14.0,1.0,0.0
1635,21.0,1.0,0.0,0.0,1.0,230.0,15.0,1.0,0.05154639175257732
1636,69.0,1.0,0.0,0.0,1.0,83.0,7.0,2.0,0.14432989690721648
1637,2.0,1.0,0.0,0.0,1.0,171.0,11.0,2.0,0.010309278350515464
1638,49.0,1.0,0.0,0.0,0.0,81.0,12.0,2.0,0.061855670103092786
1639,51.0,1.0,0.0,0.0,0.0,383.0,17.0,2.0,0.09278350515463918
1640,4.0,1.0,0.0,0.0,0.0,135.0,10.0,3.0,0.020618556701030927
1641,4.0,1.0,0.0,0.0,0.0,171.0,14.0,3.0,0.020618556701030927
1642,4.0,1.0,0.0,0.0,0.0,160.0,19.0,3.0,0.010309278350515464
1643,8.0,1.0,0.0,0.0,0.0,182.0,19.0,3.0,0.030927835051546393
1644,5.0,1.0,0.0,0.0,0.0,114.0,21.0,3.0,0.030927835051546393
1645,6.0,1.0,0.0,0.0,0.0,303.0,21.0,3.0,0.030927835051546393
1646,17.0,1.0,0.0,0.0,0.0,194.0,7.0,4.0,0.07216494845360824
1647,1.0,1.0,0.0,0.0,0.0,341.0,21.0,4.0,0.0
1648,1.0,1.0,0.0,0.0,0.0,125.0,22.0,4.0,0.0
1649,4.0,1.0,0.0,0.0,0.0,584.0,22.0,4.0,0.020618556701030927
1650,2.0,1.0,0.0,0.0,0.0,87.0,22.0,4.0,0.010309278350515464
1651,2.0,1.0,0.0,0.0,1.0,378.0,7.0,5.0,0.010309278350515464
1652,3.0,1.0,0.0,0.0,1.0,174.0,10.0,5.0,0.020618556701030927
1653,3.0,1.0,0.0,0.0,1.0,225.0,11.0,5.0,0.0
1654,1.0,1.0,0.0,0.0,0.0,108.0,16.0,5.0,0.0
1655,1.0,1.0,0.0,0.0,0.0,255.0,17.0,5.0,0.0
1656,8.0,1.0,0.0,0.0,0.0,115.0,17.0,5.0,0.0
1657,3.0,1.0,0.0,0.0,0.0,89.0,19.0,5.0,0.010309278350515464
1658,1.0,1.0,0.0,0.0,0.0,136.0,20.0,5.0,0.0
1659,2.0,1.0,0.0,0.0,0.0,93.0,20.0,5.0,0.0
1660,3.0,1.0,0.0,0.0,1.0,93.0,6.0,6.0,0.010309278350515464
1661,2.0,1.0,0.0,0.0,1.0,263.0,11.0,6.0,0.0
1662,60.0,1.0,0.0,0.0,0.0,96.0,12.0,6.0,0.10309278350515463
1663,8.0,1.0,0.0,0.0,1.0,79.0,19.0,0.0,0.041237113402061855
1664,1.0,1.0,0.0,0.0,1.0,87.0,21.0,0.0,0.0
1665,1.0,1.0,0.0,0.0,0.0,125.0,21.0,0.0,0.0
1666,4.0,1.0,0.0,0.0,1.0,178.0,21.0,0.0,0.0
1667,5.0,1.0,0.0,0.0,1.0,309.0,21.0,0.0,0.020618556701030927
1668,6.0,1.0,0.0,0.0,1.0,318.0,22.0,0.0,0.010309278350515464
1669,1.0,1.0,0.0,0.0,0.0,178.0,22.0,0.0,0.0
1670,4.0,1.0,0.0,0.0,0.0,171.0,23.0,0.0,0.010309278350515464
1671,19.0,1.0,0.0,0.0,0.0,147.0,8.0,1.0,0.07216494845360824
1672,15.0,1.0,0.0,0.0,0.0,160.0,14.0,1.0,0.07216494845360824
1673,21.0,1.0,0.0,0.0,0.0,187.0,20.0,1.0,0.07216494845360824
1674,1.0,1.0,0.0,0.0,0.0,111.0,13.0,2.0,0.0
1675,1.0,1.0,0.0,0.0,0.0,271.0,13.0,2.0,0.0
1676,4.0,1.0,0.0,0.0,0.0,321.0,15.0,2.0,0.020618556701030927
1677,3.0,1.0,0.0,0.0,0.0,144.0,20.0,2.0,0.010309278350515464
1678,3.0,1.0,0.0,0.0,0.0,125.0,21.0,2.0,0.020618556701030927
1679,19.0,1.0,0.0,0.0,1.0,80.0,8.0,3.0,0.041237113402061855
1680,1.0,1.0,0.0,0.0,0.0,88.0,20.0,3.0,0.0
1681,3.0,1.0,0.0,0.0,0.0,120.0,20.0,3.0,0.0
1682,11.0,1.0,0.0,0.0,0.0,84.0,20.0,3.0,0.020618556701030927
1683,3.0,1.0,0.0,0.0,0.0,81.0,9.0,4.0,0.0
1684,6.0,1.0,0.0,0.0,1.0,114.0,9.0,4.0,0.0
1685,12.0,1.0,0.0,0.0,0.0,692.0,13.0,4.0,0.020618556701030927
1686,6.0,1.0,0.0,1.0,0.0,384.0,22.0,4.0,0.020618556701030927
1687,3.0,1.0,0.0,0.0,0.0,178.0,12.0,5.0,0.0
1688,5.0,1.0,0.0,0.0,1.0,230.0,12.0,5.0,0.010309278350515464
1689,18.0,1.0,0.0,0.0,0.0,109.0,13.0,5.0,0.09278350515463918
1690,7.0,1.0,0.0,0.0,0.0,133.0,21.0,5.0,0.020618556701030927
1691,1.0,1.0,0.0,0.0,0.0,223.0,23.0,5.0,0.0
1692,3.0,1.0,0.0,0.0,0.0,111.0,23.0,5.0,0.020618556701030927
1693,5.0,1.0,0.0,0.0,0.0,932.0,5.0,6.0,0.030927835051546393
1694,6.0,1.0,0.0,0.0,0.0,123.0,15.0,6.0,0.030927835051546393
1695,24.0,1.0,0.0,0.0,0.0,547.0,18.0,6.0,0.09278350515463918
1696,2.0,1.0,0.0,0.0,1.0,85.0,19.0,0.0,0.010309278350515464
1697,1.0,1.0,0.0,0.0,0.0,548.0,19.0,0.0,0.0
1698,2.0,1.0,0.0,0.0,0.0,148.0,20.0,0.0,0.0
1699,1.0,1.0,0.0,0.0,0.0,271.0,22.0,0.0,0.0
1700,5.0,1.0,0.0,0.0,1.0,143.0,22.0,0.0,0.020618556701030927
1701,9.0,1.0,0.0,0.0,0.0,221.0,13.0,1.0,0.020618556701030927
1702,11.0,1.0,0.0,0.0,0.0,121.0,21.0,1.0,0.020618556701030927
1703,9.0,1.0,0.0,0.0,1.0,94.0,21.0,1.0,0.041237113402061855
1704,2.0,1.0,0.0,0.0,0.0,152.0,9.0,2.0,0.0
1705,1.0,1.0,0.0,0.0,0.0,114.0,10.0,2.0,0.0
1706,2.0,1.0,0.0,0.0,1.0,118.0,10.0,2.0,0.010309278350515464
1707,14.0,1.0,0.0,0.0,0.0,105.0,16.0,2.0,0.07216494845360824
1708,5.0,1.0,0.0,0.0,0.0,560.0,19.0,2.0,0.020618556701030927
1709,18.0,1.0,0.0,0.0,0.0,139.0,20.0,2.0,0.08247422680412371
1710,4.0,1.0,0.0,0.0,0.0,139.0,8.0,3.0,0.030927835051546393
1711,17.0,1.0,0.0,0.0,1.0,93.0,8.0,3.0,0.05154639175257732
1712,1.0,1.0,0.0,0.0,0.0,196.0,15.0,3.0,0.0
1713,40.0,1.0,0.0,0.0,0.0,197.0,15.0,3.0,0.10309278350515463
1714,7.0,1.0,0.0,0.0,0.0,161.0,14.0,4.0,0.030927835051546393
1715,22.0,1.0,0.0,0.0,0.0,85.0,18.0,4.0,0.05154639175257732
1716,3.0,1.0,0.0,0.0,0.0,393.0,17.0,5.0,0.020618556701030927
1717,3.0,1.0,0.0,0.0,1.0,196.0,20.0,5.0,0.0
1718,38.0,1.0,0.0,0.0,0.0,152.0,20.0,5.0,0.17525773195876287
1719,6.0,1.0,0.0,0.0,0.0,219.0,5.0,0.0,0.030927835051546393
1720,2.0,1.0,0.0,0.0,0.0,120.0,15.0,0.0,0.0
1721,4.0,1.0,0.0,0.0,0.0,120.0,15.0,0.0,0.0
1722,4.0,1.0,0.0,0.0,0.0,161.0,16.0,0.0,0.030927835051546393
1723,2.0,1.0,0.0,0.0,0.0,113.0,19.0,0.0,0.0
1724,1.0,1.0,0.0,1.0,0.0,399.0,19.0,0.0,0.0
1725,4.0,1.0,0.0,0.0,0.0,95.0,20.0,0.0,0.020618556701030927
1726,8.0,1.0,0.0,0.0,0.0,328.0,22.0,0.0,0.041237113402061855
1727,16.0,1.0,0.0,0.0,0.0,139.0,11.0,1.0,0.061855670103092786
1728,18.0,1.0,0.0,0.0,0.0,164.0,16.0,1.0,0.10309278350515463
1729,20.0,1.0,0.0,0.0,0.0,334.0,22.0,1.0,0.12371134020618557
1730,6.0,1.0,0.0,0.0,1.0,84.0,9.0,2.0,0.05154639175257732
1731,28.0,1.0,0.0,0.0,1.0,231.0,12.0,2.0,0.030927835051546393
1732,1.0,1.0,0.0,0.0,0.0,115.0,12.0,2.0,0.0
1733,75.0,1.0,0.0,0.0,0.0,129.0,12.0,2.0,0.09278350515463918
1734,10.0,1.0,0.0,0.0,0.0,334.0,16.0,2.0,0.041237113402061855
1735,45.0,1.0,0.0,0.0,0.0,459.0,20.0,2.0,0.18556701030927836
1736,3.0,1.0,0.0,0.0,0.0,100.0,16.0,3.0,0.020618556701030927
1737,7.0,1.0,0.0,0.0,1.0,105.0,16.0,3.0,0.041237113402061855
1738,4.0,1.0,0.0,0.0,1.0,86.0,17.0,3.0,0.030927835051546393
1739,31.0,1.0,0.0,0.0,0.0,144.0,18.0,3.0,0.13402061855670103
1740,4.0,1.0,0.0,0.0,1.0,187.0,5.0,4.0,0.010309278350515464
1741,14.0,1.0,0.0,0.0,0.0,182.0,7.0,4.0,0.08247422680412371
1742,2.0,1.0,0.0,0.0,0.0,328.0,20.0,4.0,0.0
1743,16.0,1.0,0.0,0.0,0.0,120.0,20.0,4.0,0.061855670103092786
1744,2.0,1.0,0.0,0.0,0.0,187.0,7.0,5.0,0.010309278350515464
1745,1.0,1.0,0.0,0.0,0.0,152.0,7.0,5.0,0.0
1746,3.0,1.0,0.0,0.0,1.0,161.0,11.0,5.0,0.010309278350515464
1747,1.0,1.0,0.0,0.0,0.0,91.0,16.0,5.0,0.0
1748,3.0,1.0,0.0,0.0,0.0,126.0,17.0,5.0,0.010309278350515464
1749,4.0,1.0,0.0,0.0,0.0,180.0,21.0,5.0,0.010309278350515464
1750,2.0,1.0,0.0,0.0,0.0,155.0,9.0,6.0,0.010309278350515464
1751,13.0,1.0,0.0,0.0,0.0,266.0,11.0,6.0,0.030927835051546393
1752,7.0,1.0,0.0,0.0,0.0,86.0,18.0,6.0,0.020618556701030927
1753,10.0,1.0,0.0,0.0,0.0,84.0,19.0,6.0,0.05154639175257732
1754,7.0,1.0,0.0,0.0,0.0,1744.0,6.0,0.0,0.010309278350515464
1755,5.0,1.0,0.0,0.0,0.0,106.0,10.0,0.0,0.030927835051546393
1756,1.0,1.0,0.0,0.0,0.0,334.0,15.0,0.0,0.0
1757,2.0,1.0,0.0,0.0,0.0,658.0,15.0,0.0,0.010309278350515464
1758,5.0,1.0,0.0,0.0,0.0,129.0,15.0,0.0,0.030927835051546393
1759,2.0,1.0,0.0,0.0,0.0,90.0,19.0,0.0,0.010309278350515464
1760,4.0,1.0,0.0,0.0,0.0,260.0,19.0,0.0,0.010309278350515464
1761,12.0,1.0,0.0,0.0,0.0,100.0,20.0,0.0,0.0
1762,5.0,1.0,0.0,0.0,0.0,134.0,22.0,0.0,0.010309278350515464
1763,5.0,1.0,0.0,0.0,0.0,116.0,11.0,1.0,0.020618556701030927
1764,4.0,1.0,0.0,0.0,0.0,179.0,15.0,1.0,0.030927835051546393
1765,3.0,1.0,0.0,0.0,0.0,168.0,17.0,1.0,0.0
1766,10.0,1.0,0.0,0.0,0.0,223.0,18.0,1.0,0.020618556701030927
1767,6.0,1.0,0.0,1.0,0.0,92.0,20.0,1.0,0.020618556701030927
1768,5.0,1.0,0.0,0.0,1.0,86.0,21.0,1.0,0.020618556701030927
1769,2.0,1.0,0.0,0.0,0.0,1875.0,7.0,2.0,0.010309278350515464
1770,1.0,1.0,0.0,0.0,0.0,93.0,7.0,2.0,0.0
1771,3.0,1.0,0.0,0.0,0.0,105.0,8.0,2.0,0.010309278350515464
1772,9.0,1.0,0.0,0.0,1.0,202.0,10.0,2.0,0.05154639175257732
1773,1.0,1.0,0.0,0.0,0.0,153.0,16.0,2.0,0.0
1774,8.0,1.0,0.0,0.0,0.0,93.0,16.0,2.0,0.020618556701030927
1775,8.0,1.0,0.0,0.0,0.0,367.0,19.0,2.0,0.041237113402061855
1776,9.0,1.0,0.0,0.0,0.0,133.0,8.0,3.0,0.05154639175257732
1777,13.0,1.0,0.0,0.0,0.0,154.0,11.0,3.0,0.1134020618556701
1778,1.0,1.0,0.0,0.0,1.0,95.0,15.0,3.0,0.0
1779,6.0,1.0,0.0,1.0,0.0,228.0,17.0,3.0,0.030927835051546393
1780,1.0,1.0,0.0,0.0,0.0,195.0,18.0,3.0,0.0
1781,4.0,1.0,0.0,0.0,0.0,91.0,19.0,3.0,0.010309278350515464
1782,7.0,1.0,0.0,0.0,0.0,119.0,20.0,3.0,0.030927835051546393
1783,6.0,1.0,0.0,0.0,0.0,163.0,21.0,3.0,0.010309278350515464
1784,1.0,1.0,0.0,0.0,0.0,213.0,7.0,4.0,0.0
1785,2.0,1.0,0.0,0.0,0.0,182.0,7.0,4.0,0.010309278350515464
1786,6.0,1.0,0.0,0.0,0.0,88.0,9.0,4.0,0.030927835051546393
1787,15.0,1.0,0.0,0.0,0.0,166.0,11.0,4.0,0.010309278350515464
1788,4.0,1.0,0.0,0.0,1.0,122.0,19.0,4.0,0.020618556701030927
1789,17.0,1.0,0.0,0.0,1.0,184.0,19.0,4.0,0.07216494845360824
1790,2.0,1.0,0.0,0.0,0.0,182.0,21.0,4.0,0.010309278350515464
1791,2.0,1.0,0.0,0.0,0.0,117.0,22.0,4.0,0.010309278350515464
1792,2.0,1.0,0.0,0.0,0.0,174.0,22.0,4.0,0.0
1793,1.0,1.0,0.0,0.0,0.0,96.0,22.0,4.0,0.0
1794,29.0,1.0,0.0,0.0,0.0,124.0,22.0,4.0,0.08247422680412371
1795,26.0,1.0,0.0,0.0,0.0,372.0,15.0,5.0,0.10309278350515463
1796,12.0,1.0,0.0,0.0,1.0,149.0,21.0,5.0,0.07216494845360824
1797,4.0,1.0,0.0,0.0,0.0,97.0,19.0,6.0,0.010309278350515464
1798,2.0,1.0,0.0,0.0,0.0,3179.0,21.0,6.0,0.010309278350515464
1799,21.0,1.0,0.0,0.0,1.0,477.0,21.0,6.0,0.030927835051546393
1800,11.0,1.0,0.0,0.0,0.0,124.0,9.0,0.0,0.041237113402061855
1801,2.0,1.0,0.0,0.0,0.0,103.0,19.0,0.0,0.010309278350515464
1802,14.0,1.0,0.0,0.0,0.0,113.0,21.0,0.0,0.08247422680412371
1803,2.0,1.0,0.0,0.0,1.0,162.0,9.0,1.0,0.0
1804,3.0,1.0,0.0,0.0,0.0,150.0,9.0,1.0,0.010309278350515464
1805,6.0,1.0,0.0,0.0,1.0,162.0,10.0,1.0,0.010309278350515464
1806,2.0,1.0,0.0,0.0,0.0,200.0,11.0,1.0,0.0
1807,3.0,1.0,0.0,0.0,0.0,200.0,12.0,1.0,0.0
1808,3.0,1.0,0.0,0.0,0.0,132.0,16.0,1.0,0.010309278350515464
1809,4.0,1.0,0.0,0.0,0.0,110.0,17.0,1.0,0.0
1810,5.0,1.0,0.0,0.0,0.0,138.0,18.0,1.0,0.030927835051546393
1811,3.0,1.0,0.0,0.0,0.0,138.0,19.0,1.0,0.010309278350515464
1812,11.0,1.0,0.0,0.0,0.0,230.0,19.0,1.0,0.05154639175257732
1813,3.0,1.0,0.0,0.0,0.0,112.0,15.0,2.0,0.0
1814,16.0,1.0,0.0,0.0,0.0,137.0,19.0,2.0,0.020618556701030927
1815,13.0,1.0,0.0,0.0,1.0,130.0,22.0,2.0,0.020618556701030927
1816,2.0,1.0,0.0,0.0,1.0,130.0,7.0,3.0,0.010309278350515464
1817,2.0,1.0,0.0,0.0,0.0,88.0,8.0,3.0,0.010309278350515464
1818,1.0,1.0,0.0,0.0,1.0,249.0,12.0,3.0,0.0
1819,5.0,1.0,0.0,0.0,0.0,105.0,12.0,3.0,0.020618556701030927
1820,4.0,1.0,0.0,0.0,0.0,317.0,15.0,3.0,0.010309278350515464
1821,4.0,1.0,0.0,0.0,1.0,122.0,20.0,3.0,0.0
1822,6.0,1.0,0.0,0.0,0.0,108.0,23.0,3.0,0.020618556701030927
1823,3.0,1.0,0.0,0.0,0.0,161.0,10.0,4.0,0.010309278350515464
1824,6.0,1.0,0.0,0.0,1.0,97.0,14.0,4.0,0.041237113402061855
1825,6.0,1.0,0.0,0.0,0.0,361.0,18.0,4.0,0.020618556701030927
1826,1.0,1.0,0.0,0.0,0.0,84.0,18.0,4.0,0.0
1827,12.0,1.0,0.0,0.0,0.0,3225.0,19.0,4.0,0.05154639175257732
1828,14.0,1.0,0.0,0.0,0.0,81.0,7.0,5.0,0.05154639175257732
1829,5.0,1.0,0.0,0.0,1.0,83.0,14.0,5.0,0.030927835051546393
1830,3.0,1.0,0.0,0.0,1.0,130.0,16.0,5.0,0.0
1831,5.0,1.0,0.0,0.0,0.0,98.0,20.0,5.0,0.020618556701030927
1832,2.0,1.0,0.0,0.0,1.0,109.0,9.0,6.0,0.010309278350515464
1833,11.0,1.0,0.0,0.0,1.0,131.0,13.0,6.0,0.041237113402061855
1834,28.0,1.0,0.0,0.0,1.0,146.0,8.0,0.0,0.10309278350515463
1835,6.0,1.0,0.0,0.0,0.0,82.0,12.0,0.0,0.05154639175257732
1836,19.0,1.0,0.0,0.0,0.0,180.0,14.0,0.0,0.12371134020618557
1837,11.0,1.0,0.0,0.0,1.0,126.0,20.0,0.0,0.061855670103092786
1838,11.0,1.0,0.0,0.0,0.0,122.0,11.0,1.0,0.010309278350515464
1839,28.0,1.0,0.0,0.0,1.0,245.0,13.0,1.0,0.05154639175257732
1840,14.0,1.0,0.0,0.0,0.0,420.0,9.0,2.0,0.030927835051546393
1841,5.0,1.0,0.0,0.0,0.0,278.0,13.0,2.0,0.010309278350515464
1842,3.0,1.0,0.0,0.0,0.0,232.0,13.0,2.0,0.010309278350515464
1843,8.0,1.0,0.0,0.0,0.0,106.0,13.0,2.0,0.05154639175257732
1844,17.0,1.0,0.0,0.0,0.0,121.0,15.0,2.0,0.041237113402061855
1845,22.0,1.0,0.0,0.0,0.0,151.0,19.0,2.0,0.041237113402061855
1846,5.0,1.0,0.0,0.0,0.0,152.0,17.0,3.0,0.010309278350515464
1847,12.0,1.0,0.0,0.0,1.0,259.0,19.0,3.0,0.041237113402061855
1848,17.0,1.0,0.0,0.0,1.0,126.0,18.0,4.0,0.05154639175257732
1849,9.0,1.0,0.0,0.0,0.0,111.0,8.0,5.0,0.020618556701030927
1850,27.0,1.0,0.0,0.0,0.0,126.0,17.0,5.0,0.030927835051546393
1851,4.0,1.0,0.0,0.0,0.0,159.0,9.0,6.0,0.020618556701030927
1852,14.0,1.0,0.0,0.0,0.0,118.0,10.0,6.0,0.05154639175257732
1853,5.0,1.0,0.0,0.0,0.0,175.0,21.0,6.0,0.010309278350515464
1854,10.0,1.0,0.0,0.0,0.0,150.0,21.0,6.0,0.05154639175257732
1855,38.0,1.0,0.0,0.0,0.0,85.0,13.0,0.0,0.15463917525773196
1856,48.0,1.0,0.0,0.0,0.0,85.0,9.0,1.0,0.09278350515463918
1857,5.0,1.0,0.0,0.0,0.0,132.0,23.0,1.0,0.041237113402061855
1858,13.0,1.0,0.0,0.0,0.0,636.0,7.0,2.0,0.05154639175257732
1859,5.0,1.0,0.0,0.0,0.0,85.0,12.0,2.0,0.020618556701030927
1860,59.0,1.0,0.0,0.0,0.0,319.0,15.0,2.0,0.12371134020618557
1861,1.0,1.0,0.0,0.0,0.0,338.0,16.0,3.0,0.0
1862,1.0,1.0,0.0,0.0,0.0,106.0,17.0,3.0,0.0
1863,24.0,1.0,0.0,0.0,0.0,97.0,17.0,3.0,0.10309278350515463
1864,41.0,1.0,0.0,0.0,1.0,473.0,7.0,4.0,0.13402061855670103
1865,2.0,1.0,0.0,0.0,1.0,84.0,23.0,4.0,0.010309278350515464
1866,31.0,1.0,0.0,0.0,1.0,896.0,11.0,5.0,0.13402061855670103
1867,8.0,1.0,0.0,0.0,1.0,131.0,17.0,0.0,0.030927835051546393
1868,5.0,1.0,0.0,0.0,0.0,126.0,22.0,0.0,0.030927835051546393
1869,8.0,1.0,0.0,0.0,0.0,140.0,12.0,1.0,0.030927835051546393
1870,3.0,1.0,0.0,0.0,0.0,95.0,20.0,1.0,0.010309278350515464
1871,4.0,1.0,0.0,0.0,1.0,332.0,21.0,1.0,0.020618556701030927
1872,8.0,1.0,0.0,0.0,0.0,111.0,11.0,2.0,0.030927835051546393
1873,9.0,1.0,0.0,1.0,0.0,143.0,14.0,2.0,0.05154639175257732
1874,11.0,1.0,0.0,0.0,0.0,92.0,19.0,2.0,0.05154639175257732
1875,1.0,1.0,0.0,0.0,1.0,81.0,13.0,3.0,0.0
1876,10.0,1.0,0.0,0.0,0.0,83.0,13.0,3.0,0.08247422680412371
1877,7.0,1.0,0.0,0.0,1.0,124.0,19.0,3.0,0.041237113402061855
1878,1.0,1.0,0.0,0.0,0.0,277.0,20.0,3.0,0.0
1879,5.0,1.0,0.0,0.0,0.0,132.0,20.0,3.0,0.030927835051546393
1880,6.0,1.0,0.0,0.0,0.0,235.0,9.0,4.0,0.010309278350515464
1881,9.0,1.0,0.0,0.0,0.0,258.0,14.0,4.0,0.020618556701030927
1882,3.0,1.0,0.0,0.0,0.0,125.0,18.0,4.0,0.010309278350515464
1883,6.0,1.0,0.0,0.0,0.0,136.0,19.0,4.0,0.010309278350515464
1884,10.0,1.0,0.0,0.0,1.0,133.0,22.0,4.0,0.05154639175257732
1885,54.0,1.0,0.0,0.0,0.0,201.0,17.0,5.0,0.12371134020618557
1886,9.0,1.0,0.0,0.0,0.0,164.0,20.0,1.0,0.041237113402061855
1887,6.0,1.0,0.0,0.0,0.0,169.0,8.0,2.0,0.020618556701030927
1888,4.0,1.0,0.0,0.0,0.0,659.0,11.0,2.0,0.0
1889,6.0,1.0,0.0,0.0,0.0,156.0,16.0,2.0,0.041237113402061855
1890,3.0,1.0,0.0,0.0,1.0,472.0,19.0,2.0,0.010309278350515464
1891,6.0,1.0,0.0,0.0,1.0,85.0,6.0,3.0,0.05154639175257732
1892,15.0,1.0,0.0,0.0,1.0,210.0,11.0,3.0,0.061855670103092786
1893,2.0,1.0,0.0,0.0,0.0,191.0,6.0,4.0,0.010309278350515464
1894,13.0,1.0,0.0,0.0,0.0,320.0,9.0,4.0,0.010309278350515464
1895,65.0,1.0,0.0,0.0,0.0,130.0,16.0,4.0,0.15463917525773196
1896,5.0,1.0,0.0,0.0,0.0,274.0,23.0,6.0,0.010309278350515464
1897,7.0,1.0,0.0,0.0,0.0,514.0,12.0,0.0,0.030927835051546393
1898,6.0,1.0,0.0,0.0,0.0,178.0,17.0,0.0,0.030927835051546393
1899,3.0,1.0,0.0,0.0,0.0,451.0,21.0,0.0,0.010309278350515464
1900,3.0,1.0,0.0,0.0,0.0,173.0,21.0,0.0,0.010309278350515464
1901,2.0,1.0,0.0,0.0,0.0,451.0,23.0,0.0,0.010309278350515464
1902,6.0,1.0,0.0,0.0,0.0,156.0,10.0,1.0,0.030927835051546393
1903,45.0,1.0,0.0,0.0,0.0,170.0,20.0,1.0,0.16494845360824742
1904,17.0,1.0,0.0,0.0,1.0,113.0,11.0,2.0,0.041237113402061855
1905,1.0,1.0,0.0,0.0,0.0,101.0,12.0,2.0,0.0
1906,23.0,1.0,0.0,0.0,0.0,231.0,12.0,2.0,0.061855670103092786
1907,2.0,1.0,0.0,0.0,1.0,100.0,5.0,3.0,0.0
1908,12.0,1.0,0.0,0.0,0.0,101.0,9.0,3.0,0.041237113402061855
1909,28.0,1.0,0.0,0.0,1.0,94.0,13.0,3.0,0.12371134020618557
1910,2.0,1.0,0.0,0.0,0.0,230.0,15.0,3.0,0.0
1911,1.0,1.0,0.0,0.0,0.0,122.0,15.0,3.0,0.0
1912,9.0,1.0,0.0,0.0,0.0,293.0,15.0,3.0,0.041237113402061855
1913,3.0,1.0,0.0,0.0,0.0,188.0,19.0,3.0,0.010309278350515464
1914,3.0,1.0,0.0,0.0,0.0,120.0,19.0,3.0,0.020618556701030927
1915,1.0,1.0,0.0,0.0,0.0,97.0,19.0,3.0,0.0
1916,5.0,1.0,0.0,0.0,0.0,148.0,19.0,3.0,0.010309278350515464
1917,6.0,1.0,0.0,0.0,0.0,85.0,22.0,3.0,0.010309278350515464
1918,55.0,1.0,0.0,0.0,0.0,95.0,6.0,4.0,0.14432989690721648
1919,4.0,1.0,0.0,0.0,0.0,300.0,17.0,4.0,0.010309278350515464
1920,13.0,1.0,0.0,0.0,0.0,400.0,17.0,4.0,0.010309278350515464
1921,9.0,1.0,0.0,0.0,0.0,83.0,19.0,4.0,0.020618556701030927
1922,3.0,1.0,0.0,0.0,0.0,82.0,20.0,4.0,0.020618556701030927
1923,3.0,1.0,0.0,0.0,0.0,650.0,8.0,5.0,0.010309278350515464
1924,8.0,1.0,0.0,0.0,0.0,512.0,9.0,5.0,0.030927835051546393
1925,4.0,1.0,0.0,0.0,1.0,156.0,15.0,5.0,0.010309278350515464
1926,2.0,1.0,0.0,0.0,0.0,194.0,16.0,5.0,0.010309278350515464
1927,3.0,1.0,0.0,0.0,0.0,174.0,17.0,5.0,0.0
1928,22.0,1.0,0.0,0.0,0.0,118.0,17.0,5.0,0.041237113402061855
1929,5.0,1.0,0.0,0.0,1.0,93.0,9.0,6.0,0.010309278350515464
1930,13.0,1.0,0.0,1.0,0.0,92.0,11.0,6.0,0.041237113402061855
1931,6.0,1.0,0.0,0.0,1.0,146.0,20.0,6.0,0.020618556701030927
1932,24.0,1.0,0.0,0.0,0.0,206.0,9.0,0.0,0.030927835051546393
1933,12.0,1.0,0.0,0.0,0.0,117.0,15.0,0.0,0.020618556701030927
1934,2.0,1.0,0.0,0.0,0.0,248.0,19.0,0.0,0.010309278350515464
1935,9.0,1.0,0.0,0.0,0.0,437.0,20.0,0.0,0.041237113402061855
1936,2.0,1.0,0.0,0.0,0.0,95.0,12.0,1.0,0.0
1937,52.0,1.0,0.0,0.0,0.0,126.0,12.0,1.0,0.10309278350515463
1938,13.0,1.0,0.0,1.0,0.0,83.0,16.0,1.0,0.041237113402061855
1939,48.0,1.0,0.0,0.0,1.0,103.0,20.0,1.0,0.12371134020618557
1940,8.0,1.0,0.0,0.0,1.0,81.0,15.0,2.0,0.030927835051546393
1941,3.0,1.0,0.0,1.0,0.0,192.0,18.0,2.0,0.010309278350515464
1942,10.0,1.0,0.0,1.0,0.0,228.0,19.0,2.0,0.05154639175257732
1943,2.0,1.0,0.0,0.0,0.0,202.0,21.0,2.0,0.010309278350515464
1944,1.0,1.0,0.0,0.0,0.0,256.0,21.0,2.0,0.0
1945,7.0,1.0,0.0,0.0,1.0,221.0,22.0,2.0,0.030927835051546393
1946,29.0,1.0,0.0,0.0,0.0,112.0,6.0,3.0,0.08247422680412371
1947,10.0,1.0,0.0,0.0,0.0,233.0,9.0,3.0,0.041237113402061855
1948,7.0,1.0,0.0,0.0,0.0,87.0,10.0,3.0,0.010309278350515464
1949,29.0,1.0,0.0,0.0,0.0,214.0,11.0,3.0,0.061855670103092786
1950,1.0,1.0,0.0,0.0,0.0,183.0,14.0,3.0,0.0
1951,1.0,1.0,0.0,0.0,0.0,138.0,14.0,3.0,0.0
1952,5.0,1.0,0.0,0.0,1.0,83.0,15.0,3.0,0.020618556701030927
1953,16.0,1.0,0.0,0.0,0.0,167.0,16.0,3.0,0.030927835051546393
1954,24.0,1.0,0.0,0.0,1.0,90.0,19.0,3.0,0.09278350515463918
1955,1.0,1.0,0.0,0.0,0.0,209.0,16.0,4.0,0.0
1956,5.0,1.0,0.0,0.0,0.0,81.0,18.0,4.0,0.0
1957,3.0,1.0,0.0,0.0,1.0,136.0,18.0,4.0,0.010309278350515464
1958,8.0,1.0,0.0,0.0,0.0,95.0,22.0,4.0,0.041237113402061855
1959,14.0,1.0,0.0,0.0,0.0,206.0,12.0,5.0,0.07216494845360824
1960,6.0,1.0,0.0,0.0,0.0,107.0,15.0,5.0,0.041237113402061855
1961,1.0,1.0,0.0,0.0,0.0,398.0,9.0,6.0,0.0
1962,21.0,1.0,0.0,1.0,1.0,127.0,17.0,6.0,0.10309278350515463
1963,13.0,1.0,0.0,0.0,0.0,116.0,0.0,1.0,0.07216494845360824
1964,6.0,1.0,0.0,0.0,1.0,195.0,11.0,1.0,0.041237113402061855
1965,32.0,1.0,0.0,0.0,0.0,149.0,12.0,1.0,0.13402061855670103
1966,2.0,1.0,0.0,0.0,1.0,207.0,12.0,3.0,0.010309278350515464
1967,1.0,1.0,0.0,0.0,0.0,111.0,20.0,3.0,0.0
1968,16.0,1.0,0.0,0.0,0.0,142.0,20.0,3.0,0.030927835051546393
1969,35.0,1.0,0.0,0.0,0.0,116.0,10.0,4.0,0.10309278350515463
1970,3.0,1.0,0.0,1.0,1.0,134.0,19.0,4.0,0.010309278350515464
1971,7.0,1.0,0.0,0.0,1.0,265.0,21.0,4.0,0.041237113402061855
1972,34.0,1.0,0.0,0.0,0.0,148.0,8.0,5.0,0.08247422680412371
1973,5.0,1.0,0.0,0.0,1.0,98.0,11.0,5.0,0.010309278350515464
1974,2.0,1.0,0.0,0.0,0.0,110.0,12.0,5.0,0.0
1975,6.0,1.0,0.0,0.0,0.0,118.0,12.0,5.0,0.010309278350515464
1976,8.0,1.0,0.0,0.0,0.0,292.0,21.0,5.0,0.020618556701030927
1977,13.0,1.0,0.0,0.0,0.0,104.0,10.0,6.0,0.05154639175257732
1978,1.0,1.0,0.0,0.0,0.0,164.0,16.0,6.0,0.0
1979,3.0,1.0,0.0,0.0,1.0,211.0,16.0,6.0,0.0
1980,1.0,1.0,0.0,0.0,0.0,108.0,20.0,6.0,0.0
1981,2.0,1.0,0.0,0.0,1.0,211.0,21.0,6.0,0.0
1982,1.0,1.0,0.0,0.0,1.0,114.0,7.0,0.0,0.0
1983,5.0,1.0,0.0,0.0,0.0,122.0,7.0,0.0,0.010309278350515464
1984,7.0,1.0,0.0,0.0,0.0,94.0,8.0,0.0,0.020618556701030927
1985,2.0,1.0,0.0,0.0,1.0,143.0,9.0,0.0,0.0
1986,1.0,1.0,0.0,0.0,0.0,239.0,9.0,0.0,0.0
1987,3.0,1.0,0.0,0.0,0.0,103.0,9.0,0.0,0.0
1988,3.0,1.0,0.0,0.0,1.0,143.0,9.0,0.0,0.0
1989,1.0,1.0,0.0,0.0,0.0,292.0,9.0,0.0,0.0
1990,1.0,1.0,0.0,0.0,0.0,173.0,9.0,0.0,0.0
1991,1.0,1.0,0.0,0.0,0.0,223.0,9.0,0.0,0.0
1992,5.0,1.0,0.0,0.0,0.0,99.0,11.0,0.0,0.020618556701030927
1993,1.0,1.0,0.0,0.0,0.0,226.0,13.0,0.0,0.0
1994,1.0,1.0,0.0,0.0,0.0,158.0,13.0,0.0,0.0
1995,8.0,1.0,0.0,0.0,0.0,134.0,14.0,0.0,0.020618556701030927
1996,9.0,1.0,0.0,0.0,1.0,240.0,15.0,0.0,0.0
1997,2.0,1.0,0.0,0.0,1.0,287.0,17.0,0.0,0.0
1998,1.0,1.0,0.0,0.0,1.0,159.0,19.0,0.0,0.0
1999,2.0,1.0,0.0,0.0,0.0,116.0,19.0,0.0,0.0
2000,6.0,1.0,0.0,0.0,0.0,182.0,21.0,0.0,0.010309278350515464
2001,1.0,1.0,0.0,0.0,0.0,166.0,7.0,1.0,0.0
2002,7.0,1.0,0.0,0.0,0.0,208.0,10.0,1.0,0.0
2003,8.0,1.0,0.0,1.0,0.0,151.0,14.0,1.0,0.020618556701030927
2004,11.0,1.0,0.0,0.0,1.0,82.0,8.0,2.0,0.061855670103092786
2005,4.0,1.0,0.0,0.0,1.0,163.0,16.0,2.0,0.020618556701030927
2006,9.0,1.0,0.0,0.0,0.0,97.0,18.0,2.0,0.030927835051546393
2007,1.0,1.0,0.0,0.0,1.0,841.0,22.0,2.0,0.0
2008,6.0,1.0,0.0,0.0,0.0,215.0,23.0,2.0,0.0
2009,2.0,1.0,0.0,0.0,1.0,126.0,7.0,3.0,0.0
2010,2.0,1.0,0.0,0.0,0.0,220.0,7.0,3.0,0.0
2011,11.0,1.0,0.0,0.0,0.0,164.0,8.0,3.0,0.05154639175257732
2012,15.0,1.0,0.0,0.0,0.0,86.0,12.0,3.0,0.041237113402061855
2013,4.0,1.0,0.0,1.0,1.0,175.0,13.0,3.0,0.010309278350515464
2014,1.0,1.0,0.0,0.0,0.0,338.0,20.0,3.0,0.0
2015,7.0,1.0,0.0,0.0,0.0,134.0,20.0,3.0,0.030927835051546393
2016,1.0,1.0,0.0,0.0,0.0,125.0,10.0,4.0,0.0
2017,5.0,1.0,0.0,0.0,0.0,85.0,10.0,4.0,0.0
2018,20.0,1.0,0.0,0.0,1.0,115.0,14.0,4.0,0.061855670103092786
2019,15.0,1.0,0.0,0.0,0.0,96.0,10.0,5.0,0.030927835051546393
2020,36.0,1.0,0.0,0.0,0.0,211.0,10.0,5.0,0.061855670103092786
2021,4.0,1.0,0.0,0.0,0.0,162.0,16.0,5.0,0.010309278350515464
2022,5.0,1.0,0.0,0.0,0.0,236.0,8.0,6.0,0.010309278350515464
2023,10.0,1.0,0.0,1.0,0.0,225.0,17.0,6.0,0.041237113402061855
2024,13.0,1.0,0.0,0.0,0.0,126.0,10.0,0.0,0.05154639175257732
2025,1.0,1.0,0.0,0.0,0.0,129.0,14.0,0.0,0.0
2026,1.0,1.0,0.0,1.0,0.0,112.0,16.0,0.0,0.0
2027,3.0,1.0,0.0,0.0,0.0,159.0,17.0,0.0,0.010309278350515464
2028,7.0,1.0,0.0,1.0,1.0,212.0,19.0,0.0,0.030927835051546393
2029,2.0,1.0,0.0,0.0,0.0,230.0,8.0,1.0,0.010309278350515464
2030,23.0,1.0,0.0,0.0,0.0,108.0,11.0,1.0,0.12371134020618557
2031,21.0,1.0,0.0,0.0,1.0,157.0,17.0,1.0,0.16494845360824742
2032,3.0,1.0,0.0,0.0,0.0,345.0,22.0,1.0,0.020618556701030927
2033,16.0,1.0,0.0,0.0,0.0,403.0,12.0,2.0,0.07216494845360824
2034,15.0,1.0,0.0,0.0,0.0,82.0,21.0,2.0,0.07216494845360824
2035,1.0,1.0,0.0,0.0,0.0,274.0,11.0,3.0,0.0
2036,14.0,1.0,0.0,1.0,0.0,263.0,11.0,3.0,0.020618556701030927
2037,4.0,1.0,0.0,0.0,1.0,133.0,14.0,3.0,0.020618556701030927
2038,2.0,1.0,0.0,0.0,0.0,156.0,17.0,3.0,0.0
2039,1.0,1.0,0.0,0.0,0.0,297.0,20.0,3.0,0.0
2040,6.0,1.0,0.0,0.0,0.0,274.0,20.0,3.0,0.041237113402061855
2041,8.0,1.0,0.0,0.0,1.0,189.0,17.0,4.0,0.030927835051546393
2042,4.0,1.0,0.0,0.0,0.0,116.0,8.0,5.0,0.010309278350515464
2043,1.0,1.0,0.0,0.0,1.0,121.0,16.0,5.0,0.0
2044,6.0,1.0,0.0,0.0,0.0,248.0,17.0,5.0,0.030927835051546393
2045,19.0,1.0,0.0,0.0,0.0,86.0,6.0,6.0,0.09278350515463918
2046,6.0,1.0,0.0,0.0,0.0,168.0,20.0,6.0,0.030927835051546393
2047,4.0,1.0,0.0,0.0,0.0,190.0,3.0,0.0,0.030927835051546393
2048,30.0,1.0,0.0,0.0,1.0,170.0,11.0,0.0,0.12371134020618557
2049,6.0,1.0,0.0,0.0,0.0,240.0,11.0,1.0,0.030927835051546393
2050,2.0,1.0,0.0,0.0,0.0,84.0,15.0,1.0,0.010309278350515464
2051,3.0,1.0,0.0,0.0,0.0,136.0,19.0,1.0,0.0
2052,3.0,1.0,0.0,0.0,0.0,240.0,20.0,1.0,0.0
2053,4.0,1.0,0.0,0.0,0.0,91.0,21.0,1.0,0.020618556701030927
2054,2.0,1.0,0.0,0.0,1.0,229.0,11.0,2.0,0.010309278350515464
2055,1.0,1.0,0.0,0.0,1.0,301.0,13.0,2.0,0.0
2056,5.0,1.0,0.0,0.0,0.0,260.0,13.0,2.0,0.0
2057,3.0,1.0,0.0,0.0,0.0,124.0,16.0,2.0,0.0
2058,3.0,1.0,0.0,0.0,1.0,160.0,17.0,2.0,0.0
2059,6.0,1.0,0.0,0.0,1.0,229.0,18.0,2.0,0.020618556701030927
2060,4.0,1.0,0.0,0.0,1.0,89.0,9.0,3.0,0.010309278350515464
2061,20.0,1.0,0.0,0.0,0.0,93.0,10.0,3.0,0.041237113402061855
2062,5.0,1.0,0.0,0.0,1.0,82.0,8.0,4.0,0.020618556701030927
2063,2.0,1.0,0.0,0.0,0.0,452.0,14.0,4.0,0.0
2064,4.0,1.0,0.0,0.0,0.0,240.0,16.0,4.0,0.020618556701030927
2065,1.0,1.0,0.0,0.0,0.0,240.0,21.0,4.0,0.0
2066,4.0,1.0,0.0,0.0,0.0,95.0,7.0,5.0,0.010309278350515464
2067,1.0,1.0,0.0,0.0,1.0,975.0,10.0,5.0,0.0
2068,8.0,1.0,0.0,0.0,0.0,86.0,11.0,5.0,0.010309278350515464
2069,2.0,1.0,0.0,0.0,0.0,458.0,10.0,6.0,0.010309278350515464
2070,9.0,1.0,0.0,0.0,0.0,458.0,15.0,6.0,0.041237113402061855
2071,2.0,1.0,0.0,0.0,1.0,129.0,21.0,6.0,0.0
2072,5.0,1.0,0.0,0.0,0.0,142.0,7.0,0.0,0.020618556701030927
2073,11.0,1.0,0.0,0.0,0.0,161.0,9.0,0.0,0.061855670103092786
2074,1.0,1.0,0.0,0.0,0.0,525.0,8.0,1.0,0.0
2075,21.0,1.0,0.0,0.0,0.0,96.0,8.0,1.0,0.041237113402061855
2076,3.0,1.0,0.0,0.0,1.0,207.0,13.0,1.0,0.0
2077,2.0,1.0,0.0,0.0,1.0,130.0,14.0,1.0,0.0
2078,5.0,1.0,0.0,0.0,0.0,648.0,14.0,1.0,0.020618556701030927
2079,2.0,1.0,0.0,0.0,0.0,410.0,19.0,1.0,0.010309278350515464
2080,1.0,1.0,0.0,0.0,0.0,257.0,20.0,1.0,0.0
2081,1.0,1.0,0.0,0.0,0.0,216.0,20.0,1.0,0.0
2082,20.0,1.0,0.0,0.0,1.0,193.0,20.0,1.0,0.05154639175257732
2083,17.0,1.0,0.0,0.0,0.0,164.0,22.0,1.0,0.061855670103092786
2084,3.0,1.0,0.0,0.0,0.0,170.0,20.0,2.0,0.0
2085,1.0,1.0,0.0,0.0,0.0,510.0,20.0,2.0,0.0
2086,1.0,1.0,0.0,0.0,0.0,150.0,20.0,2.0,0.0
2087,4.0,1.0,0.0,0.0,1.0,130.0,21.0,2.0,0.020618556701030927
2088,8.0,1.0,0.0,0.0,0.0,95.0,7.0,3.0,0.020618556701030927
2089,1.0,1.0,0.0,0.0,0.0,109.0,8.0,3.0,0.0
2090,7.0,1.0,0.0,0.0,0.0,201.0,10.0,3.0,0.020618556701030927
2091,10.0,1.0,0.0,0.0,0.0,246.0,15.0,3.0,0.020618556701030927
2092,5.0,1.0,0.0,0.0,0.0,150.0,20.0,3.0,0.020618556701030927
2093,6.0,1.0,0.0,0.0,0.0,244.0,20.0,3.0,0.010309278350515464
2094,1.0,1.0,0.0,0.0,1.0,106.0,7.0,4.0,0.0
2095,1.0,1.0,0.0,0.0,0.0,150.0,7.0,4.0,0.0
2096,2.0,1.0,0.0,0.0,0.0,283.0,10.0,4.0,0.010309278350515464
2097,19.0,1.0,0.0,0.0,0.0,166.0,11.0,4.0,0.010309278350515464
2098,4.0,1.0,0.0,0.0,0.0,98.0,13.0,4.0,0.0
2099,3.0,1.0,0.0,0.0,0.0,224.0,15.0,4.0,0.010309278350515464
2100,15.0,1.0,0.0,0.0,0.0,183.0,17.0,4.0,0.05154639175257732
2101,47.0,1.0,0.0,0.0,0.0,151.0,6.0,5.0,0.09278350515463918
2102,26.0,1.0,0.0,0.0,0.0,122.0,19.0,5.0,0.05154639175257732
2103,4.0,1.0,0.0,0.0,0.0,147.0,19.0,6.0,0.010309278350515464
2104,10.0,1.0,0.0,0.0,0.0,81.0,19.0,6.0,0.030927835051546393
2105,1.0,1.0,0.0,0.0,0.0,507.0,13.0,0.0,0.0
2106,3.0,1.0,0.0,0.0,0.0,244.0,13.0,0.0,0.0
2107,9.0,1.0,0.0,0.0,0.0,509.0,13.0,0.0,0.030927835051546393
2108,5.0,1.0,0.0,0.0,0.0,421.0,21.0,0.0,0.041237113402061855
2109,6.0,1.0,0.0,0.0,0.0,102.0,8.0,1.0,0.020618556701030927
2110,9.0,1.0,0.0,0.0,1.0,108.0,12.0,1.0,0.041237113402061855
2111,1.0,1.0,0.0,0.0,1.0,159.0,13.0,1.0,0.0
2112,3.0,1.0,0.0,0.0,0.0,82.0,13.0,1.0,0.010309278350515464
2113,2.0,1.0,0.0,0.0,0.0,179.0,8.0,2.0,0.0
2114,4.0,1.0,0.0,0.0,0.0,250.0,10.0,2.0,0.0
2115,2.0,1.0,0.0,0.0,0.0,113.0,14.0,2.0,0.010309278350515464
2116,2.0,1.0,0.0,0.0,0.0,128.0,16.0,2.0,0.0
2117,2.0,1.0,0.0,0.0,0.0,163.0,17.0,2.0,0.010309278350515464
2118,1.0,1.0,0.0,0.0,0.0,294.0,9.0,3.0,0.0
2119,2.0,1.0,0.0,0.0,0.0,164.0,9.0,3.0,0.0
2120,17.0,1.0,0.0,0.0,0.0,139.0,12.0,3.0,0.08247422680412371
2121,2.0,1.0,0.0,0.0,1.0,120.0,20.0,3.0,0.010309278350515464
2122,5.0,1.0,0.0,0.0,1.0,148.0,22.0,3.0,0.030927835051546393
2123,12.0,1.0,0.0,0.0,0.0,215.0,8.0,4.0,0.010309278350515464
2124,12.0,1.0,0.0,0.0,1.0,102.0,16.0,4.0,0.041237113402061855
2125,20.0,1.0,0.0,0.0,0.0,1342.0,20.0,5.0,0.020618556701030927
2126,19.0,1.0,0.0,0.0,1.0,347.0,22.0,6.0,0.07216494845360824
2127,11.0,1.0,0.0,0.0,0.0,383.0,8.0,1.0,0.010309278350515464
2128,19.0,1.0,0.0,0.0,1.0,103.0,17.0,1.0,0.12371134020618557
2129,3.0,1.0,0.0,0.0,0.0,206.0,13.0,2.0,0.0
2130,5.0,1.0,0.0,0.0,1.0,97.0,19.0,2.0,0.010309278350515464
2131,12.0,1.0,0.0,0.0,0.0,83.0,22.0,2.0,0.020618556701030927
2132,3.0,1.0,0.0,0.0,0.0,183.0,8.0,3.0,0.010309278350515464
2133,2.0,1.0,0.0,0.0,0.0,147.0,10.0,3.0,0.0
2134,4.0,1.0,0.0,0.0,0.0,89.0,12.0,3.0,0.010309278350515464
2135,1.0,1.0,0.0,0.0,0.0,108.0,13.0,3.0,0.0
2136,1.0,1.0,0.0,0.0,0.0,182.0,14.0,3.0,0.0
2137,20.0,1.0,0.0,0.0,0.0,312.0,19.0,3.0,0.061855670103092786
2138,10.0,1.0,0.0,0.0,0.0,132.0,17.0,4.0,0.030927835051546393
2139,5.0,1.0,0.0,0.0,1.0,663.0,9.0,5.0,0.010309278350515464
2140,3.0,1.0,0.0,0.0,0.0,116.0,11.0,5.0,0.020618556701030927
2141,7.0,1.0,0.0,0.0,1.0,152.0,11.0,5.0,0.020618556701030927
2142,7.0,1.0,0.0,0.0,0.0,225.0,18.0,5.0,0.05154639175257732
2143,2.0,1.0,0.0,0.0,0.0,109.0,11.0,6.0,0.010309278350515464
2144,3.0,1.0,0.0,0.0,0.0,108.0,12.0,6.0,0.020618556701030927
2145,15.0,1.0,0.0,0.0,0.0,1056.0,17.0,6.0,0.09278350515463918
2146,1.0,1.0,0.0,0.0,0.0,1219.0,20.0,0.0,0.0
2147,28.0,1.0,0.0,0.0,0.0,1223.0,20.0,0.0,0.1134020618556701
2148,8.0,1.0,0.0,0.0,0.0,1219.0,9.0,2.0,0.020618556701030927
2149,6.0,1.0,0.0,0.0,0.0,109.0,15.0,2.0,0.010309278350515464
2150,10.0,1.0,0.0,0.0,0.0,213.0,9.0,3.0,0.041237113402061855
2151,1.0,1.0,0.0,0.0,0.0,243.0,19.0,4.0,0.0
2152,25.0,1.0,0.0,0.0,0.0,518.0,19.0,4.0,0.030927835051546393
2153,9.0,1.0,0.0,0.0,0.0,171.0,9.0,6.0,0.020618556701030927
2154,2.0,1.0,0.0,0.0,1.0,102.0,21.0,6.0,0.0
2155,10.0,1.0,0.0,1.0,1.0,76.0,22.0,6.0,0.061855670103092786
2156,1.0,1.0,0.0,0.0,0.0,89.0,13.0,0.0,0.0
2157,20.0,1.0,0.0,0.0,0.0,207.0,14.0,0.0,0.13402061855670103
2158,7.0,1.0,0.0,0.0,0.0,128.0,12.0,1.0,0.030927835051546393
2159,6.0,1.0,0.0,0.0,1.0,90.0,15.0,1.0,0.041237113402061855
2160,12.0,1.0,0.0,0.0,1.0,90.0,16.0,1.0,0.041237113402061855
2161,60.0,1.0,0.0,0.0,0.0,146.0,8.0,2.0,0.16494845360824742
2162,10.0,1.0,0.0,0.0,0.0,298.0,20.0,2.0,0.030927835051546393
2163,1.0,1.0,0.0,1.0,0.0,116.0,13.0,3.0,0.0
2164,15.0,1.0,0.0,0.0,0.0,117.0,13.0,3.0,0.05154639175257732
2165,2.0,1.0,0.0,0.0,0.0,153.0,18.0,3.0,0.0
2166,3.0,1.0,0.0,0.0,0.0,170.0,20.0,3.0,0.0
2167,4.0,1.0,0.0,0.0,0.0,298.0,22.0,3.0,0.030927835051546393
2168,13.0,1.0,0.0,0.0,0.0,166.0,10.0,4.0,0.041237113402061855
2169,3.0,1.0,0.0,0.0,0.0,197.0,11.0,4.0,0.020618556701030927
2170,3.0,1.0,0.0,0.0,0.0,306.0,13.0,4.0,0.0
2171,3.0,1.0,0.0,0.0,0.0,181.0,13.0,4.0,0.0
2172,1.0,1.0,0.0,0.0,0.0,381.0,14.0,4.0,0.0
2173,13.0,1.0,0.0,0.0,0.0,104.0,14.0,4.0,0.05154639175257732
2174,5.0,1.0,0.0,0.0,0.0,148.0,16.0,4.0,0.020618556701030927
2175,3.0,1.0,0.0,0.0,0.0,310.0,19.0,4.0,0.010309278350515464
2176,3.0,1.0,0.0,0.0,1.0,191.0,20.0,4.0,0.0
2177,2.0,1.0,0.0,0.0,0.0,116.0,20.0,4.0,0.0
2178,6.0,1.0,0.0,0.0,0.0,88.0,21.0,4.0,0.020618556701030927
2179,16.0,1.0,0.0,0.0,0.0,140.0,9.0,5.0,0.041237113402061855
2180,4.0,1.0,0.0,0.0,0.0,85.0,20.0,5.0,0.020618556701030927
2181,10.0,1.0,0.0,0.0,0.0,170.0,20.0,6.0,0.05154639175257732
2182,16.0,1.0,0.0,0.0,0.0,689.0,17.0,0.0,0.030927835051546393
2183,12.0,1.0,0.0,0.0,0.0,666.0,19.0,0.0,0.07216494845360824
2184,6.0,1.0,0.0,0.0,0.0,124.0,7.0,1.0,0.010309278350515464
2185,4.0,1.0,0.0,0.0,0.0,565.0,14.0,1.0,0.020618556701030927
2186,1.0,1.0,0.0,0.0,0.0,146.0,20.0,1.0,0.0
2187,11.0,1.0,0.0,1.0,0.0,85.0,20.0,1.0,0.07216494845360824
2188,5.0,1.0,0.0,0.0,0.0,110.0,17.0,2.0,0.030927835051546393
2189,9.0,1.0,0.0,0.0,0.0,337.0,12.0,3.0,0.020618556701030927
2190,7.0,1.0,0.0,0.0,1.0,148.0,20.0,3.0,0.020618556701030927
2191,2.0,1.0,0.0,0.0,1.0,221.0,22.0,3.0,0.010309278350515464
2192,1.0,1.0,0.0,0.0,1.0,185.0,8.0,4.0,0.0
2193,2.0,1.0,0.0,0.0,1.0,143.0,8.0,4.0,0.0
2194,1.0,1.0,0.0,0.0,1.0,185.0,8.0,4.0,0.0
2195,3.0,1.0,0.0,0.0,1.0,143.0,8.0,4.0,0.0
2196,18.0,1.0,0.0,0.0,0.0,109.0,8.0,4.0,0.09278350515463918
2197,6.0,1.0,0.0,0.0,0.0,159.0,14.0,4.0,0.041237113402061855
2198,6.0,1.0,0.0,0.0,0.0,91.0,16.0,4.0,0.030927835051546393
2199,3.0,1.0,0.0,0.0,0.0,130.0,17.0,4.0,0.010309278350515464
2200,20.0,1.0,0.0,0.0,0.0,294.0,18.0,4.0,0.14432989690721648
2201,10.0,1.0,0.0,0.0,0.0,477.0,21.0,4.0,0.05154639175257732
2202,14.0,1.0,0.0,0.0,0.0,144.0,22.0,4.0,0.07216494845360824
2203,37.0,1.0,0.0,0.0,1.0,274.0,9.0,5.0,0.1134020618556701
2204,39.0,1.0,0.0,0.0,0.0,276.0,11.0,5.0,0.14432989690721648
2205,12.0,1.0,0.0,0.0,0.0,626.0,21.0,5.0,0.08247422680412371
2206,13.0,1.0,0.0,1.0,1.0,151.0,22.0,6.0,0.07216494845360824
2207,7.0,1.0,0.0,0.0,0.0,181.0,12.0,0.0,0.020618556701030927
2208,35.0,1.0,0.0,1.0,0.0,147.0,15.0,0.0,0.1958762886597938
2209,5.0,1.0,0.0,0.0,0.0,95.0,11.0,2.0,0.030927835051546393
2210,2.0,1.0,0.0,0.0,0.0,118.0,13.0,2.0,0.0
2211,3.0,1.0,0.0,0.0,0.0,170.0,14.0,2.0,0.0
2212,3.0,1.0,0.0,0.0,0.0,267.0,18.0,2.0,0.0
2213,10.0,1.0,0.0,1.0,1.0,285.0,19.0,2.0,0.07216494845360824
2214,4.0,1.0,0.0,0.0,0.0,170.0,11.0,3.0,0.010309278350515464
2215,12.0,1.0,0.0,0.0,0.0,84.0,12.0,3.0,0.041237113402061855
2216,4.0,1.0,0.0,0.0,0.0,263.0,18.0,3.0,0.030927835051546393
2217,5.0,1.0,0.0,0.0,0.0,178.0,9.0,4.0,0.030927835051546393
2218,3.0,1.0,0.0,0.0,1.0,107.0,17.0,4.0,0.020618556701030927
2219,1.0,1.0,0.0,0.0,0.0,293.0,20.0,4.0,0.0
2220,1.0,1.0,0.0,0.0,0.0,192.0,20.0,4.0,0.0
2221,7.0,1.0,0.0,0.0,0.0,185.0,20.0,4.0,0.05154639175257732
2222,5.0,1.0,0.0,0.0,1.0,128.0,6.0,5.0,0.030927835051546393
2223,25.0,1.0,0.0,0.0,1.0,143.0,11.0,5.0,0.10309278350515463
2224,1.0,1.0,0.0,0.0,1.0,860.0,19.0,6.0,0.0
2225,4.0,1.0,0.0,0.0,1.0,835.0,20.0,6.0,0.0
2226,2.0,1.0,0.0,0.0,0.0,110.0,22.0,6.0,0.010309278350515464
2227,9.0,1.0,0.0,0.0,0.0,128.0,10.0,0.0,0.05154639175257732
2228,6.0,1.0,0.0,0.0,1.0,115.0,13.0,0.0,0.030927835051546393
2229,1.0,1.0,0.0,0.0,0.0,93.0,14.0,0.0,0.0
2230,25.0,1.0,0.0,1.0,0.0,109.0,14.0,0.0,0.1134020618556701
2231,3.0,1.0,0.0,0.0,1.0,503.0,14.0,1.0,0.010309278350515464
2232,23.0,1.0,0.0,0.0,0.0,175.0,15.0,1.0,0.08247422680412371
2233,2.0,1.0,0.0,0.0,0.0,488.0,12.0,2.0,0.0
2234,31.0,1.0,0.0,0.0,0.0,84.0,12.0,2.0,0.16494845360824742
2235,3.0,1.0,0.0,0.0,0.0,345.0,20.0,2.0,0.010309278350515464
2236,7.0,1.0,0.0,0.0,0.0,488.0,21.0,2.0,0.041237113402061855
2237,22.0,1.0,0.0,0.0,0.0,543.0,9.0,3.0,0.061855670103092786
2238,89.0,1.0,0.0,0.0,0.0,89.0,13.0,3.0,0.27835051546391754
2239,82.0,1.0,0.0,0.0,0.0,155.0,18.0,4.0,0.2268041237113402
2240,2.0,1.0,0.0,0.0,0.0,204.0,20.0,5.0,0.010309278350515464
2241,15.0,1.0,0.0,0.0,0.0,169.0,21.0,5.0,0.030927835051546393
2242,23.0,1.0,0.0,0.0,0.0,379.0,10.0,6.0,0.1134020618556701
2243,32.0,1.0,0.0,0.0,0.0,162.0,21.0,6.0,0.1958762886597938
2244,14.0,1.0,0.0,0.0,0.0,197.0,17.0,0.0,0.1134020618556701
2245,8.0,1.0,0.0,0.0,0.0,105.0,10.0,1.0,0.041237113402061855
2246,45.0,1.0,0.0,0.0,0.0,252.0,14.0,1.0,0.17525773195876287
2247,30.0,1.0,0.0,0.0,0.0,116.0,21.0,1.0,0.14432989690721648
2248,1.0,1.0,0.0,0.0,0.0,106.0,22.0,2.0,0.0
2249,2.0,1.0,0.0,0.0,0.0,114.0,6.0,3.0,0.0
2250,2.0,1.0,0.0,0.0,0.0,111.0,8.0,3.0,0.010309278350515464
2251,1.0,1.0,0.0,0.0,0.0,107.0,9.0,3.0,0.0
2252,5.0,1.0,0.0,0.0,0.0,85.0,10.0,3.0,0.020618556701030927
2253,22.0,1.0,0.0,0.0,0.0,86.0,11.0,3.0,0.07216494845360824
2254,11.0,1.0,0.0,1.0,0.0,200.0,20.0,3.0,0.041237113402061855
2255,5.0,1.0,0.0,0.0,0.0,98.0,10.0,4.0,0.0
2256,6.0,1.0,0.0,0.0,0.0,129.0,11.0,4.0,0.020618556701030927
2257,7.0,1.0,0.0,0.0,0.0,126.0,15.0,4.0,0.05154639175257732
2258,3.0,1.0,0.0,0.0,0.0,111.0,18.0,4.0,0.010309278350515464
2259,1.0,1.0,0.0,0.0,1.0,103.0,18.0,4.0,0.0
2260,10.0,1.0,0.0,0.0,0.0,236.0,18.0,4.0,0.020618556701030927
2261,2.0,1.0,0.0,0.0,0.0,287.0,22.0,4.0,0.010309278350515464
2262,8.0,1.0,0.0,0.0,1.0,249.0,22.0,4.0,0.05154639175257732
2263,7.0,1.0,0.0,0.0,0.0,98.0,8.0,5.0,0.020618556701030927
2264,3.0,1.0,0.0,0.0,0.0,89.0,10.0,5.0,0.020618556701030927
2265,6.0,1.0,0.0,0.0,0.0,86.0,13.0,5.0,0.030927835051546393
2266,2.0,1.0,0.0,0.0,0.0,106.0,18.0,6.0,0.010309278350515464
2267,3.0,1.0,0.0,0.0,0.0,90.0,19.0,6.0,0.0
2268,1.0,1.0,0.0,0.0,0.0,103.0,20.0,6.0,0.0
2269,1.0,1.0,0.0,0.0,0.0,91.0,20.0,6.0,0.0
2270,9.0,1.0,0.0,0.0,0.0,98.0,20.0,6.0,0.010309278350515464
2271,3.0,1.0,0.0,0.0,0.0,374.0,22.0,6.0,0.0
2272,3.0,1.0,0.0,0.0,1.0,270.0,22.0,6.0,0.0
2273,1.0,1.0,0.0,0.0,1.0,101.0,6.0,0.0,0.0
2274,2.0,1.0,0.0,1.0,0.0,86.0,7.0,0.0,0.010309278350515464
2275,9.0,1.0,0.0,0.0,1.0,858.0,9.0,0.0,0.061855670103092786
2276,3.0,1.0,0.0,0.0,0.0,117.0,17.0,0.0,0.0
2277,1.0,1.0,0.0,0.0,0.0,103.0,20.0,0.0,0.0
2278,7.0,1.0,0.0,0.0,0.0,106.0,22.0,0.0,0.05154639175257732
2279,22.0,1.0,0.0,0.0,1.0,292.0,12.0,1.0,0.041237113402061855
2280,36.0,1.0,0.0,0.0,0.0,776.0,22.0,1.0,0.16494845360824742
2281,1.0,1.0,0.0,0.0,0.0,178.0,20.0,3.0,0.0
2282,3.0,1.0,0.0,0.0,0.0,242.0,21.0,3.0,0.010309278350515464
2283,8.0,1.0,0.0,0.0,0.0,134.0,23.0,3.0,0.020618556701030927
2284,3.0,1.0,0.0,0.0,0.0,572.0,8.0,4.0,0.010309278350515464
2285,1.0,1.0,0.0,0.0,0.0,150.0,8.0,4.0,0.0
2286,5.0,1.0,0.0,0.0,0.0,134.0,8.0,4.0,0.0
2287,12.0,1.0,0.0,0.0,1.0,307.0,8.0,4.0,0.010309278350515464
2288,38.0,1.0,0.0,0.0,0.0,261.0,11.0,4.0,0.09278350515463918
2289,35.0,1.0,0.0,0.0,0.0,104.0,13.0,4.0,0.09278350515463918
2290,1.0,1.0,0.0,0.0,0.0,309.0,19.0,4.0,0.0
2291,16.0,1.0,0.0,0.0,1.0,190.0,22.0,4.0,0.09278350515463918
2292,1.0,1.0,0.0,0.0,0.0,155.0,20.0,5.0,0.0
2293,4.0,1.0,0.0,0.0,0.0,352.0,20.0,5.0,0.020618556701030927
2294,6.0,1.0,0.0,0.0,0.0,339.0,23.0,5.0,0.020618556701030927
2295,16.0,1.0,0.0,0.0,0.0,339.0,21.0,6.0,0.061855670103092786
2296,47.0,1.0,0.0,0.0,0.0,159.0,14.0,0.0,0.14432989690721648
2297,7.0,1.0,0.0,0.0,0.0,176.0,13.0,1.0,0.041237113402061855
2298,2.0,1.0,0.0,0.0,0.0,455.0,16.0,1.0,0.0
2299,41.0,1.0,0.0,0.0,0.0,116.0,17.0,1.0,0.32989690721649484
2300,12.0,1.0,0.0,0.0,0.0,116.0,10.0,2.0,0.07216494845360824
2301,3.0,1.0,0.0,0.0,0.0,330.0,13.0,3.0,0.020618556701030927
2302,6.0,1.0,0.0,0.0,0.0,130.0,20.0,3.0,0.05154639175257732
2303,5.0,1.0,0.0,0.0,0.0,300.0,0.0,4.0,0.020618556701030927
2304,2.0,1.0,0.0,0.0,0.0,2248.0,16.0,4.0,0.010309278350515464
2305,1.0,3.0,0.0,0.0,0.0,23.0,12.0,0.0,0.0
2306,16.0,3.0,0.0,0.0,0.0,90.0,12.0,0.0,0.13333333333333333
2307,46.0,3.0,0.0,0.0,0.0,93.0,19.0,1.0,0.3333333333333333
2308,10.0,3.0,0.0,0.0,0.0,88.0,17.0,0.0,0.2
2309,75.0,3.0,0.0,0.0,1.0,114.0,11.0,6.0,0.4666666666666667
2310,13.0,3.0,0.0,0.0,0.0,90.0,16.0,0.0,0.3333333333333333
2311,52.0,3.0,0.0,0.0,1.0,132.0,11.0,1.0,0.5333333333333333
2312,62.0,3.0,0.0,0.0,0.0,333.0,21.0,1.0,0.7333333333333333
2313,30.0,3.0,0.0,0.0,0.0,249.0,16.0,3.0,0.7333333333333333
2314,46.0,3.0,0.0,0.0,0.0,119.0,20.0,0.0,0.8666666666666667
2315,29.0,3.0,0.0,0.0,1.0,87.0,21.0,3.0,0.6666666666666666
2316,1.0,3.0,0.0,0.0,0.0,114.0,16.0,6.0,0.0
2317,40.0,3.0,0.0,0.0,0.0,2.0,16.0,6.0,0.4444444444444444
2318,3.0,3.0,0.0,0.0,1.0,197.0,14.0,2.0,0.05555555555555555
2319,9.0,3.0,0.0,0.0,0.0,121.0,18.0,2.0,0.2222222222222222
2320,1.0,3.0,0.0,0.0,1.0,130.0,22.0,2.0,0.0
2321,18.0,3.0,0.0,0.0,0.0,141.0,18.0,3.0,0.2777777777777778
2322,11.0,3.0,0.0,0.0,1.0,83.0,19.0,2.0,0.2222222222222222
2323,42.0,3.0,0.0,0.0,1.0,117.0,12.0,1.0,0.5
2324,13.0,3.0,0.0,0.0,1.0,159.0,17.0,0.0,0.1111111111111111
2325,30.0,3.0,0.0,0.0,0.0,89.0,6.0,4.0,0.5
2326,16.0,3.0,0.0,0.0,0.0,141.0,22.0,3.0,0.2777777777777778
2327,50.0,3.0,0.0,0.0,1.0,114.0,19.0,2.0,0.6111111111111112
2328,1.0,3.0,0.0,0.0,0.0,142.0,21.0,1.0,0.0
2329,57.0,3.0,0.0,0.0,0.0,133.0,21.0,1.0,0.7777777777777778
2330,4.0,3.0,0.0,0.0,0.0,153.0,19.0,3.0,0.05555555555555555
2331,2.0,3.0,0.0,0.0,0.0,138.0,19.0,3.0,0.0
2332,12.0,3.0,0.0,0.0,0.0,92.0,19.0,3.0,0.3333333333333333
2333,9.0,3.0,0.0,0.0,1.0,90.0,20.0,4.0,0.1111111111111111
2334,4.0,3.0,0.0,0.0,0.0,84.0,16.0,5.0,0.1111111111111111
2335,23.0,3.0,0.0,0.0,0.0,98.0,17.0,1.0,0.5555555555555556
2336,11.0,3.0,0.0,0.0,0.0,90.0,18.0,2.0,0.2777777777777778
2337,2.0,3.0,0.0,0.0,0.0,90.0,22.0,2.0,0.05555555555555555
2338,10.0,3.0,0.0,0.0,0.0,87.0,22.0,2.0,0.1111111111111111
2339,3.0,3.0,0.0,0.0,0.0,150.0,12.0,3.0,0.05555555555555555
2340,4.0,3.0,0.0,0.0,0.0,85.0,16.0,3.0,0.05555555555555555
2341,46.0,3.0,0.0,0.0,0.0,126.0,21.0,3.0,0.7222222222222222
2342,2.0,3.0,0.0,0.0,0.0,101.0,12.0,2.0,0.05555555555555555
2343,7.0,3.0,0.0,0.0,0.0,84.0,12.0,2.0,0.2777777777777778
2344,49.0,3.0,0.0,0.0,1.0,233.0,21.0,2.0,0.6666666666666666
2345,4.0,3.0,0.0,0.0,1.0,260.0,13.0,4.0,0.1111111111111111
2346,4.0,3.0,0.0,0.0,1.0,83.0,14.0,6.0,0.1111111111111111
2347,36.0,3.0,0.0,0.0,0.0,110.0,20.0,2.0,0.7777777777777778
2348,97.0,3.0,0.0,0.0,0.0,337.0,23.0,3.0,0.7777777777777778
2349,3.0,3.0,0.0,0.0,0.0,99.0,8.0,3.0,0.0
2350,9.0,3.0,0.0,0.0,0.0,153.0,9.0,3.0,0.2222222222222222
2351,2.0,3.0,0.0,0.0,0.0,81.0,15.0,4.0,0.0
2352,25.0,3.0,0.0,0.0,0.0,181.0,15.0,4.0,0.5555555555555556
2353,5.0,3.0,0.0,0.0,1.0,121.0,15.0,3.0,0.05555555555555555
2354,2.0,2.0,0.0,0.0,1.0,29.0,13.0,1.0,0.0
2355,11.0,2.0,0.0,0.0,1.0,208.0,13.0,1.0,0.08196721311475409
2356,8.0,2.0,0.0,1.0,0.0,106.0,11.0,3.0,0.04918032786885246
2357,2.0,2.0,0.0,0.0,0.0,636.0,9.0,1.0,0.01639344262295082
2358,4.0,2.0,0.0,0.0,0.0,286.0,5.0,2.0,0.03278688524590164
2359,5.0,2.0,0.0,0.0,0.0,91.0,11.0,2.0,0.01639344262295082
2360,3.0,2.0,0.0,0.0,0.0,91.0,11.0,2.0,0.03278688524590164
2361,7.0,2.0,0.0,0.0,1.0,155.0,11.0,2.0,0.06557377049180328
2362,1.0,2.0,0.0,0.0,1.0,197.0,12.0,2.0,0.0
2363,1.0,2.0,0.0,0.0,0.0,230.0,12.0,2.0,0.0
2364,18.0,2.0,0.0,0.0,0.0,146.0,12.0,2.0,0.11475409836065574
2365,8.0,2.0,0.0,0.0,0.0,88.0,2.0,1.0,0.06557377049180328
2366,7.0,2.0,0.0,0.0,0.0,150.0,3.0,1.0,0.08196721311475409
2367,1.0,2.0,0.0,1.0,0.0,128.0,4.0,1.0,0.0
2368,3.0,2.0,0.0,0.0,0.0,87.0,5.0,1.0,0.03278688524590164
2369,1.0,2.0,0.0,0.0,0.0,115.0,5.0,1.0,0.0
2370,8.0,2.0,0.0,0.0,0.0,88.0,6.0,1.0,0.04918032786885246
2371,9.0,2.0,0.0,0.0,0.0,102.0,8.0,1.0,0.13114754098360656
2372,8.0,2.0,0.0,0.0,0.0,107.0,10.0,1.0,0.06557377049180328
2373,1.0,2.0,0.0,0.0,1.0,115.0,21.0,2.0,0.0
2374,14.0,2.0,0.0,0.0,0.0,207.0,2.0,2.0,0.16393442622950818
2375,11.0,2.0,0.0,0.0,1.0,123.0,1.0,0.0,0.13114754098360656
2376,20.0,2.0,0.0,0.0,1.0,153.0,18.0,0.0,0.19672131147540983
2377,1.0,2.0,0.0,0.0,0.0,332.0,11.0,4.0,0.0
2378,20.0,2.0,0.0,0.0,0.0,109.0,11.0,4.0,0.11475409836065574
2379,13.0,2.0,0.0,0.0,1.0,333.0,8.0,4.0,0.08196721311475409
2380,22.0,2.0,0.0,0.0,0.0,123.0,9.0,4.0,0.04918032786885246
2381,4.0,2.0,0.0,0.0,0.0,209.0,9.0,4.0,0.01639344262295082
2382,27.0,2.0,0.0,0.0,1.0,91.0,9.0,4.0,0.21311475409836064
2383,1.0,2.0,0.0,0.0,1.0,469.0,11.0,1.0,0.0
2384,1.0,2.0,0.0,0.0,1.0,161.0,11.0,1.0,0.0
2385,3.0,2.0,0.0,0.0,0.0,403.0,1.0,2.0,0.03278688524590164
2386,46.0,2.0,0.0,0.0,0.0,98.0,2.0,1.0,0.21311475409836064
2387,4.0,2.0,0.0,0.0,0.0,168.0,7.0,1.0,0.01639344262295082
2388,39.0,2.0,0.0,0.0,0.0,100.0,10.0,1.0,0.22950819672131148
2389,1.0,2.0,0.0,0.0,1.0,187.0,3.0,3.0,0.0
2390,56.0,2.0,0.0,0.0,0.0,132.0,3.0,3.0,0.2459016393442623
2391,15.0,2.0,0.0,0.0,0.0,109.0,5.0,5.0,0.14754098360655737
2392,13.0,2.0,0.0,0.0,0.0,91.0,7.0,5.0,0.13114754098360656
2393,28.0,2.0,0.0,0.0,0.0,89.0,0.0,0.0,0.18032786885245902
2394,7.0,2.0,0.0,0.0,1.0,89.0,7.0,0.0,0.08196721311475409
2395,7.0,2.0,0.0,0.0,0.0,106.0,8.0,0.0,0.08196721311475409
2396,2.0,2.0,0.0,0.0,1.0,164.0,8.0,0.0,0.01639344262295082
2397,1.0,2.0,0.0,0.0,0.0,96.0,9.0,0.0,0.0
2398,20.0,2.0,0.0,1.0,0.0,97.0,9.0,0.0,0.13114754098360656
2399,25.0,2.0,0.0,0.0,0.0,120.0,1.0,1.0,0.18032786885245902
2400,5.0,2.0,0.0,0.0,0.0,117.0,8.0,1.0,0.03278688524590164
2401,13.0,2.0,0.0,0.0,0.0,84.0,8.0,1.0,0.04918032786885246
2402,7.0,2.0,0.0,0.0,0.0,83.0,8.0,1.0,0.04918032786885246
2403,6.0,2.0,0.0,0.0,1.0,162.0,9.0,1.0,0.08196721311475409
2404,4.0,2.0,0.0,0.0,0.0,237.0,9.0,1.0,0.04918032786885246
2405,14.0,2.0,0.0,0.0,0.0,104.0,10.0,1.0,0.11475409836065574
2406,10.0,2.0,0.0,0.0,0.0,121.0,3.0,2.0,0.03278688524590164
2407,3.0,2.0,0.0,0.0,0.0,276.0,5.0,2.0,0.01639344262295082
2408,8.0,2.0,0.0,0.0,0.0,137.0,7.0,2.0,0.08196721311475409
2409,19.0,2.0,0.0,0.0,0.0,119.0,8.0,2.0,0.16393442622950818
2410,6.0,2.0,0.0,0.0,0.0,227.0,21.0,3.0,0.06557377049180328
2411,17.0,2.0,0.0,0.0,1.0,205.0,11.0,4.0,0.09836065573770492
2412,12.0,2.0,0.0,0.0,0.0,81.0,5.0,3.0,0.11475409836065574
2413,6.0,2.0,0.0,0.0,0.0,104.0,4.0,4.0,0.04918032786885246
2414,6.0,2.0,0.0,0.0,0.0,120.0,6.0,3.0,0.06557377049180328
2415,1.0,2.0,0.0,0.0,0.0,209.0,8.0,3.0,0.0
2416,31.0,2.0,0.0,0.0,1.0,106.0,9.0,3.0,0.18032786885245902
2417,4.0,2.0,0.0,0.0,0.0,130.0,10.0,6.0,0.01639344262295082
2418,1.0,2.0,0.0,0.0,0.0,92.0,10.0,6.0,0.0
2419,4.0,2.0,0.0,0.0,0.0,430.0,11.0,6.0,0.03278688524590164
2420,3.0,2.0,0.0,0.0,0.0,99.0,11.0,6.0,0.03278688524590164
2421,6.0,2.0,0.0,0.0,1.0,129.0,12.0,6.0,0.04918032786885246
2422,1.0,2.0,0.0,0.0,0.0,91.0,1.0,0.0,0.0
2423,2.0,2.0,0.0,0.0,0.0,101.0,1.0,0.0,0.01639344262295082
2424,4.0,2.0,0.0,0.0,1.0,96.0,3.0,0.0,0.04918032786885246
2425,4.0,2.0,0.0,0.0,0.0,172.0,7.0,0.0,0.03278688524590164
2426,12.0,2.0,0.0,0.0,1.0,192.0,7.0,0.0,0.06557377049180328
2427,3.0,2.0,0.0,0.0,0.0,84.0,2.0,2.0,0.03278688524590164
2428,1.0,2.0,0.0,0.0,0.0,147.0,22.0,2.0,0.0
2429,31.0,2.0,0.0,0.0,0.0,112.0,22.0,2.0,0.2459016393442623
2430,11.0,2.0,0.0,0.0,0.0,137.0,5.0,0.0,0.11475409836065574
2431,28.0,2.0,0.0,0.0,0.0,259.0,9.0,0.0,0.21311475409836064
2432,5.0,1.0,0.0,0.0,1.0,3.0,7.0,2.0,0.043010752688172046
2433,22.0,1.0,0.0,0.0,0.0,421.0,14.0,2.0,0.11827956989247312
2434,2.0,1.0,0.0,0.0,0.0,105.0,20.0,3.0,0.010752688172043012
2435,6.0,1.0,0.0,0.0,1.0,119.0,21.0,3.0,0.021505376344086023
2436,5.0,1.0,0.0,0.0,0.0,129.0,9.0,4.0,0.03225806451612903
2437,2.0,1.0,0.0,1.0,0.0,112.0,15.0,4.0,0.010752688172043012
2438,15.0,1.0,0.0,0.0,0.0,129.0,19.0,4.0,0.07526881720430108
2439,26.0,1.0,0.0,0.0,0.0,299.0,8.0,6.0,0.10752688172043011
2440,3.0,1.0,0.0,0.0,0.0,83.0,23.0,6.0,0.0
2441,16.0,1.0,0.0,0.0,0.0,224.0,6.0,0.0,0.0967741935483871
2442,1.0,1.0,0.0,0.0,1.0,367.0,23.0,0.0,0.0
2443,15.0,1.0,0.0,0.0,1.0,150.0,6.0,1.0,0.08602150537634409
2444,1.0,1.0,0.0,0.0,0.0,135.0,20.0,2.0,0.0
2445,2.0,1.0,0.0,0.0,0.0,282.0,21.0,2.0,0.010752688172043012
2446,1.0,1.0,0.0,0.0,1.0,306.0,0.0,3.0,0.0
2447,23.0,1.0,0.0,0.0,1.0,96.0,6.0,3.0,0.0967741935483871
2448,2.0,1.0,0.0,0.0,0.0,93.0,20.0,3.0,0.010752688172043012
2449,2.0,1.0,0.0,0.0,0.0,81.0,22.0,3.0,0.010752688172043012
2450,23.0,1.0,0.0,0.0,0.0,80.0,8.0,4.0,0.07526881720430108
2451,3.0,1.0,0.0,0.0,1.0,975.0,11.0,5.0,0.021505376344086023
2452,60.0,1.0,0.0,0.0,1.0,227.0,14.0,5.0,0.1827956989247312
2453,2.0,1.0,0.0,0.0,1.0,82.0,15.0,1.0,0.010752688172043012
2454,3.0,1.0,0.0,0.0,0.0,251.0,18.0,1.0,0.010752688172043012
2455,17.0,1.0,0.0,0.0,0.0,138.0,21.0,1.0,0.10752688172043011
2456,17.0,1.0,0.0,0.0,0.0,510.0,20.0,2.0,0.10752688172043011
2457,7.0,1.0,0.0,0.0,0.0,398.0,13.0,3.0,0.03225806451612903
2458,2.0,1.0,0.0,0.0,0.0,132.0,16.0,3.0,0.0
2459,12.0,1.0,0.0,0.0,0.0,89.0,22.0,3.0,0.08602150537634409
2460,6.0,1.0,0.0,0.0,1.0,74.0,20.0,4.0,0.03225806451612903
2461,6.0,1.0,0.0,0.0,0.0,198.0,22.0,4.0,0.03225806451612903
2462,16.0,1.0,0.0,0.0,0.0,105.0,11.0,5.0,0.0967741935483871
2463,24.0,1.0,0.0,0.0,1.0,225.0,10.0,0.0,0.043010752688172046
2464,8.0,1.0,0.0,0.0,0.0,233.0,21.0,0.0,0.043010752688172046
2465,7.0,1.0,0.0,0.0,1.0,235.0,17.0,1.0,0.021505376344086023
2466,2.0,1.0,0.0,0.0,1.0,155.0,19.0,1.0,0.010752688172043012
2467,15.0,1.0,0.0,0.0,0.0,164.0,6.0,2.0,0.07526881720430108
2468,1.0,1.0,0.0,0.0,0.0,86.0,19.0,2.0,0.0
2469,1.0,1.0,0.0,0.0,0.0,86.0,20.0,2.0,0.0
2470,9.0,1.0,0.0,0.0,1.0,828.0,8.0,3.0,0.053763440860215055
2471,6.0,1.0,0.0,0.0,1.0,148.0,22.0,3.0,0.03225806451612903
2472,17.0,1.0,0.0,0.0,0.0,328.0,10.0,4.0,0.053763440860215055
2473,25.0,1.0,0.0,0.0,0.0,356.0,11.0,5.0,0.08602150537634409
2474,9.0,1.0,0.0,0.0,0.0,120.0,20.0,6.0,0.043010752688172046
2475,12.0,1.0,0.0,0.0,0.0,550.0,0.0,0.0,0.06451612903225806
2476,29.0,1.0,0.0,0.0,0.0,243.0,18.0,0.0,0.15053763440860216
2477,46.0,1.0,0.0,0.0,0.0,141.0,15.0,2.0,0.13978494623655913
2478,32.0,1.0,0.0,0.0,0.0,265.0,22.0,4.0,0.08602150537634409
2479,5.0,1.0,0.0,0.0,1.0,152.0,11.0,5.0,0.03225806451612903
2480,1.0,1.0,0.0,0.0,0.0,222.0,14.0,5.0,0.0
2481,5.0,1.0,0.0,0.0,1.0,100.0,15.0,5.0,0.021505376344086023
2482,1.0,1.0,0.0,0.0,0.0,163.0,20.0,5.0,0.0
2483,4.0,1.0,0.0,0.0,0.0,483.0,22.0,5.0,0.021505376344086023
2484,10.0,1.0,0.0,0.0,0.0,91.0,10.0,6.0,0.06451612903225806
2485,1.0,1.0,0.0,0.0,1.0,152.0,16.0,6.0,0.0
2486,8.0,1.0,0.0,0.0,0.0,86.0,18.0,6.0,0.053763440860215055
2487,3.0,1.0,0.0,0.0,0.0,222.0,11.0,0.0,0.0
2488,7.0,1.0,0.0,0.0,0.0,222.0,11.0,0.0,0.021505376344086023
2489,6.0,1.0,0.0,0.0,0.0,1219.0,20.0,0.0,0.03225806451612903
2490,15.0,1.0,0.0,0.0,0.0,396.0,21.0,0.0,0.10752688172043011
2491,1.0,1.0,0.0,0.0,1.0,116.0,20.0,2.0,0.0
2492,16.0,1.0,0.0,0.0,0.0,107.0,21.0,2.0,0.08602150537634409
2493,8.0,1.0,0.0,0.0,0.0,147.0,21.0,3.0,0.010752688172043012
2494,49.0,1.0,0.0,0.0,1.0,316.0,7.0,4.0,0.15053763440860216
2495,14.0,1.0,0.0,0.0,0.0,187.0,8.0,6.0,0.021505376344086023
2496,8.0,1.0,0.0,0.0,0.0,216.0,18.0,6.0,0.06451612903225806
2497,3.0,1.0,0.0,0.0,0.0,154.0,20.0,6.0,0.021505376344086023
2498,8.0,1.0,0.0,0.0,0.0,154.0,23.0,6.0,0.07526881720430108
2499,3.0,1.0,0.0,0.0,0.0,273.0,17.0,0.0,0.021505376344086023
2500,50.0,1.0,0.0,0.0,0.0,84.0,19.0,0.0,0.22580645161290322
2501,39.0,1.0,0.0,0.0,0.0,192.0,9.0,2.0,0.17204301075268819
2502,1.0,1.0,0.0,0.0,0.0,366.0,9.0,3.0,0.0
2503,50.0,1.0,0.0,0.0,0.0,305.0,12.0,3.0,0.13978494623655913
2504,2.0,1.0,0.0,0.0,0.0,83.0,21.0,5.0,0.0
2505,11.0,1.0,0.0,0.0,0.0,283.0,7.0,6.0,0.0967741935483871
2506,61.0,1.0,0.0,0.0,0.0,134.0,8.0,0.0,0.16129032258064516
2507,14.0,1.0,0.0,0.0,0.0,118.0,8.0,1.0,0.08602150537634409
2508,4.0,1.0,0.0,1.0,0.0,103.0,16.0,2.0,0.021505376344086023
2509,3.0,1.0,0.0,0.0,0.0,216.0,7.0,3.0,0.010752688172043012
2510,1.0,1.0,0.0,0.0,0.0,90.0,9.0,3.0,0.0
2511,10.0,1.0,0.0,0.0,1.0,339.0,9.0,3.0,0.06451612903225806
2512,11.0,1.0,0.0,0.0,0.0,103.0,7.0,4.0,0.021505376344086023
2513,2.0,1.0,0.0,0.0,0.0,514.0,14.0,4.0,0.010752688172043012
2514,8.0,1.0,0.0,0.0,0.0,104.0,16.0,4.0,0.021505376344086023
2515,2.0,1.0,0.0,0.0,0.0,294.0,18.0,4.0,0.010752688172043012
2516,20.0,1.0,0.0,0.0,0.0,294.0,18.0,4.0,0.03225806451612903
2517,1.0,1.0,0.0,1.0,0.0,81.0,20.0,4.0,0.0
2518,3.0,1.0,0.0,0.0,0.0,149.0,20.0,4.0,0.010752688172043012
2519,66.0,1.0,0.0,0.0,0.0,248.0,22.0,4.0,0.17204301075268819
2520,21.0,1.0,0.0,0.0,0.0,91.0,13.0,5.0,0.07526881720430108
2521,27.0,1.0,0.0,1.0,1.0,386.0,19.0,5.0,0.1827956989247312
2522,19.0,1.0,0.0,0.0,1.0,131.0,21.0,6.0,0.12903225806451613
2523,7.0,1.0,0.0,0.0,0.0,342.0,13.0,0.0,0.053763440860215055
2524,2.0,1.0,0.0,0.0,0.0,194.0,22.0,0.0,0.010752688172043012
2525,13.0,1.0,0.0,0.0,0.0,144.0,23.0,0.0,0.10752688172043011
2526,1.0,1.0,0.0,0.0,0.0,163.0,10.0,1.0,0.0
2527,4.0,1.0,0.0,0.0,1.0,132.0,10.0,1.0,0.03225806451612903
2528,4.0,1.0,0.0,1.0,0.0,247.0,16.0,1.0,0.010752688172043012
2529,9.0,1.0,0.0,0.0,0.0,87.0,8.0,2.0,0.043010752688172046
2530,35.0,1.0,0.0,0.0,0.0,95.0,11.0,2.0,0.0967741935483871
2531,5.0,1.0,0.0,0.0,0.0,627.0,8.0,4.0,0.043010752688172046
2532,32.0,1.0,0.0,0.0,1.0,159.0,11.0,4.0,0.0967741935483871
2533,1.0,1.0,0.0,0.0,0.0,156.0,22.0,4.0,0.0
2534,7.0,1.0,0.0,0.0,1.0,104.0,22.0,4.0,0.03225806451612903
2535,14.0,1.0,0.0,0.0,1.0,128.0,6.0,5.0,0.06451612903225806
2536,9.0,1.0,0.0,0.0,0.0,87.0,12.0,5.0,0.03225806451612903
2537,18.0,1.0,0.0,0.0,0.0,165.0,20.0,5.0,0.053763440860215055
2538,3.0,1.0,0.0,0.0,0.0,110.0,22.0,6.0,0.010752688172043012
2539,25.0,1.0,0.0,1.0,0.0,97.0,23.0,6.0,0.10752688172043011
2540,7.0,1.0,0.0,0.0,0.0,358.0,15.0,0.0,0.053763440860215055
2541,23.0,1.0,0.0,0.0,0.0,104.0,17.0,0.0,0.053763440860215055
2542,1.0,1.0,0.0,0.0,1.0,182.0,9.0,1.0,0.0
2543,28.0,1.0,0.0,0.0,1.0,182.0,10.0,1.0,0.08602150537634409
2544,2.0,1.0,0.0,0.0,1.0,286.0,19.0,1.0,0.010752688172043012
2545,9.0,1.0,0.0,0.0,1.0,169.0,21.0,1.0,0.043010752688172046
2546,14.0,1.0,0.0,0.0,1.0,171.0,9.0,2.0,0.07526881720430108
2547,65.0,1.0,0.0,0.0,1.0,600.0,18.0,2.0,0.16129032258064516
2548,11.0,1.0,0.0,0.0,0.0,171.0,11.0,4.0,0.03225806451612903
2549,8.0,1.0,0.0,0.0,0.0,285.0,12.0,4.0,0.043010752688172046
2550,24.0,1.0,0.0,0.0,0.0,242.0,14.0,4.0,0.08602150537634409
2551,96.0,1.0,0.0,0.0,1.0,147.0,6.0,5.0,0.3010752688172043
2552,5.0,1.0,0.0,0.0,0.0,146.0,8.0,0.0,0.021505376344086023
2553,1.0,1.0,0.0,0.0,0.0,152.0,12.0,0.0,0.0
2554,34.0,1.0,0.0,1.0,0.0,217.0,13.0,0.0,0.1827956989247312
2555,35.0,1.0,0.0,0.0,0.0,84.0,20.0,1.0,0.08602150537634409
2556,3.0,1.0,0.0,0.0,0.0,114.0,6.0,3.0,0.010752688172043012
2557,17.0,1.0,0.0,0.0,0.0,119.0,7.0,3.0,0.03225806451612903
2558,3.0,1.0,0.0,0.0,0.0,246.0,10.0,3.0,0.021505376344086023
2559,21.0,1.0,0.0,0.0,0.0,124.0,13.0,3.0,0.06451612903225806
2560,10.0,1.0,0.0,0.0,0.0,107.0,12.0,4.0,0.07526881720430108
2561,6.0,1.0,0.0,0.0,0.0,1219.0,21.0,4.0,0.03225806451612903
2562,19.0,1.0,0.0,0.0,0.0,86.0,13.0,5.0,0.0967741935483871
2563,8.0,1.0,0.0,0.0,1.0,89.0,14.0,6.0,0.07526881720430108
2564,1.0,1.0,0.0,1.0,0.0,86.0,7.0,0.0,0.0
2565,45.0,1.0,0.0,0.0,0.0,84.0,10.0,0.0,0.13978494623655913
2566,7.0,1.0,0.0,0.0,0.0,248.0,17.0,1.0,0.043010752688172046
2567,2.0,1.0,0.0,0.0,0.0,132.0,21.0,1.0,0.0
2568,1.0,1.0,0.0,0.0,0.0,776.0,22.0,1.0,0.0
2569,2.0,1.0,0.0,0.0,0.0,776.0,7.0,2.0,0.010752688172043012
2570,37.0,1.0,0.0,0.0,0.0,331.0,13.0,2.0,0.10752688172043011
2571,5.0,1.0,0.0,0.0,0.0,108.0,22.0,3.0,0.021505376344086023
2572,4.0,1.0,0.0,0.0,0.0,162.0,8.0,4.0,0.03225806451612903
2573,12.0,1.0,0.0,0.0,0.0,89.0,11.0,4.0,0.06451612903225806
2574,22.0,1.0,0.0,0.0,0.0,288.0,13.0,4.0,0.13978494623655913
2575,15.0,1.0,0.0,0.0,0.0,104.0,16.0,5.0,0.08602150537634409
2576,12.0,1.0,0.0,0.0,0.0,93.0,21.0,6.0,0.043010752688172046
2577,29.0,1.0,0.0,0.0,0.0,283.0,11.0,0.0,0.08602150537634409
2578,59.0,1.0,0.0,0.0,0.0,89.0,13.0,1.0,0.15053763440860216
2579,1.0,1.0,0.0,0.0,0.0,212.0,11.0,2.0,0.0
2580,8.0,1.0,0.0,0.0,0.0,212.0,12.0,2.0,0.053763440860215055
2581,2.0,1.0,0.0,0.0,0.0,212.0,15.0,2.0,0.010752688172043012
2582,1.0,1.0,0.0,0.0,0.0,87.0,15.0,2.0,0.0
2583,3.0,1.0,0.0,0.0,0.0,140.0,15.0,2.0,0.010752688172043012
2584,4.0,1.0,0.0,0.0,0.0,330.0,19.0,2.0,0.021505376344086023
2585,1.0,1.0,0.0,0.0,0.0,85.0,9.0,3.0,0.0
2586,11.0,1.0,0.0,0.0,0.0,114.0,9.0,3.0,0.0967741935483871
2587,2.0,1.0,0.0,0.0,0.0,85.0,15.0,4.0,0.010752688172043012
2588,2.0,1.0,0.0,0.0,0.0,2248.0,16.0,4.0,0.010752688172043012
2589,2.0,2.0,0.0,0.0,1.0,29.0,13.0,1.0,0.0
2590,11.0,2.0,0.0,0.0,1.0,208.0,13.0,1.0,0.05434782608695652
2591,8.0,2.0,0.0,1.0,0.0,106.0,11.0,3.0,0.03260869565217391
2592,2.0,2.0,0.0,0.0,0.0,636.0,9.0,1.0,0.010869565217391304
2593,4.0,2.0,0.0,0.0,0.0,286.0,5.0,2.0,0.021739130434782608
2594,5.0,2.0,0.0,0.0,0.0,91.0,11.0,2.0,0.010869565217391304
2595,3.0,2.0,0.0,0.0,0.0,91.0,11.0,2.0,0.021739130434782608
2596,7.0,2.0,0.0,0.0,1.0,155.0,11.0,2.0,0.043478260869565216
2597,1.0,2.0,0.0,0.0,1.0,197.0,12.0,2.0,0.0
2598,1.0,2.0,0.0,0.0,0.0,230.0,12.0,2.0,0.0
2599,18.0,2.0,0.0,0.0,0.0,146.0,12.0,2.0,0.07608695652173914
2600,8.0,2.0,0.0,0.0,0.0,88.0,2.0,1.0,0.043478260869565216
2601,7.0,2.0,0.0,0.0,0.0,150.0,3.0,1.0,0.05434782608695652
2602,1.0,2.0,0.0,1.0,0.0,128.0,4.0,1.0,0.0
2603,3.0,2.0,0.0,0.0,0.0,87.0,5.0,1.0,0.021739130434782608
2604,1.0,2.0,0.0,0.0,0.0,115.0,5.0,1.0,0.0
2605,8.0,2.0,0.0,0.0,0.0,88.0,6.0,1.0,0.03260869565217391
2606,9.0,2.0,0.0,0.0,0.0,102.0,8.0,1.0,0.08695652173913043
2607,8.0,2.0,0.0,0.0,0.0,107.0,10.0,1.0,0.043478260869565216
2608,1.0,2.0,0.0,0.0,1.0,115.0,21.0,2.0,0.0
2609,14.0,2.0,0.0,0.0,0.0,207.0,2.0,2.0,0.10869565217391304
2610,11.0,2.0,0.0,0.0,1.0,123.0,1.0,0.0,0.08695652173913043
2611,20.0,2.0,0.0,0.0,1.0,153.0,18.0,0.0,0.13043478260869565
2612,1.0,2.0,0.0,0.0,0.0,332.0,11.0,4.0,0.0
2613,20.0,2.0,0.0,0.0,0.0,109.0,11.0,4.0,0.07608695652173914
2614,13.0,2.0,0.0,0.0,1.0,333.0,8.0,4.0,0.05434782608695652
2615,22.0,2.0,0.0,0.0,0.0,123.0,9.0,4.0,0.03260869565217391
2616,4.0,2.0,0.0,0.0,0.0,209.0,9.0,4.0,0.010869565217391304
2617,27.0,2.0,0.0,0.0,1.0,91.0,9.0,4.0,0.14130434782608695
2618,1.0,2.0,0.0,0.0,1.0,469.0,11.0,1.0,0.0
2619,1.0,2.0,0.0,0.0,1.0,161.0,11.0,1.0,0.0
2620,3.0,2.0,0.0,0.0,0.0,403.0,1.0,2.0,0.021739130434782608
2621,46.0,2.0,0.0,0.0,0.0,98.0,2.0,1.0,0.14130434782608695
2622,4.0,2.0,0.0,0.0,0.0,168.0,7.0,1.0,0.010869565217391304
2623,39.0,2.0,0.0,0.0,0.0,100.0,10.0,1.0,0.15217391304347827
2624,1.0,2.0,0.0,0.0,1.0,187.0,3.0,3.0,0.0
2625,56.0,2.0,0.0,0.0,0.0,132.0,3.0,3.0,0.16304347826086957
2626,15.0,2.0,0.0,0.0,0.0,109.0,5.0,5.0,0.09782608695652174
2627,13.0,2.0,0.0,0.0,0.0,91.0,7.0,5.0,0.08695652173913043
2628,28.0,2.0,0.0,0.0,0.0,89.0,0.0,0.0,0.11956521739130435
2629,7.0,2.0,0.0,0.0,1.0,89.0,7.0,0.0,0.05434782608695652
2630,7.0,2.0,0.0,0.0,0.0,106.0,8.0,0.0,0.05434782608695652
2631,2.0,2.0,0.0,0.0,1.0,164.0,8.0,0.0,0.010869565217391304
2632,1.0,2.0,0.0,0.0,0.0,96.0,9.0,0.0,0.0
2633,20.0,2.0,0.0,1.0,0.0,97.0,9.0,0.0,0.08695652173913043
2634,25.0,2.0,0.0,0.0,0.0,120.0,1.0,1.0,0.11956521739130435
2635,5.0,2.0,0.0,0.0,0.0,117.0,8.0,1.0,0.021739130434782608
2636,13.0,2.0,0.0,0.0,0.0,84.0,8.0,1.0,0.03260869565217391
2637,7.0,2.0,0.0,0.0,0.0,83.0,8.0,1.0,0.03260869565217391
2638,6.0,2.0,0.0,0.0,1.0,162.0,9.0,1.0,0.05434782608695652
2639,4.0,2.0,0.0,0.0,0.0,237.0,9.0,1.0,0.03260869565217391
2640,14.0,2.0,0.0,0.0,0.0,104.0,10.0,1.0,0.07608695652173914
2641,10.0,2.0,0.0,0.0,0.0,121.0,3.0,2.0,0.021739130434782608
2642,3.0,2.0,0.0,0.0,0.0,276.0,5.0,2.0,0.010869565217391304
2643,8.0,2.0,0.0,0.0,0.0,137.0,7.0,2.0,0.05434782608695652
2644,19.0,2.0,0.0,0.0,0.0,119.0,8.0,2.0,0.10869565217391304
2645,6.0,2.0,0.0,0.0,0.0,227.0,21.0,3.0,0.043478260869565216
2646,17.0,2.0,0.0,0.0,1.0,205.0,11.0,4.0,0.06521739130434782
2647,12.0,2.0,0.0,0.0,0.0,81.0,5.0,3.0,0.07608695652173914
2648,6.0,2.0,0.0,0.0,0.0,104.0,4.0,4.0,0.03260869565217391
2649,6.0,2.0,0.0,0.0,0.0,120.0,6.0,3.0,0.043478260869565216
2650,1.0,2.0,0.0,0.0,0.0,209.0,8.0,3.0,0.0
2651,31.0,2.0,0.0,0.0,1.0,106.0,9.0,3.0,0.11956521739130435
2652,4.0,2.0,0.0,0.0,0.0,130.0,10.0,6.0,0.010869565217391304
2653,1.0,2.0,0.0,0.0,0.0,92.0,10.0,6.0,0.0
2654,4.0,2.0,0.0,0.0,0.0,430.0,11.0,6.0,0.021739130434782608
2655,3.0,2.0,0.0,0.0,0.0,99.0,11.0,6.0,0.021739130434782608
2656,6.0,2.0,0.0,0.0,1.0,129.0,12.0,6.0,0.03260869565217391
2657,1.0,2.0,0.0,0.0,0.0,91.0,1.0,0.0,0.0
2658,2.0,2.0,0.0,0.0,0.0,101.0,1.0,0.0,0.010869565217391304
2659,4.0,2.0,0.0,0.0,1.0,96.0,3.0,0.0,0.03260869565217391
2660,4.0,2.0,0.0,0.0,0.0,172.0,7.0,0.0,0.021739130434782608
2661,12.0,2.0,0.0,0.0,1.0,192.0,7.0,0.0,0.043478260869565216
2662,3.0,2.0,0.0,0.0,0.0,84.0,2.0,2.0,0.021739130434782608
2663,1.0,2.0,0.0,0.0,0.0,147.0,22.0,2.0,0.0
2664,31.0,2.0,0.0,0.0,0.0,112.0,22.0,2.0,0.16304347826086957
2665,11.0,2.0,0.0,0.0,0.0,137.0,5.0,0.0,0.07608695652173914
2666,38.0,2.0,0.0,0.0,0.0,259.0,9.0,0.0,0.1956521739130435
2667,37.0,2.0,0.0,0.0,1.0,114.0,3.0,3.0,0.15217391304347827
2668,1.0,2.0,0.0,0.0,0.0,241.0,3.0,0.0,0.0
2669,17.0,2.0,0.0,0.0,1.0,119.0,4.0,2.0,0.13043478260869565
2670,19.0,2.0,0.0,0.0,0.0,126.0,2.0,0.0,0.09782608695652174
2671,16.0,2.0,0.0,0.0,0.0,96.0,1.0,4.0,0.10869565217391304
2672,77.0,2.0,0.0,0.0,1.0,122.0,11.0,2.0,0.21739130434782608
2673,5.0,2.0,0.0,0.0,0.0,141.0,3.0,0.0,0.021739130434782608
2674,65.0,2.0,0.0,0.0,0.0,134.0,6.0,0.0,0.2391304347826087
2675,1.0,2.0,0.0,0.0,1.0,82.0,11.0,2.0,0.0
2676,6.0,2.0,0.0,0.0,1.0,119.0,11.0,2.0,0.05434782608695652
2677,5.0,3.0,1.0,0.0,0.0,0.0,13.0,1.0,0.25
2678,3.0,3.0,0.0,0.0,0.0,85.0,14.0,1.0,0.0625
2679,17.0,3.0,0.0,0.0,0.0,232.0,18.0,1.0,0.375
2680,6.0,3.0,0.0,0.0,0.0,111.0,0.0,3.0,0.125
2681,4.0,3.0,0.0,0.0,1.0,83.0,9.0,3.0,0.0625
2682,41.0,3.0,0.0,0.0,0.0,81.0,11.0,4.0,0.75
2683,1.0,3.0,0.0,0.0,0.0,303.0,21.0,2.0,0.0
2684,1.0,3.0,0.0,0.0,0.0,207.0,21.0,2.0,0.0
2685,1.0,3.0,0.0,0.0,0.0,171.0,21.0,2.0,0.0
2686,1.0,3.0,0.0,0.0,0.0,115.0,23.0,2.0,0.0
2687,1.0,3.0,0.0,0.0,0.0,341.0,23.0,2.0,0.0
2688,18.0,3.0,0.0,0.0,0.0,147.0,23.0,2.0,0.5
2689,4.0,3.0,0.0,0.0,1.0,100.0,18.0,0.0,0.0625
2690,2.0,3.0,0.0,0.0,0.0,170.0,12.0,4.0,0.0
2691,6.0,3.0,0.0,0.0,0.0,155.0,13.0,4.0,0.0625
2692,14.0,3.0,0.0,0.0,0.0,98.0,14.0,4.0,0.3125
2693,4.0,3.0,0.0,0.0,0.0,111.0,15.0,0.0,0.0625
2694,2.0,3.0,0.0,0.0,0.0,145.0,16.0,0.0,0.0
2695,1.0,3.0,0.0,0.0,0.0,182.0,16.0,0.0,0.0
2696,19.0,3.0,0.0,0.0,0.0,145.0,18.0,0.0,0.4375
2697,15.0,3.0,0.0,0.0,1.0,88.0,17.0,3.0,0.375
2698,1.0,3.0,0.0,0.0,0.0,119.0,22.0,6.0,0.0
2699,3.0,3.0,0.0,0.0,0.0,201.0,23.0,6.0,0.0625
2700,1.0,3.0,0.0,0.0,0.0,104.0,0.0,2.0,0.0
2701,46.0,3.0,0.0,0.0,0.0,202.0,10.0,2.0,0.625
2702,1.0,3.0,0.0,0.0,1.0,186.0,13.0,5.0,0.0
2703,1.0,3.0,0.0,0.0,1.0,112.0,13.0,5.0,0.0
2704,44.0,3.0,0.0,0.0,0.0,158.0,16.0,5.0,0.625
2705,2.0,3.0,0.0,0.0,0.0,238.0,19.0,4.0,0.0625
2706,52.0,3.0,0.0,0.0,0.0,82.0,17.0,0.0,0.625
2707,3.0,3.0,0.0,0.0,1.0,85.0,17.0,3.0,0.0625
2708,87.0,3.0,0.0,0.0,0.0,164.0,8.0,1.0,0.8125
2709,1.0,3.0,0.0,0.0,0.0,113.0,20.0,1.0,0.0
2710,7.0,3.0,0.0,0.0,0.0,232.0,20.0,1.0,0.3125
2711,66.0,3.0,0.0,0.0,0.0,92.0,21.0,3.0,0.625
2712,2.0,3.0,0.0,0.0,0.0,231.0,14.0,0.0,0.0625
2713,1.0,3.0,0.0,0.0,0.0,85.0,22.0,1.0,0.0
2714,5.0,3.0,1.0,0.0,0.0,0.0,19.0,1.0,0.25
2715,14.0,3.0,0.0,0.0,0.0,91.0,19.0,1.0,0.375
2716,4.0,3.0,0.0,0.0,0.0,86.0,17.0,3.0,0.25
2717,11.0,3.0,0.0,0.0,1.0,439.0,16.0,5.0,0.25
2718,1.0,3.0,0.0,0.0,0.0,327.0,21.0,2.0,0.0
2719,2.0,3.0,0.0,0.0,0.0,155.0,21.0,2.0,0.125
2720,3.0,3.0,0.0,0.0,1.0,183.0,23.0,2.0,0.125
2721,6.0,3.0,0.0,0.0,0.0,410.0,23.0,2.0,0.625
2722,7.0,3.0,0.0,0.0,0.0,123.0,22.0,4.0,0.375
2723,11.0,3.0,0.0,0.0,0.0,102.0,17.0,2.0,0.375
2724,6.0,3.0,0.0,0.0,0.0,103.0,13.0,5.0,0.125
2725,4.0,3.0,0.0,0.0,1.0,147.0,17.0,2.0,0.125
2726,4.0,3.0,0.0,0.0,1.0,152.0,18.0,2.0,0.125
2727,15.0,3.0,0.0,0.0,0.0,135.0,18.0,2.0,0.5
2728,8.0,3.0,0.0,0.0,0.0,124.0,16.0,5.0,0.375
2729,4.0,1.0,0.0,0.0,1.0,3.0,19.0,4.0,0.023622047244094488
2730,9.0,1.0,0.0,0.0,1.0,94.0,19.0,4.0,0.03937007874015748
2731,39.0,1.0,0.0,0.0,0.0,84.0,9.0,0.0,0.16535433070866143
2732,47.0,1.0,0.0,0.0,0.0,166.0,8.0,5.0,0.16535433070866143
2733,2.0,1.0,0.0,0.0,0.0,196.0,18.0,5.0,0.007874015748031496
2734,3.0,1.0,0.0,0.0,0.0,148.0,19.0,5.0,0.007874015748031496
2735,45.0,1.0,0.0,0.0,1.0,122.0,20.0,5.0,0.12598425196850394
2736,23.0,1.0,0.0,0.0,0.0,267.0,14.0,0.0,0.11023622047244094
2737,7.0,1.0,0.0,0.0,1.0,172.0,15.0,3.0,0.047244094488188976
2738,2.0,1.0,0.0,0.0,0.0,90.0,20.0,3.0,0.007874015748031496
2739,22.0,1.0,0.0,1.0,0.0,85.0,21.0,3.0,0.09448818897637795
2740,4.0,1.0,0.0,0.0,1.0,82.0,21.0,6.0,0.015748031496062992
2741,1.0,1.0,0.0,0.0,0.0,109.0,21.0,6.0,0.0
2742,1.0,1.0,0.0,0.0,0.0,171.0,21.0,6.0,0.0
2743,4.0,1.0,0.0,0.0,0.0,114.0,22.0,6.0,0.015748031496062992
2744,74.0,1.0,0.0,0.0,1.0,225.0,7.0,1.0,0.23622047244094488
2745,35.0,1.0,0.0,0.0,0.0,612.0,21.0,4.0,0.11811023622047244
2746,12.0,1.0,0.0,0.0,1.0,170.0,10.0,6.0,0.047244094488188976
2747,47.0,1.0,0.0,0.0,0.0,90.0,11.0,6.0,0.14173228346456693
2748,50.0,1.0,0.0,0.0,1.0,131.0,11.0,6.0,0.2283464566929134
2749,1.0,1.0,0.0,0.0,0.0,163.0,9.0,1.0,0.0
2750,6.0,1.0,0.0,0.0,0.0,163.0,9.0,1.0,0.023622047244094488
2751,36.0,1.0,0.0,0.0,0.0,163.0,10.0,1.0,0.11023622047244094
2752,3.0,1.0,0.0,0.0,1.0,238.0,14.0,2.0,0.007874015748031496
2753,3.0,1.0,0.0,0.0,0.0,84.0,19.0,2.0,0.0
2754,1.0,1.0,0.0,0.0,0.0,256.0,19.0,2.0,0.0
2755,6.0,1.0,0.0,0.0,0.0,2429.0,19.0,2.0,0.03937007874015748
2756,3.0,1.0,0.0,0.0,0.0,349.0,12.0,3.0,0.0
2757,7.0,1.0,0.0,0.0,0.0,157.0,15.0,3.0,0.03937007874015748
2758,10.0,1.0,0.0,0.0,0.0,131.0,8.0,4.0,0.047244094488188976
2759,54.0,1.0,0.0,0.0,1.0,206.0,19.0,4.0,0.15748031496062992
2760,2.0,1.0,0.0,0.0,0.0,105.0,12.0,6.0,0.007874015748031496
2761,9.0,1.0,0.0,0.0,1.0,860.0,19.0,6.0,0.047244094488188976
2762,7.0,1.0,0.0,0.0,1.0,124.0,22.0,6.0,0.031496062992125984
2763,1.0,1.0,0.0,0.0,1.0,126.0,11.0,0.0,0.0
2764,2.0,1.0,0.0,0.0,0.0,121.0,11.0,0.0,0.007874015748031496
2765,13.0,1.0,0.0,0.0,0.0,121.0,13.0,0.0,0.06299212598425197
2766,2.0,1.0,0.0,0.0,0.0,100.0,18.0,0.0,0.007874015748031496
2767,5.0,1.0,0.0,0.0,0.0,104.0,18.0,0.0,0.031496062992125984
2768,9.0,1.0,0.0,0.0,0.0,143.0,22.0,0.0,0.03937007874015748
2769,9.0,1.0,0.0,0.0,1.0,237.0,18.0,1.0,0.023622047244094488
2770,21.0,1.0,0.0,0.0,0.0,111.0,21.0,1.0,0.07086614173228346
2771,3.0,1.0,0.0,0.0,1.0,161.0,20.0,2.0,0.015748031496062992
2772,8.0,1.0,0.0,0.0,1.0,115.0,3.0,3.0,0.047244094488188976
2773,22.0,1.0,0.0,0.0,0.0,107.0,11.0,3.0,0.05511811023622047
2774,10.0,1.0,0.0,0.0,1.0,190.0,19.0,3.0,0.047244094488188976
2775,4.0,1.0,0.0,0.0,0.0,189.0,20.0,3.0,0.007874015748031496
2776,13.0,1.0,0.0,0.0,0.0,127.0,21.0,3.0,0.07086614173228346
2777,9.0,1.0,0.0,0.0,0.0,84.0,9.0,4.0,0.03937007874015748
2778,6.0,1.0,0.0,0.0,0.0,223.0,11.0,4.0,0.015748031496062992
2779,54.0,1.0,0.0,0.0,0.0,86.0,14.0,4.0,0.2047244094488189
2780,9.0,1.0,0.0,0.0,0.0,379.0,8.0,6.0,0.05511811023622047
2781,1.0,1.0,0.0,0.0,0.0,454.0,18.0,6.0,0.0
2782,23.0,1.0,0.0,0.0,0.0,330.0,19.0,6.0,0.13385826771653545
2783,17.0,1.0,0.0,0.0,0.0,433.0,20.0,0.0,0.047244094488188976
2784,29.0,1.0,0.0,0.0,0.0,273.0,18.0,1.0,0.11811023622047244
2785,18.0,1.0,0.0,0.0,0.0,82.0,20.0,2.0,0.03937007874015748
2786,13.0,1.0,0.0,0.0,0.0,158.0,21.0,2.0,0.031496062992125984
2787,43.0,1.0,0.0,0.0,1.0,137.0,5.0,3.0,0.18110236220472442
2788,16.0,1.0,0.0,0.0,0.0,88.0,11.0,2.0,0.08661417322834646
2789,8.0,1.0,0.0,0.0,1.0,249.0,19.0,2.0,0.03937007874015748
2790,15.0,1.0,0.0,1.0,0.0,81.0,20.0,2.0,0.08661417322834646
2791,20.0,1.0,0.0,0.0,0.0,206.0,23.0,2.0,0.08661417322834646
2792,43.0,1.0,0.0,0.0,1.0,212.0,10.0,5.0,0.15748031496062992
2793,20.0,1.0,0.0,0.0,0.0,142.0,11.0,5.0,0.07874015748031496
2794,26.0,1.0,0.0,0.0,1.0,125.0,18.0,5.0,0.031496062992125984
2795,9.0,1.0,0.0,0.0,0.0,249.0,21.0,5.0,0.047244094488188976
2796,18.0,1.0,0.0,0.0,1.0,81.0,7.0,1.0,0.09448818897637795
2797,8.0,1.0,0.0,0.0,0.0,189.0,15.0,1.0,0.047244094488188976
2798,1.0,1.0,0.0,0.0,0.0,102.0,8.0,3.0,0.0
2799,13.0,1.0,0.0,0.0,0.0,252.0,8.0,3.0,0.07874015748031496
2800,2.0,1.0,0.0,0.0,0.0,141.0,16.0,3.0,0.0
2801,25.0,1.0,0.0,0.0,0.0,125.0,16.0,3.0,0.12598425196850394
2802,2.0,1.0,0.0,0.0,0.0,96.0,19.0,6.0,0.0
2803,33.0,1.0,0.0,1.0,0.0,169.0,20.0,6.0,0.10236220472440945
2804,2.0,1.0,0.0,0.0,0.0,227.0,18.0,1.0,0.007874015748031496
2805,29.0,1.0,0.0,0.0,0.0,246.0,19.0,1.0,0.12598425196850394
2806,7.0,1.0,0.0,0.0,1.0,184.0,11.0,4.0,0.023622047244094488
2807,3.0,1.0,0.0,0.0,0.0,91.0,15.0,4.0,0.007874015748031496
2808,21.0,1.0,0.0,0.0,0.0,212.0,20.0,4.0,0.08661417322834646
2809,11.0,1.0,0.0,0.0,0.0,87.0,20.0,0.0,0.015748031496062992
2810,10.0,1.0,0.0,0.0,1.0,113.0,23.0,0.0,0.05511811023622047
2811,13.0,1.0,0.0,0.0,0.0,183.0,12.0,2.0,0.031496062992125984
2812,1.0,1.0,0.0,0.0,0.0,152.0,20.0,2.0,0.0
2813,1.0,1.0,0.0,0.0,0.0,107.0,20.0,2.0,0.0
2814,6.0,1.0,0.0,0.0,0.0,86.0,20.0,2.0,0.023622047244094488
2815,10.0,1.0,0.0,0.0,0.0,370.0,7.0,5.0,0.047244094488188976
2816,1.0,1.0,0.0,0.0,0.0,519.0,11.0,5.0,0.0
2817,1.0,1.0,0.0,0.0,0.0,324.0,13.0,5.0,0.0
2818,39.0,1.0,0.0,0.0,0.0,324.0,13.0,5.0,0.12598425196850394
2819,8.0,1.0,0.0,0.0,0.0,233.0,17.0,0.0,0.015748031496062992
2820,4.0,1.0,0.0,0.0,0.0,86.0,18.0,0.0,0.015748031496062992
2821,1.0,1.0,0.0,0.0,1.0,393.0,19.0,0.0,0.0
2822,1.0,1.0,0.0,0.0,1.0,393.0,19.0,0.0,0.0
2823,8.0,1.0,0.0,0.0,0.0,511.0,19.0,0.0,0.0
2824,15.0,1.0,0.0,0.0,1.0,140.0,20.0,0.0,0.047244094488188976
2825,6.0,1.0,0.0,0.0,0.0,480.0,23.0,0.0,0.0
2826,19.0,1.0,0.0,0.0,1.0,137.0,6.0,2.0,0.07086614173228346
2827,15.0,1.0,0.0,0.0,0.0,353.0,16.0,2.0,0.05511811023622047
2828,32.0,1.0,0.0,0.0,0.0,330.0,19.0,2.0,0.015748031496062992
2829,49.0,1.0,0.0,0.0,0.0,107.0,7.0,3.0,0.031496062992125984
2830,6.0,1.0,0.0,0.0,0.0,88.0,19.0,3.0,0.023622047244094488
2831,2.0,1.0,0.0,0.0,1.0,108.0,22.0,3.0,0.0
2832,15.0,1.0,0.0,0.0,0.0,300.0,23.0,3.0,0.047244094488188976
2833,12.0,1.0,0.0,0.0,0.0,572.0,13.0,4.0,0.06299212598425197
2834,15.0,1.0,0.0,0.0,1.0,66.0,18.0,4.0,0.05511811023622047
2835,1.0,1.0,0.0,0.0,1.0,1060.0,7.0,5.0,0.0
2836,2.0,1.0,0.0,0.0,0.0,444.0,7.0,5.0,0.007874015748031496
2837,4.0,1.0,0.0,0.0,1.0,492.0,10.0,5.0,0.023622047244094488
2838,9.0,1.0,0.0,0.0,1.0,374.0,13.0,5.0,0.023622047244094488
2839,3.0,1.0,0.0,0.0,0.0,82.0,19.0,5.0,0.015748031496062992
2840,17.0,1.0,0.0,0.0,0.0,152.0,19.0,5.0,0.05511811023622047
2841,17.0,1.0,0.0,0.0,0.0,93.0,21.0,5.0,0.08661417322834646
2842,6.0,1.0,0.0,0.0,0.0,190.0,9.0,6.0,0.031496062992125984
2843,9.0,1.0,0.0,0.0,0.0,424.0,22.0,6.0,0.047244094488188976
2844,77.0,1.0,0.0,0.0,0.0,181.0,10.0,0.0,0.23622047244094488
2845,6.0,1.0,0.0,0.0,1.0,100.0,10.0,3.0,0.023622047244094488
2846,2.0,1.0,0.0,0.0,0.0,301.0,13.0,3.0,0.007874015748031496
2847,4.0,1.0,0.0,0.0,0.0,126.0,13.0,3.0,0.023622047244094488
2848,34.0,1.0,0.0,1.0,0.0,97.0,14.0,3.0,0.08661417322834646
2849,11.0,1.0,0.0,0.0,0.0,541.0,8.0,4.0,0.031496062992125984
2850,7.0,1.0,0.0,1.0,1.0,395.0,14.0,4.0,0.031496062992125984
2851,26.0,1.0,0.0,1.0,0.0,153.0,17.0,4.0,0.07874015748031496
2852,5.0,1.0,0.0,0.0,0.0,216.0,20.0,5.0,0.031496062992125984
2853,1.0,1.0,0.0,0.0,1.0,1060.0,9.0,6.0,0.0
2854,2.0,1.0,0.0,0.0,0.0,444.0,9.0,6.0,0.007874015748031496
2855,12.0,1.0,0.0,0.0,0.0,107.0,9.0,6.0,0.05511811023622047
2856,10.0,1.0,0.0,0.0,0.0,115.0,15.0,6.0,0.05511811023622047
2857,7.0,1.0,0.0,0.0,1.0,538.0,21.0,6.0,0.031496062992125984
2858,6.0,3.0,0.0,0.0,0.0,24.0,13.0,1.0,0.2857142857142857
2859,44.0,3.0,0.0,0.0,0.0,279.0,14.0,1.0,0.42857142857142855
2860,51.0,3.0,0.0,0.0,0.0,88.0,19.0,3.0,0.5714285714285714
2861,14.0,3.0,0.0,0.0,0.0,164.0,8.0,1.0,0.42857142857142855
2862,33.0,3.0,0.0,0.0,0.0,153.0,14.0,0.0,0.42857142857142855
2863,8.0,2.0,0.0,0.0,1.0,23.0,17.0,1.0,0.25
2864,3.0,2.0,0.0,0.0,0.0,225.0,7.0,4.0,0.041666666666666664
2865,3.0,2.0,0.0,0.0,0.0,91.0,21.0,3.0,0.041666666666666664
2866,22.0,2.0,0.0,0.0,0.0,198.0,16.0,2.0,0.2916666666666667
2867,11.0,2.0,0.0,0.0,0.0,87.0,16.0,4.0,0.20833333333333334
2868,20.0,2.0,0.0,0.0,0.0,298.0,15.0,1.0,0.041666666666666664
2869,40.0,2.0,0.0,0.0,0.0,272.0,13.0,5.0,0.2916666666666667
2870,1.0,2.0,0.0,0.0,0.0,151.0,13.0,1.0,0.0
2871,26.0,2.0,0.0,0.0,0.0,344.0,21.0,2.0,0.16666666666666666
2872,3.0,2.0,0.0,0.0,0.0,145.0,13.0,2.0,0.08333333333333333
2873,3.0,2.0,0.0,0.0,0.0,321.0,16.0,3.0,0.041666666666666664
2874,5.0,2.0,0.0,0.0,0.0,321.0,16.0,4.0,0.08333333333333333
2875,7.0,2.0,0.0,0.0,1.0,199.0,22.0,0.0,0.16666666666666666
2876,3.0,2.0,0.0,1.0,0.0,94.0,21.0,5.0,0.041666666666666664
2877,6.0,2.0,0.0,0.0,0.0,658.0,19.0,1.0,0.08333333333333333
2878,2.0,2.0,0.0,0.0,0.0,355.0,19.0,4.0,0.0
2879,2.0,2.0,0.0,0.0,0.0,210.0,22.0,4.0,0.0
2880,23.0,2.0,0.0,0.0,0.0,527.0,19.0,5.0,0.20833333333333334
2881,14.0,2.0,0.0,0.0,0.0,527.0,22.0,0.0,0.20833333333333334
2882,1.0,2.0,0.0,0.0,1.0,114.0,11.0,6.0,0.0
2883,23.0,2.0,0.0,0.0,0.0,469.0,15.0,6.0,0.08333333333333333
2884,1.0,2.0,0.0,0.0,0.0,342.0,15.0,5.0,0.0
2885,1.0,2.0,0.0,0.0,0.0,341.0,19.0,5.0,0.0
2886,1.0,2.0,0.0,0.0,0.0,367.0,11.0,6.0,0.0
2887,32.0,3.0,0.0,0.0,0.0,14.0,19.0,2.0,0.4
2888,31.0,3.0,0.0,0.0,0.0,106.0,17.0,0.0,0.3333333333333333
2889,19.0,3.0,0.0,0.0,0.0,122.0,19.0,6.0,0.3333333333333333
2890,86.0,3.0,0.0,0.0,0.0,91.0,13.0,3.0,0.4666666666666667
2891,78.0,3.0,0.0,0.0,1.0,88.0,19.0,6.0,0.6666666666666666
2892,35.0,3.0,0.0,1.0,0.0,466.0,16.0,1.0,0.4666666666666667
2893,2.0,3.0,0.0,0.0,1.0,93.0,21.0,1.0,0.06666666666666667
2894,24.0,3.0,0.0,0.0,0.0,333.0,21.0,1.0,0.6
2895,115.0,3.0,0.0,0.0,0.0,97.0,21.0,2.0,0.6666666666666666
2896,20.0,3.0,0.0,0.0,1.0,87.0,21.0,3.0,0.4666666666666667
2897,47.0,3.0,0.0,0.0,1.0,17.0,4.0,3.0,0.45454545454545453
2898,2.0,3.0,0.0,0.0,1.0,107.0,20.0,2.0,0.0
2899,16.0,3.0,0.0,0.0,1.0,91.0,10.0,5.0,0.13636363636363635
2900,4.0,3.0,0.0,0.0,0.0,111.0,13.0,5.0,0.045454545454545456
2901,3.0,3.0,0.0,0.0,0.0,87.0,13.0,5.0,0.09090909090909091
2902,4.0,3.0,0.0,0.0,1.0,93.0,13.0,5.0,0.045454545454545456
2903,2.0,3.0,0.0,0.0,0.0,88.0,13.0,5.0,0.045454545454545456
2904,4.0,3.0,0.0,0.0,1.0,90.0,13.0,5.0,0.045454545454545456
2905,15.0,3.0,0.0,0.0,0.0,119.0,13.0,5.0,0.22727272727272727
2906,94.0,3.0,0.0,0.0,0.0,102.0,19.0,2.0,0.5454545454545454
2907,32.0,3.0,0.0,0.0,1.0,82.0,0.0,4.0,0.5
2908,23.0,3.0,0.0,0.0,0.0,132.0,17.0,2.0,0.45454545454545453
2909,24.0,3.0,0.0,0.0,1.0,77.0,23.0,2.0,0.3181818181818182
2910,9.0,3.0,0.0,0.0,0.0,84.0,11.0,3.0,0.13636363636363635
2911,33.0,3.0,0.0,0.0,1.0,94.0,11.0,4.0,0.36363636363636365
2912,60.0,3.0,0.0,0.0,1.0,88.0,20.0,2.0,0.5454545454545454
2913,5.0,3.0,0.0,0.0,1.0,93.0,13.0,2.0,0.09090909090909091
2914,24.0,3.0,0.0,0.0,1.0,78.0,14.0,2.0,0.2727272727272727
2915,6.0,3.0,0.0,0.0,0.0,137.0,16.0,2.0,0.13636363636363635
2916,3.0,3.0,0.0,0.0,0.0,89.0,17.0,2.0,0.09090909090909091
2917,1.0,3.0,0.0,0.0,1.0,84.0,18.0,2.0,0.0
2918,34.0,3.0,0.0,0.0,0.0,98.0,18.0,2.0,0.4090909090909091
2919,2.0,3.0,0.0,0.0,0.0,90.0,20.0,0.0,0.0
2920,6.0,3.0,0.0,0.0,0.0,83.0,20.0,0.0,0.045454545454545456
2921,33.0,3.0,0.0,0.0,0.0,89.0,21.0,0.0,0.3181818181818182
2922,4.0,3.0,0.0,0.0,0.0,164.0,20.0,3.0,0.09090909090909091
2923,4.0,3.0,0.0,0.0,0.0,152.0,20.0,3.0,0.045454545454545456
2924,3.0,3.0,0.0,0.0,0.0,194.0,14.0,6.0,0.045454545454545456
2925,30.0,3.0,0.0,0.0,1.0,96.0,14.0,6.0,0.36363636363636365
2926,32.0,3.0,0.0,0.0,0.0,101.0,19.0,0.0,0.36363636363636365
2927,15.0,3.0,0.0,0.0,1.0,98.0,16.0,5.0,0.36363636363636365
2928,11.0,3.0,0.0,0.0,0.0,109.0,20.0,2.0,0.09090909090909091
2929,6.0,3.0,0.0,0.0,0.0,97.0,23.0,2.0,0.09090909090909091
2930,42.0,3.0,0.0,0.0,0.0,138.0,23.0,2.0,0.3181818181818182
2931,17.0,1.0,1.0,0.0,0.0,0.0,13.0,1.0,0.1111111111111111
2932,8.0,1.0,0.0,0.0,0.0,658.0,15.0,3.0,0.07407407407407407
2933,36.0,1.0,0.0,0.0,0.0,146.0,15.0,3.0,0.14814814814814814
2934,6.0,1.0,0.0,0.0,0.0,658.0,18.0,3.0,0.037037037037037035
2935,1.0,1.0,0.0,0.0,0.0,348.0,22.0,3.0,0.0
2936,10.0,1.0,0.0,0.0,0.0,226.0,22.0,3.0,0.09259259259259259
2937,2.0,1.0,0.0,0.0,0.0,95.0,11.0,5.0,0.0
2938,7.0,1.0,0.0,0.0,0.0,167.0,11.0,5.0,0.07407407407407407
2939,1.0,1.0,0.0,0.0,0.0,299.0,18.0,1.0,0.0
2940,10.0,1.0,0.0,0.0,1.0,121.0,19.0,1.0,0.037037037037037035
2941,14.0,1.0,0.0,0.0,0.0,154.0,22.0,1.0,0.12962962962962962
2942,4.0,1.0,0.0,0.0,1.0,400.0,19.0,1.0,0.0
2943,3.0,1.0,0.0,0.0,1.0,400.0,19.0,1.0,0.0
2944,22.0,1.0,0.0,0.0,1.0,400.0,19.0,1.0,0.12962962962962962
2945,7.0,1.0,0.0,0.0,0.0,150.0,14.0,4.0,0.09259259259259259
2946,71.0,1.0,0.0,0.0,0.0,191.0,21.0,4.0,0.37037037037037035
2947,16.0,1.0,0.0,0.0,0.0,126.0,10.0,2.0,0.09259259259259259
2948,1.0,1.0,0.0,0.0,0.0,229.0,22.0,2.0,0.0
2949,15.0,1.0,0.0,0.0,1.0,161.0,22.0,2.0,0.18518518518518517
2950,5.0,1.0,0.0,0.0,1.0,86.0,16.0,4.0,0.037037037037037035
2951,7.0,1.0,0.0,0.0,0.0,106.0,16.0,4.0,0.07407407407407407
2952,14.0,1.0,0.0,0.0,0.0,86.0,6.0,0.0,0.2222222222222222
2953,6.0,1.0,0.0,0.0,1.0,133.0,13.0,0.0,0.07407407407407407
2954,2.0,1.0,0.0,0.0,0.0,106.0,20.0,0.0,0.0
2955,15.0,1.0,0.0,0.0,0.0,257.0,20.0,0.0,0.0
2956,3.0,1.0,0.0,0.0,0.0,1155.0,20.0,0.0,0.018518518518518517
2957,5.0,1.0,0.0,0.0,1.0,75.0,21.0,0.0,0.037037037037037035
2958,2.0,1.0,0.0,0.0,0.0,249.0,23.0,0.0,0.018518518518518517
2959,5.0,1.0,0.0,0.0,0.0,252.0,13.0,3.0,0.018518518518518517
2960,11.0,1.0,0.0,0.0,1.0,286.0,14.0,3.0,0.09259259259259259
2961,5.0,1.0,0.0,0.0,0.0,107.0,21.0,3.0,0.07407407407407407
2962,15.0,1.0,0.0,0.0,0.0,171.0,17.0,5.0,0.1111111111111111
2963,1.0,1.0,0.0,0.0,0.0,291.0,11.0,1.0,0.0
2964,4.0,1.0,0.0,0.0,0.0,88.0,11.0,1.0,0.018518518518518517
2965,24.0,1.0,0.0,1.0,0.0,164.0,19.0,1.0,0.14814814814814814
2966,42.0,1.0,0.0,0.0,0.0,106.0,21.0,3.0,0.14814814814814814
2967,2.0,1.0,0.0,0.0,0.0,191.0,5.0,3.0,0.018518518518518517
2968,3.0,1.0,0.0,0.0,0.0,207.0,7.0,3.0,0.0
2969,16.0,1.0,0.0,0.0,1.0,129.0,8.0,3.0,0.16666666666666666
2970,13.0,1.0,0.0,0.0,1.0,156.0,12.0,3.0,0.14814814814814814
2971,25.0,1.0,0.0,0.0,0.0,207.0,14.0,3.0,0.2777777777777778
2972,25.0,1.0,0.0,0.0,1.0,327.0,14.0,4.0,0.09259259259259259
2973,8.0,1.0,0.0,0.0,0.0,89.0,21.0,5.0,0.05555555555555555
2974,43.0,1.0,0.0,0.0,0.0,149.0,13.0,6.0,0.24074074074074073
2975,5.0,1.0,0.0,0.0,0.0,99.0,14.0,1.0,0.018518518518518517
2976,4.0,1.0,0.0,0.0,1.0,184.0,15.0,1.0,0.037037037037037035
2977,2.0,1.0,0.0,0.0,1.0,86.0,18.0,1.0,0.0
2978,1.0,1.0,0.0,0.0,0.0,88.0,18.0,1.0,0.0
2979,2.0,1.0,0.0,0.0,0.0,142.0,18.0,1.0,0.018518518518518517
2980,1.0,1.0,0.0,0.0,0.0,380.0,19.0,1.0,0.0
2981,3.0,1.0,0.0,0.0,0.0,380.0,19.0,1.0,0.0
2982,16.0,1.0,0.0,0.0,0.0,149.0,20.0,1.0,0.12962962962962962
2983,2.0,1.0,0.0,0.0,0.0,376.0,18.0,2.0,0.018518518518518517
2984,86.0,1.0,0.0,0.0,0.0,376.0,20.0,2.0,0.3333333333333333
2985,37.0,1.0,0.0,0.0,0.0,114.0,14.0,3.0,0.07407407407407407
2986,1.0,1.0,0.0,0.0,0.0,154.0,8.0,4.0,0.0
2987,1.0,1.0,0.0,0.0,1.0,204.0,9.0,4.0,0.0
2988,16.0,1.0,0.0,0.0,1.0,94.0,9.0,4.0,0.09259259259259259
2989,47.0,1.0,0.0,0.0,0.0,247.0,16.0,4.0,0.35185185185185186
2990,7.0,1.0,0.0,0.0,0.0,152.0,15.0,0.0,0.07407407407407407
2991,1.0,1.0,0.0,0.0,0.0,185.0,21.0,0.0,0.0
2992,1.0,1.0,0.0,0.0,1.0,151.0,21.0,0.0,0.0
2993,12.0,1.0,0.0,0.0,0.0,93.0,21.0,0.0,0.14814814814814814
2994,4.0,1.0,0.0,0.0,0.0,116.0,19.0,1.0,0.037037037037037035
2995,1.0,1.0,0.0,0.0,0.0,195.0,20.0,1.0,0.0
2996,7.0,1.0,0.0,0.0,1.0,567.0,20.0,1.0,0.05555555555555555
2997,1.0,1.0,0.0,0.0,0.0,960.0,8.0,2.0,0.0
2998,1.0,1.0,0.0,0.0,1.0,166.0,8.0,2.0,0.0
2999,5.0,1.0,0.0,0.0,1.0,567.0,8.0,2.0,0.037037037037037035
3000,100.0,1.0,0.0,0.0,0.0,148.0,11.0,2.0,0.4074074074074074
3001,31.0,1.0,0.0,0.0,0.0,193.0,18.0,4.0,0.3333333333333333
3002,4.0,1.0,0.0,0.0,0.0,127.0,12.0,5.0,0.018518518518518517
3003,14.0,1.0,0.0,0.0,0.0,127.0,13.0,5.0,0.05555555555555555
3004,3.0,1.0,0.0,0.0,0.0,130.0,17.0,6.0,0.037037037037037035
3005,7.0,1.0,0.0,0.0,0.0,469.0,8.0,2.0,0.018518518518518517
3006,14.0,1.0,0.0,1.0,0.0,102.0,11.0,2.0,0.0
3007,1.0,1.0,0.0,0.0,1.0,122.0,14.0,2.0,0.0
3008,7.0,1.0,0.0,0.0,0.0,194.0,14.0,2.0,0.018518518518518517
3009,6.0,1.0,0.0,0.0,0.0,91.0,16.0,2.0,0.037037037037037035
3010,13.0,1.0,0.0,0.0,1.0,92.0,18.0,2.0,0.05555555555555555
3011,10.0,1.0,0.0,0.0,1.0,122.0,9.0,2.0,0.07407407407407407
3012,6.0,1.0,0.0,0.0,0.0,109.0,19.0,2.0,0.018518518518518517
3013,6.0,1.0,0.0,0.0,1.0,606.0,21.0,2.0,0.07407407407407407
3014,6.0,1.0,0.0,0.0,0.0,97.0,9.0,5.0,0.07407407407407407
3015,27.0,1.0,0.0,0.0,1.0,173.0,19.0,5.0,0.05555555555555555
3016,24.0,1.0,0.0,0.0,0.0,103.0,11.0,0.0,0.35185185185185186
3017,4.0,1.0,0.0,0.0,0.0,428.0,22.0,0.0,0.037037037037037035
3018,11.0,1.0,0.0,0.0,0.0,161.0,8.0,3.0,0.037037037037037035
3019,1.0,1.0,0.0,0.0,0.0,415.0,11.0,3.0,0.0
3020,8.0,1.0,0.0,0.0,1.0,229.0,18.0,3.0,0.037037037037037035
3021,38.0,1.0,0.0,0.0,1.0,99.0,5.0,5.0,0.2037037037037037
3022,13.0,1.0,0.0,0.0,0.0,281.0,20.0,4.0,0.1111111111111111
3023,15.0,1.0,0.0,0.0,0.0,253.0,11.0,6.0,0.018518518518518517
3024,8.0,1.0,0.0,0.0,0.0,253.0,13.0,6.0,0.0
3025,3.0,1.0,0.0,0.0,1.0,367.0,22.0,6.0,0.018518518518518517
3026,5.0,1.0,0.0,1.0,0.0,109.0,11.0,2.0,0.037037037037037035
3027,3.0,1.0,0.0,0.0,1.0,112.0,20.0,2.0,0.018518518518518517
3028,8.0,1.0,0.0,1.0,0.0,109.0,22.0,2.0,0.0
3029,2.0,1.0,0.0,0.0,1.0,244.0,23.0,2.0,0.018518518518518517
3030,20.0,1.0,0.0,0.0,1.0,104.0,10.0,4.0,0.16666666666666666
3031,13.0,1.0,0.0,0.0,0.0,114.0,19.0,4.0,0.12962962962962962
3032,3.0,1.0,0.0,1.0,0.0,129.0,16.0,4.0,0.0
3033,12.0,1.0,0.0,0.0,1.0,211.0,20.0,4.0,0.07407407407407407
3034,3.0,1.0,0.0,0.0,0.0,89.0,14.0,5.0,0.018518518518518517
3035,6.0,1.0,0.0,0.0,0.0,406.0,21.0,5.0,0.05555555555555555
3036,1.0,1.0,0.0,0.0,0.0,92.0,18.0,6.0,0.0
3037,6.0,1.0,0.0,0.0,0.0,92.0,18.0,6.0,0.037037037037037035
3038,2.0,1.0,0.0,0.0,1.0,328.0,10.0,0.0,0.0
3039,5.0,1.0,0.0,0.0,1.0,124.0,10.0,0.0,0.018518518518518517
3040,5.0,1.0,0.0,0.0,0.0,209.0,14.0,0.0,0.018518518518518517
3041,32.0,1.0,0.0,0.0,0.0,143.0,20.0,0.0,0.24074074074074073
3042,1.0,1.0,0.0,0.0,0.0,100.0,17.0,1.0,0.0
3043,4.0,1.0,0.0,0.0,0.0,131.0,17.0,1.0,0.0
3044,1.0,1.0,0.0,0.0,1.0,118.0,17.0,1.0,0.0
3045,1.0,1.0,0.0,0.0,0.0,236.0,18.0,1.0,0.0
3046,1.0,1.0,0.0,0.0,1.0,291.0,18.0,1.0,0.0
3047,4.0,1.0,0.0,0.0,0.0,233.0,21.0,1.0,0.0
3048,3.0,1.0,0.0,0.0,0.0,83.0,21.0,1.0,0.0
3049,1.0,1.0,0.0,0.0,1.0,118.0,21.0,1.0,0.0
3050,1.0,1.0,0.0,0.0,0.0,236.0,21.0,1.0,0.0
3051,6.0,1.0,0.0,0.0,1.0,291.0,21.0,1.0,0.037037037037037035
3052,19.0,1.0,0.0,0.0,1.0,111.0,9.0,2.0,0.18518518518518517
3053,2.0,1.0,0.0,0.0,0.0,156.0,20.0,2.0,0.018518518518518517
3054,1.0,1.0,0.0,1.0,0.0,94.0,8.0,3.0,0.0
3055,7.0,1.0,0.0,1.0,0.0,95.0,8.0,3.0,0.09259259259259259
3056,23.0,1.0,0.0,0.0,0.0,159.0,21.0,3.0,0.14814814814814814
3057,63.0,1.0,0.0,0.0,0.0,100.0,10.0,5.0,0.2962962962962963
3058,2.0,1.0,0.0,0.0,0.0,91.0,19.0,0.0,0.0
3059,8.0,1.0,0.0,0.0,1.0,185.0,20.0,0.0,0.05555555555555555
3060,20.0,1.0,0.0,0.0,1.0,195.0,7.0,1.0,0.14814814814814814
3061,6.0,1.0,0.0,0.0,1.0,95.0,6.0,2.0,0.05555555555555555
3062,5.0,1.0,0.0,0.0,0.0,238.0,13.0,2.0,0.037037037037037035
3063,6.0,1.0,0.0,0.0,1.0,145.0,20.0,2.0,0.07407407407407407
3064,1.0,1.0,0.0,0.0,1.0,186.0,15.0,3.0,0.0
3065,1.0,1.0,0.0,0.0,0.0,153.0,20.0,3.0,0.0
3066,5.0,1.0,0.0,0.0,1.0,205.0,22.0,3.0,0.018518518518518517
3067,15.0,1.0,0.0,0.0,1.0,236.0,10.0,4.0,0.18518518518518517
3068,3.0,1.0,0.0,0.0,0.0,226.0,21.0,4.0,0.0
3069,1.0,1.0,0.0,0.0,1.0,107.0,21.0,4.0,0.0
3070,1.0,1.0,0.0,0.0,0.0,215.0,22.0,4.0,0.0
3071,1.0,1.0,0.0,0.0,0.0,340.0,22.0,4.0,0.0
3072,23.0,1.0,0.0,0.0,0.0,340.0,22.0,4.0,0.12962962962962962
3073,16.0,1.0,0.0,0.0,0.0,212.0,17.0,5.0,0.07407407407407407
3074,3.0,1.0,0.0,0.0,0.0,165.0,9.0,6.0,0.018518518518518517
3075,5.0,1.0,0.0,0.0,0.0,257.0,10.0,6.0,0.037037037037037035
3076,9.0,1.0,0.0,1.0,0.0,91.0,16.0,6.0,0.07407407407407407
3077,25.0,1.0,0.0,0.0,1.0,186.0,7.0,0.0,0.14814814814814814
3078,9.0,1.0,0.0,0.0,0.0,178.0,21.0,0.0,0.07407407407407407
3079,9.0,1.0,0.0,0.0,0.0,158.0,9.0,1.0,0.1111111111111111
3080,29.0,1.0,0.0,0.0,0.0,209.0,16.0,1.0,0.2222222222222222
3081,7.0,1.0,0.0,0.0,0.0,120.0,22.0,0.0,0.037037037037037035
3082,32.0,1.0,0.0,0.0,0.0,122.0,23.0,0.0,0.07407407407407407
3083,27.0,1.0,0.0,0.0,0.0,95.0,11.0,3.0,0.2222222222222222
3084,25.0,1.0,0.0,0.0,0.0,89.0,19.0,3.0,0.12962962962962962
3085,16.0,1.0,0.0,0.0,1.0,113.0,21.0,3.0,0.12962962962962962
3086,1.0,1.0,0.0,0.0,1.0,115.0,16.0,3.0,0.0
3087,27.0,1.0,0.0,0.0,1.0,115.0,16.0,3.0,0.14814814814814814
3088,5.0,1.0,0.0,0.0,0.0,134.0,20.0,3.0,0.05555555555555555
3089,21.0,1.0,0.0,0.0,1.0,102.0,7.0,6.0,0.18518518518518517
3090,4.0,1.0,0.0,0.0,1.0,95.0,14.0,6.0,0.037037037037037035
3091,12.0,1.0,0.0,0.0,0.0,85.0,17.0,6.0,0.09259259259259259
3092,9.0,1.0,0.0,0.0,0.0,171.0,14.0,1.0,0.09259259259259259
3093,4.0,1.0,0.0,0.0,0.0,208.0,21.0,1.0,0.037037037037037035
3094,9.0,1.0,0.0,0.0,0.0,124.0,9.0,4.0,0.09259259259259259
3095,1.0,1.0,0.0,0.0,1.0,154.0,13.0,6.0,0.0
3096,14.0,1.0,0.0,0.0,0.0,193.0,13.0,6.0,0.12962962962962962
3097,1.0,1.0,0.0,0.0,1.0,133.0,20.0,6.0,0.0
3098,5.0,1.0,0.0,0.0,0.0,154.0,20.0,6.0,0.018518518518518517
3099,22.0,1.0,0.0,0.0,0.0,232.0,21.0,6.0,0.24074074074074073
3100,1.0,1.0,0.0,0.0,1.0,218.0,16.0,2.0,0.0
3101,1.0,1.0,0.0,0.0,1.0,256.0,16.0,2.0,0.0
3102,49.0,1.0,0.0,0.0,0.0,601.0,17.0,2.0,0.35185185185185186
3103,40.0,1.0,0.0,0.0,1.0,232.0,14.0,0.0,0.16666666666666666
3104,51.0,1.0,0.0,0.0,1.0,97.0,18.0,0.0,0.25925925925925924
3105,8.0,1.0,0.0,0.0,0.0,165.0,15.0,5.0,0.018518518518518517
3106,32.0,1.0,0.0,0.0,0.0,127.0,10.0,0.0,0.25925925925925924
3107,29.0,1.0,0.0,0.0,0.0,349.0,22.0,1.0,0.16666666666666666
3108,20.0,1.0,0.0,0.0,0.0,96.0,10.0,2.0,0.1111111111111111
3109,18.0,1.0,0.0,0.0,1.0,163.0,14.0,2.0,0.12962962962962962
3110,1.0,1.0,0.0,0.0,0.0,94.0,19.0,3.0,0.0
3111,1.0,1.0,0.0,0.0,0.0,127.0,20.0,3.0,0.0
3112,14.0,1.0,0.0,0.0,0.0,91.0,20.0,3.0,0.037037037037037035
3113,4.0,1.0,0.0,0.0,0.0,92.0,20.0,3.0,0.018518518518518517
3114,5.0,1.0,0.0,0.0,1.0,76.0,21.0,3.0,0.05555555555555555
3115,15.0,1.0,0.0,0.0,1.0,133.0,22.0,3.0,0.09259259259259259
3116,3.0,1.0,0.0,0.0,1.0,133.0,6.0,4.0,0.037037037037037035
3117,3.0,1.0,0.0,0.0,0.0,125.0,8.0,4.0,0.018518518518518517
3118,14.0,1.0,0.0,0.0,0.0,342.0,8.0,4.0,0.16666666666666666
3119,5.0,1.0,0.0,0.0,1.0,122.0,20.0,4.0,0.037037037037037035
3120,23.0,1.0,0.0,0.0,0.0,584.0,7.0,5.0,0.05555555555555555
3121,28.0,1.0,0.0,0.0,0.0,107.0,12.0,5.0,0.16666666666666666
3122,2.0,1.0,0.0,0.0,0.0,159.0,19.0,6.0,0.0
3123,1.0,1.0,0.0,0.0,0.0,237.0,19.0,6.0,0.0
3124,1.0,1.0,0.0,0.0,0.0,262.0,19.0,6.0,0.0
3125,2.0,1.0,0.0,0.0,0.0,240.0,19.0,6.0,0.0
3126,1.0,1.0,0.0,0.0,1.0,216.0,19.0,6.0,0.0
3127,1.0,1.0,0.0,0.0,0.0,294.0,19.0,6.0,0.0
3128,6.0,1.0,0.0,0.0,0.0,106.0,19.0,6.0,0.07407407407407407
3129,8.0,1.0,0.0,0.0,0.0,94.0,23.0,6.0,0.09259259259259259
3130,33.0,1.0,0.0,0.0,0.0,190.0,12.0,0.0,0.18518518518518517
3131,3.0,1.0,0.0,0.0,0.0,173.0,21.0,0.0,0.037037037037037035
3132,61.0,1.0,0.0,0.0,0.0,159.0,7.0,1.0,0.24074074074074073
3133,1.0,1.0,0.0,0.0,0.0,180.0,14.0,3.0,0.0
3134,1.0,1.0,0.0,0.0,0.0,231.0,16.0,3.0,0.0
3135,29.0,1.0,0.0,0.0,0.0,84.0,16.0,3.0,0.18518518518518517
3136,17.0,1.0,0.0,1.0,0.0,384.0,22.0,4.0,0.09259259259259259
3137,12.0,1.0,0.0,0.0,1.0,96.0,21.0,5.0,0.1111111111111111
3138,20.0,1.0,0.0,0.0,1.0,100.0,20.0,6.0,0.1111111111111111
3139,10.0,1.0,0.0,1.0,1.0,232.0,13.0,0.0,0.1111111111111111
3140,19.0,1.0,0.0,0.0,0.0,389.0,22.0,0.0,0.1111111111111111
3141,1.0,1.0,0.0,0.0,1.0,246.0,10.0,2.0,0.0
3142,17.0,1.0,0.0,0.0,0.0,178.0,12.0,2.0,0.2037037037037037
3143,36.0,1.0,0.0,0.0,0.0,138.0,20.0,2.0,0.24074074074074073
3144,27.0,1.0,0.0,0.0,1.0,111.0,7.0,4.0,0.2962962962962963
3145,1.0,1.0,0.0,0.0,0.0,321.0,19.0,4.0,0.0
3146,6.0,1.0,0.0,0.0,0.0,217.0,20.0,4.0,0.018518518518518517
3147,33.0,1.0,0.0,0.0,1.0,77.0,21.0,4.0,0.25925925925925924
3148,16.0,1.0,0.0,0.0,0.0,152.0,0.0,4.0,0.12962962962962962
3149,1.0,1.0,0.0,0.0,1.0,193.0,7.0,4.0,0.0
3150,7.0,1.0,0.0,0.0,0.0,146.0,7.0,4.0,0.018518518518518517
3151,1.0,1.0,0.0,0.0,0.0,91.0,9.0,4.0,0.0
3152,13.0,1.0,0.0,0.0,0.0,219.0,10.0,4.0,0.09259259259259259
3153,1.0,1.0,0.0,0.0,0.0,109.0,20.0,4.0,0.0
3154,1.0,1.0,0.0,1.0,0.0,399.0,21.0,4.0,0.0
3155,6.0,1.0,0.0,0.0,0.0,327.0,21.0,4.0,0.018518518518518517
3156,140.0,1.0,0.0,0.0,1.0,82.0,8.0,0.0,0.5185185185185185
3157,25.0,1.0,0.0,0.0,0.0,185.0,20.0,5.0,0.09259259259259259
3158,21.0,1.0,0.0,0.0,1.0,201.0,21.0,0.0,0.1111111111111111
3159,28.0,1.0,0.0,0.0,0.0,146.0,14.0,3.0,0.14814814814814814
3160,1.0,1.0,0.0,0.0,0.0,281.0,12.0,6.0,0.0
3161,2.0,1.0,0.0,0.0,0.0,281.0,12.0,6.0,0.0
3162,16.0,1.0,0.0,0.0,1.0,217.0,15.0,6.0,0.16666666666666666
3163,4.0,1.0,0.0,0.0,0.0,129.0,16.0,1.0,0.037037037037037035
3164,4.0,1.0,0.0,0.0,0.0,100.0,8.0,4.0,0.037037037037037035
3165,3.0,1.0,0.0,0.0,0.0,2211.0,16.0,4.0,0.018518518518518517
3166,6.0,1.0,0.0,0.0,0.0,127.0,18.0,4.0,0.037037037037037035
3167,6.0,1.0,0.0,0.0,1.0,105.0,22.0,4.0,0.07407407407407407
3168,2.0,1.0,0.0,0.0,0.0,222.0,14.0,6.0,0.0
3169,15.0,1.0,0.0,0.0,0.0,142.0,21.0,6.0,0.12962962962962962
3170,1.0,1.0,0.0,0.0,1.0,107.0,12.0,3.0,0.0
3171,10.0,1.0,0.0,0.0,1.0,107.0,12.0,3.0,0.09259259259259259
3172,20.0,1.0,0.0,0.0,1.0,98.0,18.0,3.0,0.12962962962962962
3173,47.0,1.0,0.0,0.0,1.0,110.0,22.0,4.0,0.24074074074074073
3174,7.0,1.0,0.0,0.0,0.0,91.0,16.0,5.0,0.07407407407407407
3175,4.0,1.0,0.0,0.0,0.0,3207.0,22.0,6.0,0.037037037037037035
3176,9.0,1.0,0.0,0.0,0.0,98.0,0.0,0.0,0.09259259259259259
3177,15.0,1.0,0.0,0.0,0.0,3207.0,9.0,0.0,0.07407407407407407
3178,1.0,1.0,0.0,0.0,1.0,101.0,14.0,0.0,0.0
3179,1.0,1.0,0.0,0.0,0.0,168.0,15.0,0.0,0.0
3180,2.0,1.0,0.0,0.0,0.0,168.0,15.0,0.0,0.0
3181,8.0,1.0,0.0,0.0,0.0,93.0,17.0,0.0,0.05555555555555555
3182,9.0,1.0,0.0,0.0,0.0,153.0,8.0,1.0,0.037037037037037035
3183,50.0,1.0,0.0,0.0,0.0,110.0,18.0,1.0,0.2962962962962963
3184,5.0,1.0,0.0,0.0,0.0,92.0,16.0,2.0,0.05555555555555555
3185,26.0,1.0,0.0,0.0,1.0,301.0,19.0,2.0,0.3148148148148148
3186,1.0,1.0,0.0,0.0,0.0,363.0,20.0,4.0,0.0
3187,2.0,1.0,0.0,0.0,1.0,114.0,20.0,4.0,0.0
3188,3.0,1.0,0.0,0.0,1.0,165.0,20.0,4.0,0.0
3189,27.0,1.0,0.0,0.0,1.0,179.0,21.0,4.0,0.1111111111111111
3190,2.0,1.0,0.0,0.0,0.0,314.0,7.0,6.0,0.0
3191,3.0,1.0,0.0,0.0,1.0,305.0,7.0,6.0,0.037037037037037035
3192,10.0,1.0,0.0,0.0,0.0,453.0,10.0,6.0,0.1111111111111111
3193,54.0,1.0,0.0,0.0,1.0,144.0,10.0,0.0,0.3148148148148148
3194,3.0,1.0,0.0,1.0,1.0,97.0,21.0,0.0,0.018518518518518517
3195,28.0,1.0,0.0,1.0,0.0,101.0,9.0,1.0,0.14814814814814814
3196,14.0,1.0,0.0,0.0,0.0,117.0,8.0,2.0,0.1111111111111111
3197,18.0,1.0,0.0,0.0,0.0,278.0,16.0,2.0,0.16666666666666666
3198,1.0,1.0,0.0,0.0,0.0,97.0,14.0,3.0,0.0
3199,1.0,1.0,0.0,0.0,0.0,149.0,14.0,3.0,0.0
3200,10.0,1.0,0.0,0.0,0.0,154.0,15.0,3.0,0.16666666666666666
3201,2.0,1.0,0.0,0.0,0.0,170.0,8.0,4.0,0.0
3202,4.0,1.0,0.0,0.0,0.0,170.0,9.0,4.0,0.018518518518518517
3203,1.0,1.0,0.0,0.0,0.0,96.0,11.0,4.0,0.0
3204,50.0,1.0,0.0,0.0,0.0,96.0,11.0,4.0,0.25925925925925924
3205,2.0,1.0,0.0,0.0,0.0,95.0,16.0,5.0,0.018518518518518517
3206,4.0,1.0,0.0,0.0,0.0,1327.0,12.0,6.0,0.05555555555555555
3207,8.0,1.0,0.0,0.0,1.0,208.0,16.0,6.0,0.05555555555555555
3208,1.0,1.0,0.0,0.0,0.0,93.0,22.0,6.0,0.0
3209,9.0,1.0,0.0,0.0,1.0,336.0,22.0,6.0,0.09259259259259259
3210,8.0,1.0,0.0,0.0,1.0,330.0,11.0,2.0,0.09259259259259259
3211,5.0,1.0,0.0,0.0,1.0,202.0,18.0,2.0,0.037037037037037035
3212,46.0,1.0,0.0,0.0,1.0,113.0,9.0,5.0,0.14814814814814814
3213,32.0,1.0,0.0,0.0,0.0,104.0,11.0,5.0,0.12962962962962962
3214,13.0,1.0,0.0,0.0,0.0,636.0,19.0,5.0,0.05555555555555555
3215,6.0,1.0,0.0,0.0,0.0,177.0,19.0,5.0,0.0
3216,1.0,1.0,0.0,0.0,0.0,170.0,9.0,1.0,0.0
3217,24.0,1.0,0.0,0.0,0.0,85.0,9.0,1.0,0.2222222222222222
3218,1.0,1.0,0.0,0.0,0.0,123.0,16.0,1.0,0.0
3219,7.0,1.0,0.0,0.0,0.0,123.0,16.0,1.0,0.05555555555555555
3220,3.0,1.0,0.0,0.0,1.0,168.0,18.0,1.0,0.018518518518518517
3221,1.0,1.0,0.0,0.0,1.0,208.0,22.0,1.0,0.0
3222,6.0,1.0,0.0,0.0,1.0,94.0,22.0,1.0,0.0
3223,5.0,1.0,0.0,0.0,0.0,109.0,22.0,1.0,0.0
3224,9.0,1.0,0.0,0.0,0.0,420.0,4.0,3.0,0.07407407407407407
3225,3.0,1.0,0.0,0.0,0.0,115.0,10.0,3.0,0.037037037037037035
3226,16.0,1.0,0.0,0.0,0.0,144.0,12.0,3.0,0.12962962962962962
3227,12.0,1.0,0.0,0.0,0.0,93.0,11.0,6.0,0.12962962962962962
3228,11.0,1.0,0.0,0.0,0.0,91.0,15.0,6.0,0.12962962962962962
3229,22.0,1.0,0.0,0.0,0.0,105.0,11.0,1.0,0.18518518518518517
3230,18.0,1.0,0.0,0.0,0.0,140.0,16.0,4.0,0.12962962962962962
3231,1.0,1.0,0.0,0.0,1.0,124.0,10.0,0.0,0.0
3232,4.0,1.0,0.0,0.0,0.0,140.0,10.0,0.0,0.05555555555555555
3233,2.0,1.0,0.0,0.0,0.0,90.0,22.0,0.0,0.0
3234,37.0,1.0,0.0,0.0,1.0,332.0,0.0,2.0,0.24074074074074073
3235,1.0,1.0,0.0,0.0,1.0,124.0,13.0,0.0,0.0
3236,9.0,1.0,0.0,0.0,0.0,140.0,13.0,0.0,0.09259259259259259
3237,9.0,1.0,0.0,1.0,1.0,393.0,21.0,0.0,0.05555555555555555
3238,1.0,1.0,0.0,0.0,0.0,183.0,17.0,5.0,0.0
3239,12.0,1.0,0.0,0.0,0.0,201.0,17.0,5.0,0.09259259259259259
3240,4.0,1.0,0.0,0.0,0.0,95.0,14.0,0.0,0.05555555555555555
3241,4.0,1.0,0.0,0.0,0.0,98.0,7.0,1.0,0.037037037037037035
3242,2.0,1.0,0.0,0.0,0.0,191.0,16.0,1.0,0.018518518518518517
3243,3.0,1.0,0.0,0.0,0.0,182.0,7.0,2.0,0.018518518518518517
3244,1.0,1.0,0.0,0.0,0.0,167.0,11.0,2.0,0.0
3245,1.0,1.0,0.0,0.0,0.0,167.0,11.0,2.0,0.0
3246,1.0,1.0,0.0,0.0,0.0,167.0,11.0,2.0,0.0
3247,1.0,1.0,0.0,0.0,0.0,167.0,11.0,2.0,0.0
3248,1.0,1.0,0.0,0.0,1.0,670.0,12.0,2.0,0.0
3249,5.0,1.0,0.0,0.0,1.0,127.0,13.0,2.0,0.037037037037037035
3250,5.0,1.0,0.0,0.0,0.0,114.0,20.0,2.0,0.05555555555555555
3251,10.0,1.0,0.0,0.0,0.0,107.0,9.0,3.0,0.1111111111111111
3252,9.0,1.0,0.0,0.0,0.0,214.0,20.0,3.0,0.07407407407407407
3253,3.0,1.0,0.0,0.0,0.0,316.0,9.0,4.0,0.0
3254,4.0,1.0,0.0,0.0,1.0,184.0,9.0,4.0,0.018518518518518517
3255,1.0,1.0,0.0,0.0,0.0,112.0,15.0,4.0,0.0
3256,25.0,1.0,0.0,0.0,1.0,167.0,19.0,4.0,0.12962962962962962
3257,4.0,1.0,0.0,0.0,0.0,270.0,8.0,0.0,0.037037037037037035
3258,2.0,1.0,0.0,0.0,0.0,103.0,21.0,0.0,0.0
3259,8.0,1.0,0.0,0.0,0.0,112.0,21.0,0.0,0.018518518518518517
3260,4.0,1.0,0.0,0.0,0.0,174.0,21.0,0.0,0.0
3261,13.0,1.0,0.0,0.0,0.0,174.0,21.0,0.0,0.09259259259259259
3262,124.0,1.0,0.0,0.0,0.0,84.0,16.0,1.0,0.2777777777777778
3263,1.0,1.0,0.0,0.0,0.0,99.0,10.0,2.0,0.0
3264,1.0,1.0,0.0,0.0,0.0,277.0,10.0,2.0,0.0
3265,1.0,1.0,0.0,0.0,0.0,155.0,10.0,2.0,0.0
3266,24.0,1.0,0.0,0.0,0.0,229.0,10.0,2.0,0.14814814814814814
3267,33.0,1.0,0.0,0.0,1.0,226.0,9.0,3.0,0.2777777777777778
3268,10.0,1.0,0.0,0.0,1.0,146.0,19.0,3.0,0.018518518518518517
3269,10.0,1.0,0.0,0.0,1.0,275.0,21.0,3.0,0.05555555555555555
3270,59.0,1.0,0.0,0.0,1.0,114.0,10.0,4.0,0.24074074074074073
3271,3.0,1.0,0.0,0.0,0.0,85.0,18.0,4.0,0.0
3272,3.0,1.0,0.0,0.0,0.0,346.0,18.0,4.0,0.0
3273,6.0,1.0,0.0,0.0,0.0,83.0,18.0,4.0,0.037037037037037035
3274,1.0,1.0,0.0,0.0,0.0,87.0,22.0,4.0,0.0
3275,13.0,1.0,0.0,0.0,0.0,95.0,22.0,4.0,0.09259259259259259
3276,10.0,1.0,0.0,0.0,0.0,87.0,11.0,5.0,0.05555555555555555
3277,2.0,1.0,0.0,1.0,0.0,92.0,20.0,5.0,0.018518518518518517
3278,9.0,1.0,0.0,1.0,0.0,92.0,21.0,5.0,0.05555555555555555
3279,12.0,1.0,0.0,0.0,0.0,138.0,16.0,6.0,0.05555555555555555
3280,1.0,1.0,0.0,0.0,0.0,1151.0,23.0,6.0,0.0
3281,29.0,1.0,0.0,0.0,1.0,77.0,7.0,0.0,0.2962962962962963
3282,3.0,1.0,0.0,0.0,1.0,265.0,19.0,0.0,0.018518518518518517
3283,9.0,1.0,0.0,0.0,1.0,262.0,9.0,1.0,0.037037037037037035
3284,17.0,1.0,0.0,0.0,1.0,262.0,12.0,1.0,0.16666666666666666
3285,15.0,1.0,0.0,0.0,1.0,200.0,17.0,1.0,0.07407407407407407
3286,27.0,1.0,0.0,0.0,0.0,85.0,20.0,1.0,0.14814814814814814
3287,1.0,1.0,0.0,1.0,1.0,93.0,14.0,2.0,0.0
3288,7.0,1.0,0.0,0.0,1.0,204.0,15.0,2.0,0.037037037037037035
3289,2.0,1.0,0.0,0.0,1.0,218.0,20.0,2.0,0.0
3290,6.0,1.0,0.0,0.0,0.0,214.0,20.0,2.0,0.037037037037037035
3291,42.0,1.0,0.0,0.0,0.0,148.0,7.0,3.0,0.3148148148148148
3292,2.0,1.0,0.0,0.0,1.0,127.0,18.0,3.0,0.018518518518518517
3293,10.0,1.0,0.0,0.0,0.0,158.0,22.0,3.0,0.1111111111111111
3294,5.0,1.0,0.0,0.0,0.0,150.0,20.0,6.0,0.05555555555555555
3295,15.0,1.0,0.0,0.0,1.0,121.0,8.0,6.0,0.12962962962962962
3296,6.0,1.0,0.0,0.0,0.0,112.0,11.0,6.0,0.09259259259259259
3297,11.0,1.0,0.0,0.0,0.0,139.0,19.0,6.0,0.09259259259259259
3298,21.0,1.0,0.0,0.0,0.0,139.0,20.0,6.0,0.2037037037037037
3299,18.0,1.0,0.0,0.0,0.0,89.0,21.0,2.0,0.09259259259259259
3300,36.0,1.0,0.0,0.0,1.0,276.0,13.0,4.0,0.07407407407407407
3301,2.0,1.0,0.0,1.0,0.0,96.0,19.0,4.0,0.018518518518518517
3302,6.0,1.0,0.0,0.0,1.0,203.0,6.0,0.0,0.09259259259259259
3303,50.0,1.0,0.0,0.0,0.0,113.0,13.0,0.0,0.37037037037037035
3304,1.0,1.0,0.0,0.0,0.0,111.0,20.0,5.0,0.0
3305,8.0,1.0,0.0,0.0,0.0,142.0,20.0,5.0,0.09259259259259259
3306,4.0,1.0,0.0,0.0,0.0,142.0,15.0,1.0,0.037037037037037035
3307,3.0,1.0,0.0,0.0,0.0,169.0,19.0,1.0,0.018518518518518517
3308,1.0,1.0,0.0,0.0,1.0,266.0,19.0,1.0,0.0
3309,30.0,1.0,0.0,1.0,0.0,232.0,21.0,1.0,0.2037037037037037
3310,5.0,1.0,0.0,0.0,1.0,154.0,8.0,6.0,0.037037037037037035
3311,7.0,1.0,0.0,1.0,0.0,279.0,18.0,6.0,0.07407407407407407
3312,6.0,1.0,0.0,0.0,0.0,121.0,8.0,1.0,0.018518518518518517
3313,32.0,1.0,0.0,0.0,0.0,293.0,13.0,1.0,0.16666666666666666
3314,7.0,1.0,0.0,0.0,1.0,164.0,21.0,1.0,0.05555555555555555
3315,1.0,1.0,0.0,0.0,0.0,275.0,7.0,2.0,0.0
3316,2.0,1.0,0.0,0.0,0.0,92.0,7.0,2.0,0.0
3317,4.0,1.0,0.0,0.0,0.0,120.0,7.0,2.0,0.037037037037037035
3318,6.0,1.0,0.0,0.0,0.0,207.0,7.0,2.0,0.05555555555555555
3319,12.0,1.0,0.0,0.0,0.0,191.0,12.0,2.0,0.12962962962962962
3320,7.0,1.0,0.0,0.0,0.0,399.0,16.0,2.0,0.05555555555555555
3321,2.0,1.0,0.0,1.0,0.0,384.0,19.0,2.0,0.0
3322,4.0,1.0,0.0,1.0,1.0,175.0,19.0,2.0,0.0
3323,1.0,1.0,0.0,0.0,0.0,232.0,6.0,3.0,0.0
3324,1.0,1.0,0.0,0.0,0.0,218.0,7.0,3.0,0.0
3325,22.0,1.0,0.0,0.0,0.0,218.0,7.0,3.0,0.14814814814814814
3326,1.0,1.0,0.0,0.0,0.0,218.0,14.0,3.0,0.0
3327,2.0,1.0,0.0,0.0,0.0,218.0,14.0,3.0,0.0
3328,1.0,1.0,0.0,0.0,0.0,218.0,14.0,3.0,0.0
3329,7.0,1.0,0.0,0.0,0.0,218.0,14.0,3.0,0.05555555555555555
3330,5.0,1.0,0.0,0.0,0.0,110.0,20.0,3.0,0.05555555555555555
3331,3.0,1.0,0.0,0.0,0.0,342.0,9.0,4.0,0.018518518518518517
3332,1.0,1.0,0.0,0.0,0.0,83.0,10.0,4.0,0.0
3333,18.0,1.0,0.0,0.0,0.0,83.0,10.0,4.0,0.2037037037037037
3334,11.0,1.0,0.0,0.0,1.0,117.0,15.0,4.0,0.05555555555555555
3335,25.0,1.0,0.0,1.0,1.0,124.0,8.0,5.0,0.14814814814814814
3336,22.0,1.0,0.0,0.0,1.0,117.0,13.0,5.0,0.18518518518518517
3337,4.0,1.0,0.0,0.0,0.0,359.0,13.0,6.0,0.037037037037037035
3338,25.0,1.0,0.0,0.0,1.0,399.0,20.0,6.0,0.2037037037037037
3339,1.0,1.0,0.0,1.0,1.0,212.0,21.0,0.0,0.0
3340,3.0,1.0,0.0,0.0,0.0,236.0,22.0,0.0,0.0
3341,2.0,1.0,0.0,0.0,0.0,107.0,10.0,1.0,0.0
3342,9.0,1.0,0.0,1.0,0.0,225.0,10.0,1.0,0.09259259259259259
3343,8.0,1.0,0.0,0.0,0.0,108.0,16.0,1.0,0.1111111111111111
3344,26.0,1.0,0.0,0.0,0.0,228.0,17.0,1.0,0.16666666666666666
3345,1.0,1.0,0.0,0.0,0.0,405.0,13.0,2.0,0.0
3346,1.0,1.0,0.0,0.0,1.0,84.0,13.0,2.0,0.0
3347,7.0,1.0,0.0,0.0,0.0,199.0,13.0,2.0,0.07407407407407407
3348,13.0,1.0,0.0,1.0,0.0,96.0,20.0,2.0,0.14814814814814814
3349,18.0,1.0,0.0,1.0,0.0,261.0,11.0,3.0,0.037037037037037035
3350,7.0,1.0,0.0,0.0,0.0,273.0,16.0,3.0,0.037037037037037035
3351,48.0,1.0,0.0,0.0,0.0,152.0,20.0,3.0,0.3148148148148148
3352,2.0,1.0,0.0,0.0,1.0,91.0,23.0,4.0,0.0
3353,44.0,1.0,0.0,0.0,1.0,190.0,23.0,4.0,0.25925925925925924
3354,23.0,1.0,0.0,0.0,0.0,110.0,19.0,5.0,0.14814814814814814
3355,5.0,1.0,0.0,0.0,0.0,111.0,13.0,6.0,0.037037037037037035
3356,39.0,1.0,0.0,0.0,0.0,323.0,17.0,6.0,0.16666666666666666
3357,17.0,1.0,0.0,0.0,1.0,89.0,15.0,1.0,0.07407407407407407
3358,1.0,1.0,0.0,0.0,0.0,136.0,20.0,1.0,0.0
3359,13.0,1.0,0.0,0.0,0.0,238.0,20.0,1.0,0.1111111111111111
3360,1.0,1.0,0.0,0.0,0.0,87.0,12.0,2.0,0.0
3361,4.0,1.0,0.0,0.0,0.0,117.0,12.0,2.0,0.018518518518518517
3362,22.0,1.0,0.0,0.0,0.0,260.0,18.0,2.0,0.12962962962962962
3363,25.0,1.0,0.0,0.0,0.0,200.0,20.0,3.0,0.07407407407407407
3364,7.0,1.0,0.0,0.0,0.0,89.0,20.0,4.0,0.05555555555555555
3365,5.0,1.0,0.0,0.0,1.0,983.0,7.0,4.0,0.018518518518518517
3366,7.0,1.0,0.0,0.0,1.0,84.0,10.0,4.0,0.037037037037037035
3367,1.0,1.0,0.0,0.0,1.0,188.0,14.0,4.0,0.0
3368,1.0,1.0,0.0,0.0,0.0,451.0,14.0,4.0,0.0
3369,21.0,1.0,0.0,0.0,0.0,238.0,14.0,4.0,0.14814814814814814
3370,1.0,1.0,0.0,0.0,0.0,452.0,14.0,0.0,0.0
3371,3.0,1.0,0.0,0.0,0.0,448.0,14.0,0.0,0.037037037037037035
3372,7.0,1.0,0.0,0.0,1.0,122.0,23.0,0.0,0.07407407407407407
3373,1.0,1.0,0.0,0.0,0.0,86.0,12.0,0.0,0.0
3374,1.0,1.0,0.0,0.0,1.0,188.0,12.0,0.0,0.0
3375,2.0,1.0,0.0,0.0,0.0,86.0,12.0,0.0,0.0
3376,27.0,1.0,0.0,0.0,1.0,188.0,12.0,0.0,0.16666666666666666
3377,7.0,1.0,0.0,0.0,1.0,206.0,13.0,3.0,0.037037037037037035
3378,2.0,1.0,0.0,0.0,1.0,94.0,14.0,3.0,0.0
3379,16.0,1.0,0.0,0.0,0.0,664.0,15.0,3.0,0.07407407407407407
3380,27.0,1.0,0.0,0.0,0.0,647.0,20.0,3.0,0.07407407407407407
3381,10.0,1.0,0.0,0.0,0.0,102.0,13.0,5.0,0.037037037037037035
3382,10.0,1.0,0.0,0.0,0.0,134.0,15.0,5.0,0.05555555555555555
3383,11.0,1.0,0.0,0.0,0.0,405.0,18.0,5.0,0.018518518518518517
3384,2.0,1.0,0.0,0.0,0.0,150.0,21.0,5.0,0.018518518518518517
3385,14.0,1.0,0.0,0.0,1.0,185.0,21.0,5.0,0.07407407407407407
3386,5.0,1.0,0.0,0.0,0.0,147.0,12.0,1.0,0.037037037037037035
3387,1.0,1.0,0.0,0.0,0.0,186.0,14.0,1.0,0.0
3388,28.0,1.0,0.0,0.0,0.0,201.0,15.0,1.0,0.05555555555555555
3389,9.0,1.0,0.0,0.0,1.0,511.0,20.0,1.0,0.037037037037037035
3390,1.0,1.0,0.0,0.0,0.0,114.0,10.0,3.0,0.0
3391,7.0,1.0,0.0,0.0,0.0,174.0,11.0,3.0,0.09259259259259259
3392,7.0,1.0,0.0,0.0,0.0,260.0,15.0,3.0,0.07407407407407407
3393,30.0,1.0,0.0,0.0,0.0,162.0,22.0,3.0,0.16666666666666666
3394,16.0,1.0,0.0,0.0,0.0,428.0,23.0,6.0,0.09259259259259259
3395,3.0,1.0,0.0,0.0,1.0,82.0,11.0,4.0,0.037037037037037035
3396,7.0,1.0,0.0,0.0,0.0,244.0,15.0,4.0,0.07407407407407407
3397,1.0,1.0,0.0,0.0,0.0,421.0,22.0,4.0,0.0
3398,10.0,1.0,0.0,0.0,0.0,507.0,5.0,0.0,0.037037037037037035
3399,3.0,1.0,0.0,0.0,0.0,104.0,10.0,0.0,0.018518518518518517
3400,1.0,1.0,0.0,0.0,1.0,160.0,11.0,0.0,0.0
3401,36.0,1.0,0.0,0.0,0.0,421.0,11.0,0.0,0.2037037037037037
3402,1.0,1.0,0.0,0.0,0.0,250.0,10.0,2.0,0.0
3403,3.0,1.0,0.0,0.0,0.0,114.0,10.0,2.0,0.0
3404,1.0,1.0,0.0,0.0,0.0,165.0,10.0,2.0,0.0
3405,2.0,1.0,0.0,0.0,1.0,160.0,12.0,2.0,0.0
3406,1.0,1.0,0.0,0.0,0.0,109.0,12.0,2.0,0.0
3407,1.0,1.0,0.0,0.0,0.0,250.0,12.0,2.0,0.0
3408,2.0,1.0,0.0,0.0,0.0,114.0,12.0,2.0,0.018518518518518517
3409,1.0,1.0,0.0,0.0,0.0,244.0,15.0,2.0,0.0
3410,1.0,1.0,0.0,0.0,0.0,311.0,16.0,2.0,0.0
3411,2.0,1.0,0.0,0.0,0.0,311.0,16.0,2.0,0.018518518518518517
3412,1.0,1.0,0.0,0.0,0.0,365.0,17.0,2.0,0.0
3413,2.0,1.0,0.0,0.0,0.0,365.0,17.0,2.0,0.018518518518518517
3414,1.0,1.0,0.0,0.0,1.0,102.0,20.0,2.0,0.0
3415,29.0,1.0,0.0,0.0,0.0,405.0,20.0,2.0,0.09259259259259259
3416,8.0,1.0,0.0,0.0,0.0,163.0,18.0,3.0,0.037037037037037035
3417,2.0,1.0,0.0,0.0,0.0,179.0,19.0,3.0,0.018518518518518517
3418,10.0,1.0,0.0,0.0,0.0,90.0,19.0,3.0,0.05555555555555555
3419,1.0,1.0,0.0,0.0,0.0,287.0,9.0,4.0,0.0
3420,1.0,1.0,0.0,0.0,0.0,154.0,10.0,4.0,0.0
3421,7.0,1.0,0.0,1.0,0.0,203.0,11.0,4.0,0.05555555555555555
3422,24.0,1.0,0.0,0.0,0.0,98.0,5.0,5.0,0.09259259259259259
3423,18.0,1.0,0.0,0.0,1.0,104.0,22.0,5.0,0.09259259259259259
3424,4.0,1.0,0.0,0.0,0.0,145.0,20.0,6.0,0.037037037037037035
3425,19.0,1.0,0.0,0.0,0.0,1339.0,11.0,0.0,0.09259259259259259
3426,1.0,1.0,0.0,1.0,0.0,226.0,15.0,1.0,0.0
3427,14.0,1.0,0.0,1.0,0.0,226.0,15.0,1.0,0.09259259259259259
3428,2.0,1.0,0.0,1.0,1.0,160.0,8.0,3.0,0.0
3429,1.0,1.0,0.0,1.0,1.0,160.0,8.0,3.0,0.0
3430,5.0,1.0,0.0,0.0,1.0,672.0,12.0,3.0,0.05555555555555555
3431,1.0,1.0,0.0,0.0,0.0,319.0,15.0,3.0,0.0
3432,29.0,1.0,0.0,0.0,0.0,351.0,17.0,3.0,0.12962962962962962
3433,6.0,1.0,0.0,0.0,0.0,500.0,13.0,4.0,0.018518518518518517
3434,18.0,1.0,0.0,0.0,0.0,125.0,16.0,4.0,0.12962962962962962
3435,8.0,1.0,0.0,0.0,0.0,220.0,18.0,5.0,0.09259259259259259
3436,6.0,1.0,0.0,0.0,0.0,723.0,23.0,5.0,0.037037037037037035
3437,2.0,1.0,0.0,0.0,1.0,237.0,20.0,6.0,0.0
3438,9.0,1.0,0.0,0.0,0.0,173.0,23.0,6.0,0.07407407407407407
3439,2.0,1.0,0.0,0.0,0.0,109.0,9.0,0.0,0.0
3440,23.0,1.0,0.0,0.0,1.0,171.0,9.0,0.0,0.2962962962962963
3441,15.0,1.0,0.0,0.0,0.0,99.0,16.0,0.0,0.1111111111111111
3442,20.0,1.0,0.0,0.0,0.0,152.0,14.0,1.0,0.07407407407407407
3443,15.0,1.0,0.0,0.0,0.0,244.0,12.0,2.0,0.12962962962962962
3444,16.0,1.0,0.0,0.0,0.0,120.0,9.0,3.0,0.1111111111111111
3445,2.0,1.0,0.0,0.0,1.0,97.0,20.0,3.0,0.0
3446,1.0,1.0,0.0,0.0,0.0,207.0,20.0,3.0,0.0
3447,7.0,1.0,0.0,0.0,1.0,171.0,20.0,3.0,0.0
3448,10.0,1.0,0.0,0.0,0.0,109.0,8.0,4.0,0.018518518518518517
3449,23.0,1.0,0.0,0.0,0.0,144.0,15.0,4.0,0.16666666666666666
3450,43.0,1.0,0.0,0.0,1.0,181.0,12.0,6.0,0.4074074074074074
3451,4.0,1.0,0.0,0.0,0.0,287.0,12.0,1.0,0.018518518518518517
3452,2.0,1.0,0.0,0.0,1.0,104.0,19.0,1.0,0.0
3453,2.0,1.0,0.0,0.0,1.0,171.0,10.0,4.0,0.0
3454,49.0,1.0,0.0,0.0,0.0,192.0,10.0,4.0,0.2962962962962963
3455,3.0,1.0,0.0,0.0,0.0,115.0,18.0,4.0,0.018518518518518517
3456,31.0,1.0,0.0,0.0,1.0,104.0,22.0,4.0,0.09259259259259259
3457,1.0,1.0,0.0,0.0,0.0,192.0,15.0,4.0,0.0
3458,68.0,1.0,0.0,1.0,0.0,147.0,15.0,4.0,0.25925925925925924
3459,46.0,1.0,0.0,0.0,0.0,148.0,19.0,5.0,0.3148148148148148
3460,10.0,1.0,0.0,0.0,1.0,133.0,20.0,0.0,0.05555555555555555
3461,4.0,1.0,0.0,0.0,0.0,90.0,18.0,3.0,0.037037037037037035
3462,30.0,1.0,0.0,1.0,0.0,85.0,21.0,3.0,0.2222222222222222
3463,2.0,1.0,0.0,0.0,0.0,337.0,14.0,1.0,0.018518518518518517
3464,1.0,1.0,0.0,0.0,0.0,83.0,15.0,1.0,0.0
3465,8.0,1.0,0.0,0.0,0.0,83.0,15.0,1.0,0.037037037037037035
3466,1.0,1.0,0.0,0.0,1.0,222.0,20.0,1.0,0.0
3467,1.0,1.0,0.0,0.0,1.0,213.0,20.0,1.0,0.0
3468,1.0,1.0,0.0,0.0,1.0,222.0,20.0,1.0,0.0
3469,16.0,1.0,0.0,0.0,1.0,213.0,20.0,1.0,0.07407407407407407
3470,8.0,1.0,0.0,0.0,0.0,101.0,13.0,4.0,0.07407407407407407
3471,2.0,1.0,0.0,0.0,0.0,173.0,15.0,4.0,0.018518518518518517
3472,4.0,1.0,0.0,0.0,0.0,104.0,17.0,4.0,0.05555555555555555
3473,13.0,1.0,0.0,0.0,0.0,294.0,19.0,4.0,0.07407407407407407
3474,56.0,1.0,0.0,0.0,1.0,191.0,9.0,6.0,0.2777777777777778
3475,34.0,1.0,0.0,0.0,1.0,200.0,14.0,6.0,0.2962962962962963
3476,36.0,1.0,0.0,1.0,0.0,170.0,19.0,1.0,0.3148148148148148
3477,4.0,1.0,0.0,0.0,1.0,276.0,20.0,2.0,0.018518518518518517
3478,4.0,1.0,0.0,0.0,0.0,267.0,21.0,2.0,0.0
3479,42.0,1.0,0.0,0.0,1.0,276.0,8.0,3.0,0.24074074074074073
3480,17.0,1.0,0.0,0.0,0.0,150.0,11.0,4.0,0.12962962962962962
3481,1.0,1.0,0.0,0.0,0.0,196.0,20.0,4.0,0.0
3482,21.0,1.0,0.0,0.0,0.0,188.0,20.0,4.0,0.07407407407407407
3483,13.0,1.0,0.0,0.0,0.0,141.0,10.0,5.0,0.1111111111111111
3484,26.0,1.0,0.0,0.0,1.0,143.0,11.0,5.0,0.2777777777777778
3485,5.0,1.0,0.0,1.0,0.0,333.0,19.0,5.0,0.05555555555555555
3486,11.0,1.0,0.0,0.0,1.0,90.0,22.0,5.0,0.09259259259259259
3487,1.0,1.0,0.0,0.0,0.0,108.0,17.0,6.0,0.0
3488,5.0,1.0,0.0,0.0,1.0,837.0,19.0,6.0,0.05555555555555555
3489,4.0,1.0,0.0,0.0,0.0,1385.0,6.0,0.0,0.037037037037037035
3490,3.0,1.0,0.0,0.0,0.0,358.0,7.0,0.0,0.037037037037037035
3491,1.0,1.0,0.0,0.0,1.0,215.0,9.0,0.0,0.0
3492,20.0,1.0,0.0,0.0,0.0,129.0,11.0,0.0,0.24074074074074073
3493,1.0,1.0,0.0,0.0,0.0,129.0,12.0,0.0,0.0
3494,20.0,1.0,0.0,0.0,0.0,109.0,12.0,0.0,0.18518518518518517
3495,8.0,1.0,0.0,0.0,0.0,129.0,17.0,0.0,0.07407407407407407
3496,4.0,1.0,0.0,0.0,0.0,185.0,15.0,1.0,0.05555555555555555
3497,4.0,1.0,0.0,0.0,1.0,100.0,9.0,2.0,0.018518518518518517
3498,22.0,1.0,0.0,0.0,0.0,490.0,11.0,2.0,0.2222222222222222
3499,9.0,1.0,0.0,0.0,0.0,343.0,15.0,2.0,0.05555555555555555
3500,9.0,1.0,0.0,0.0,0.0,170.0,23.0,2.0,0.07407407407407407
3501,2.0,1.0,0.0,0.0,0.0,174.0,16.0,3.0,0.0
3502,43.0,1.0,0.0,0.0,0.0,124.0,16.0,3.0,0.18518518518518517
3503,17.0,1.0,0.0,0.0,0.0,110.0,12.0,4.0,0.09259259259259259
3504,16.0,1.0,0.0,0.0,1.0,92.0,15.0,4.0,0.09259259259259259
3505,73.0,1.0,0.0,0.0,0.0,84.0,19.0,4.0,0.37037037037037035
3506,1.0,1.0,0.0,0.0,1.0,214.0,8.0,0.0,0.0
3507,1.0,1.0,0.0,0.0,1.0,214.0,8.0,0.0,0.0
3508,1.0,1.0,0.0,0.0,0.0,186.0,10.0,0.0,0.0
3509,71.0,1.0,0.0,0.0,1.0,740.0,11.0,0.0,0.3888888888888889
3510,1.0,1.0,0.0,0.0,0.0,327.0,19.0,1.0,0.0
3511,57.0,1.0,0.0,0.0,0.0,107.0,20.0,1.0,0.35185185185185186
3512,25.0,1.0,0.0,0.0,1.0,140.0,5.0,3.0,0.25925925925925924
3513,1.0,1.0,0.0,0.0,0.0,961.0,22.0,3.0,0.0
3514,6.0,1.0,0.0,0.0,0.0,961.0,22.0,3.0,0.05555555555555555
3515,8.0,1.0,0.0,1.0,0.0,203.0,7.0,2.0,0.1111111111111111
3516,12.0,1.0,0.0,0.0,1.0,86.0,10.0,2.0,0.16666666666666666
3517,4.0,1.0,0.0,0.0,1.0,158.0,15.0,2.0,0.018518518518518517
3518,41.0,1.0,0.0,0.0,0.0,135.0,15.0,2.0,0.25925925925925924
3519,8.0,1.0,0.0,0.0,1.0,249.0,21.0,2.0,0.07407407407407407
3520,12.0,1.0,0.0,0.0,0.0,99.0,8.0,5.0,0.1111111111111111
3521,24.0,1.0,0.0,0.0,1.0,253.0,19.0,5.0,0.018518518518518517
3522,3.0,1.0,0.0,0.0,1.0,106.0,18.0,5.0,0.037037037037037035
3523,2.0,1.0,0.0,0.0,0.0,99.0,19.0,5.0,0.0
3524,3.0,1.0,0.0,0.0,0.0,116.0,19.0,5.0,0.0
3525,3.0,1.0,0.0,0.0,1.0,130.0,22.0,5.0,0.018518518518518517
3526,12.0,1.0,0.0,0.0,1.0,127.0,8.0,1.0,0.09259259259259259
3527,8.0,1.0,0.0,0.0,1.0,244.0,9.0,3.0,0.037037037037037035
3528,36.0,1.0,0.0,0.0,1.0,442.0,11.0,3.0,0.16666666666666666
3529,5.0,1.0,0.0,0.0,0.0,174.0,5.0,6.0,0.037037037037037035
3530,33.0,1.0,0.0,0.0,1.0,94.0,11.0,6.0,0.35185185185185186
3531,3.0,1.0,0.0,0.0,0.0,153.0,15.0,1.0,0.037037037037037035
3532,14.0,1.0,0.0,0.0,0.0,1152.0,22.0,1.0,0.018518518518518517
3533,2.0,1.0,0.0,0.0,0.0,128.0,7.0,4.0,0.0
3534,52.0,1.0,0.0,0.0,0.0,96.0,11.0,4.0,0.3148148148148148
3535,1.0,1.0,0.0,0.0,0.0,158.0,22.0,0.0,0.0
3536,1.0,1.0,0.0,0.0,0.0,353.0,22.0,0.0,0.0
3537,1.0,1.0,0.0,0.0,0.0,340.0,22.0,0.0,0.0
3538,11.0,1.0,0.0,0.0,0.0,340.0,22.0,0.0,0.09259259259259259
3539,2.0,1.0,0.0,0.0,0.0,331.0,21.0,2.0,0.018518518518518517
3540,5.0,1.0,0.0,0.0,0.0,212.0,10.0,5.0,0.018518518518518517
3541,1.0,1.0,0.0,0.0,0.0,99.0,13.0,5.0,0.0
3542,12.0,1.0,0.0,0.0,0.0,93.0,13.0,5.0,0.12962962962962962
3543,15.0,1.0,0.0,0.0,0.0,315.0,20.0,5.0,0.07407407407407407
3544,21.0,1.0,0.0,0.0,1.0,104.0,7.0,2.0,0.2037037037037037
3545,20.0,1.0,0.0,0.0,0.0,299.0,22.0,3.0,0.16666666666666666
3546,25.0,1.0,0.0,1.0,0.0,172.0,13.0,4.0,0.18518518518518517
3547,3.0,1.0,0.0,0.0,0.0,93.0,20.0,4.0,0.018518518518518517
3548,2.0,1.0,0.0,0.0,0.0,109.0,21.0,4.0,0.0
3549,1.0,1.0,0.0,0.0,0.0,98.0,8.0,5.0,0.0
3550,23.0,1.0,0.0,0.0,0.0,197.0,8.0,5.0,0.24074074074074073
3551,3.0,1.0,0.0,0.0,0.0,193.0,18.0,6.0,0.018518518518518517
3552,2.0,1.0,0.0,0.0,0.0,264.0,18.0,6.0,0.018518518518518517
3553,1.0,1.0,0.0,0.0,0.0,430.0,22.0,6.0,0.0
3554,2.0,1.0,0.0,0.0,0.0,117.0,9.0,0.0,0.018518518518518517
3555,18.0,1.0,0.0,0.0,0.0,140.0,11.0,0.0,0.16666666666666666
3556,1.0,1.0,0.0,0.0,0.0,98.0,15.0,1.0,0.0
3557,2.0,1.0,0.0,0.0,0.0,221.0,21.0,1.0,0.018518518518518517
3558,1.0,1.0,0.0,0.0,0.0,147.0,22.0,1.0,0.0
3559,6.0,1.0,0.0,0.0,0.0,120.0,22.0,1.0,0.0
3560,1.0,1.0,0.0,0.0,1.0,153.0,22.0,1.0,0.0
3561,7.0,1.0,0.0,0.0,0.0,357.0,22.0,1.0,0.09259259259259259
3562,32.0,1.0,0.0,0.0,1.0,118.0,9.0,2.0,0.14814814814814814
3563,1.0,1.0,0.0,0.0,0.0,131.0,17.0,3.0,0.0
3564,2.0,1.0,0.0,0.0,0.0,131.0,17.0,3.0,0.0
3565,1.0,1.0,0.0,0.0,1.0,140.0,17.0,3.0,0.0
3566,2.0,1.0,0.0,0.0,0.0,83.0,19.0,3.0,0.0
3567,13.0,1.0,0.0,0.0,0.0,186.0,19.0,3.0,0.14814814814814814
3568,3.0,1.0,0.0,0.0,0.0,240.0,8.0,5.0,0.0
3569,47.0,1.0,0.0,0.0,0.0,175.0,9.0,5.0,0.4074074074074074
3570,7.0,1.0,0.0,0.0,0.0,115.0,15.0,6.0,0.07407407407407407
3571,7.0,2.0,1.0,0.0,0.0,0.0,15.0,1.0,0.16666666666666666
3572,2.0,2.0,0.0,0.0,0.0,102.0,21.0,3.0,0.03333333333333333
3573,3.0,2.0,0.0,0.0,0.0,124.0,7.0,4.0,0.06666666666666667
3574,1.0,2.0,0.0,0.0,0.0,346.0,14.0,4.0,0.0
3575,2.0,2.0,0.0,0.0,0.0,132.0,12.0,5.0,0.0
3576,5.0,2.0,0.0,0.0,0.0,337.0,13.0,0.0,0.06666666666666667
3577,16.0,2.0,0.0,0.0,0.0,301.0,14.0,4.0,0.1
3578,11.0,2.0,0.0,0.0,1.0,199.0,22.0,0.0,0.26666666666666666
3579,3.0,2.0,0.0,0.0,0.0,117.0,19.0,2.0,0.03333333333333333
3580,1.0,2.0,0.0,0.0,0.0,271.0,15.0,5.0,0.0
3581,2.0,2.0,0.0,0.0,0.0,263.0,15.0,5.0,0.03333333333333333
3582,2.0,2.0,0.0,1.0,0.0,94.0,21.0,5.0,0.0
3583,13.0,2.0,0.0,1.0,0.0,94.0,21.0,5.0,0.16666666666666666
3584,1.0,2.0,0.0,0.0,0.0,408.0,19.0,1.0,0.0
3585,3.0,2.0,0.0,0.0,0.0,658.0,19.0,1.0,0.03333333333333333
3586,1.0,2.0,0.0,0.0,0.0,288.0,20.0,4.0,0.0
3587,9.0,2.0,0.0,0.0,0.0,288.0,20.0,4.0,0.13333333333333333
3588,1.0,2.0,0.0,0.0,0.0,355.0,19.0,4.0,0.0
3589,3.0,2.0,0.0,0.0,0.0,218.0,20.0,4.0,0.03333333333333333
3590,4.0,2.0,0.0,0.0,0.0,210.0,22.0,4.0,0.06666666666666667
3591,3.0,2.0,0.0,0.0,0.0,527.0,19.0,5.0,0.06666666666666667
3592,3.0,2.0,0.0,0.0,0.0,3179.0,20.0,6.0,0.03333333333333333
3593,1.0,2.0,0.0,0.0,0.0,822.0,8.0,0.0,0.0
3594,55.0,2.0,0.0,0.0,0.0,1758.0,8.0,0.0,0.5
3595,40.0,2.0,0.0,0.0,0.0,527.0,22.0,0.0,0.4666666666666667
3596,9.0,2.0,0.0,0.0,0.0,230.0,15.0,4.0,0.13333333333333333
3597,1.0,2.0,0.0,0.0,1.0,114.0,11.0,6.0,0.0
3598,7.0,2.0,0.0,0.0,0.0,469.0,15.0,6.0,0.13333333333333333
3599,2.0,2.0,0.0,0.0,0.0,794.0,18.0,2.0,0.03333333333333333
3600,5.0,2.0,0.0,0.0,0.0,759.0,19.0,3.0,0.1
3601,1.0,2.0,0.0,0.0,0.0,342.0,15.0,5.0,0.0
3602,3.0,2.0,0.0,0.0,0.0,341.0,19.0,5.0,0.06666666666666667
3603,5.0,2.0,0.0,0.0,0.0,367.0,11.0,6.0,0.06666666666666667
3604,8.0,3.0,0.0,0.0,1.0,17.0,4.0,3.0,0.1111111111111111
3605,35.0,3.0,0.0,0.0,0.0,99.0,19.0,5.0,0.3333333333333333
3606,8.0,3.0,0.0,0.0,1.0,91.0,10.0,5.0,0.1111111111111111
3607,5.0,3.0,0.0,0.0,0.0,257.0,20.0,2.0,0.2222222222222222
3608,4.0,3.0,0.0,0.0,0.0,98.0,13.0,5.0,0.1111111111111111
3609,8.0,3.0,0.0,0.0,0.0,165.0,13.0,5.0,0.1111111111111111
3610,19.0,3.0,0.0,0.0,1.0,90.0,13.0,5.0,0.2222222222222222
3611,33.0,3.0,0.0,0.0,1.0,108.0,15.0,5.0,0.4444444444444444
3612,44.0,3.0,0.0,0.0,0.0,119.0,21.0,2.0,0.4444444444444444
3613,22.0,3.0,0.0,0.0,1.0,83.0,20.0,2.0,0.4444444444444444
3614,50.0,3.0,0.0,0.0,0.0,92.0,11.0,4.0,0.4444444444444444
3615,21.0,3.0,0.0,0.0,0.0,162.0,23.0,3.0,0.2222222222222222
3616,9.0,3.0,0.0,0.0,0.0,194.0,14.0,6.0,0.0
3617,27.0,3.0,0.0,0.0,0.0,134.0,16.0,5.0,0.3333333333333333
3618,7.0,2.0,0.0,0.0,0.0,4.0,15.0,4.0,0.0
3619,4.0,2.0,0.0,0.0,0.0,106.0,15.0,4.0,0.024096385542168676
3620,12.0,2.0,0.0,0.0,0.0,175.0,15.0,4.0,0.04819277108433735
3621,12.0,2.0,0.0,0.0,1.0,278.0,18.0,4.0,0.07228915662650602
3622,1.0,2.0,0.0,0.0,0.0,132.0,21.0,4.0,0.0
3623,18.0,2.0,0.0,0.0,0.0,138.0,21.0,4.0,0.08433734939759036
3624,16.0,2.0,0.0,0.0,0.0,149.0,11.0,5.0,0.08433734939759036
3625,65.0,2.0,0.0,0.0,0.0,128.0,22.0,5.0,0.18072289156626506
3626,8.0,2.0,0.0,0.0,0.0,250.0,14.0,0.0,0.04819277108433735
3627,14.0,2.0,0.0,0.0,0.0,211.0,14.0,0.0,0.024096385542168676
3628,5.0,2.0,0.0,0.0,0.0,101.0,16.0,0.0,0.024096385542168676
3629,1.0,2.0,0.0,0.0,0.0,117.0,16.0,0.0,0.0
3630,2.0,2.0,0.0,0.0,0.0,111.0,16.0,0.0,0.0
3631,53.0,2.0,0.0,0.0,0.0,114.0,18.0,0.0,0.1927710843373494
3632,17.0,2.0,0.0,0.0,0.0,97.0,11.0,2.0,0.08433734939759036
3633,8.0,2.0,0.0,0.0,0.0,116.0,15.0,2.0,0.04819277108433735
3634,2.0,2.0,0.0,0.0,1.0,135.0,15.0,2.0,0.012048192771084338
3635,61.0,2.0,0.0,0.0,0.0,131.0,15.0,2.0,0.26506024096385544
3636,2.0,2.0,0.0,0.0,0.0,102.0,8.0,4.0,0.012048192771084338
3637,32.0,2.0,0.0,0.0,0.0,103.0,9.0,4.0,0.14457831325301204
3638,8.0,2.0,0.0,0.0,1.0,120.0,19.0,4.0,0.04819277108433735
3639,32.0,2.0,0.0,0.0,0.0,189.0,20.0,4.0,0.08433734939759036
3640,5.0,2.0,0.0,0.0,1.0,115.0,20.0,5.0,0.024096385542168676
3641,11.0,2.0,0.0,0.0,0.0,89.0,20.0,5.0,0.03614457831325301
3642,1.0,2.0,0.0,0.0,1.0,171.0,21.0,6.0,0.0
3643,12.0,2.0,0.0,0.0,0.0,127.0,22.0,6.0,0.024096385542168676
3644,2.0,2.0,0.0,0.0,1.0,149.0,14.0,0.0,0.012048192771084338
3645,20.0,2.0,0.0,0.0,0.0,89.0,14.0,0.0,0.07228915662650602
3646,2.0,2.0,0.0,0.0,1.0,119.0,19.0,0.0,0.012048192771084338
3647,6.0,2.0,0.0,0.0,1.0,161.0,19.0,0.0,0.03614457831325301
3648,2.0,2.0,0.0,0.0,0.0,107.0,19.0,0.0,0.012048192771084338
3649,21.0,2.0,0.0,0.0,0.0,87.0,19.0,0.0,0.060240963855421686
3650,18.0,2.0,0.0,0.0,0.0,89.0,20.0,0.0,0.07228915662650602
3651,3.0,2.0,0.0,0.0,1.0,82.0,20.0,0.0,0.024096385542168676
3652,5.0,2.0,0.0,1.0,0.0,152.0,20.0,0.0,0.024096385542168676
3653,13.0,2.0,0.0,0.0,1.0,137.0,20.0,0.0,0.060240963855421686
3654,4.0,2.0,0.0,0.0,0.0,147.0,21.0,0.0,0.024096385542168676
3655,1.0,2.0,0.0,0.0,0.0,121.0,22.0,0.0,0.0
3656,1.0,2.0,0.0,0.0,0.0,105.0,9.0,1.0,0.0
3657,1.0,2.0,0.0,0.0,1.0,143.0,10.0,1.0,0.0
3658,71.0,2.0,0.0,0.0,0.0,108.0,10.0,1.0,0.21686746987951808
3659,4.0,2.0,0.0,0.0,0.0,191.0,20.0,3.0,0.012048192771084338
3660,7.0,2.0,0.0,0.0,1.0,86.0,20.0,3.0,0.024096385542168676
3661,16.0,2.0,0.0,0.0,0.0,143.0,11.0,4.0,0.12048192771084337
3662,55.0,2.0,0.0,0.0,0.0,109.0,6.0,0.0,0.14457831325301204
3663,27.0,2.0,0.0,0.0,0.0,135.0,20.0,1.0,0.0963855421686747
3664,47.0,2.0,0.0,0.0,1.0,91.0,13.0,3.0,0.07228915662650602
3665,1.0,2.0,0.0,0.0,0.0,168.0,18.0,4.0,0.0
3666,6.0,2.0,0.0,0.0,0.0,96.0,18.0,4.0,0.03614457831325301
3667,1.0,2.0,0.0,0.0,0.0,168.0,20.0,4.0,0.0
3668,1.0,2.0,0.0,0.0,1.0,120.0,20.0,4.0,0.0
3669,5.0,2.0,0.0,0.0,1.0,141.0,20.0,4.0,0.024096385542168676
3670,60.0,2.0,0.0,0.0,0.0,168.0,20.0,4.0,0.1927710843373494
3671,1.0,2.0,0.0,0.0,0.0,97.0,12.0,0.0,0.0
3672,7.0,2.0,0.0,0.0,0.0,97.0,12.0,0.0,0.0
3673,2.0,2.0,0.0,0.0,0.0,97.0,12.0,0.0,0.012048192771084338
3674,9.0,2.0,0.0,0.0,0.0,109.0,13.0,0.0,0.024096385542168676
3675,4.0,2.0,0.0,0.0,0.0,207.0,14.0,0.0,0.024096385542168676
3676,50.0,2.0,0.0,0.0,0.0,105.0,15.0,0.0,0.10843373493975904
3677,18.0,2.0,0.0,0.0,0.0,99.0,10.0,3.0,0.04819277108433735
3678,5.0,2.0,0.0,0.0,0.0,144.0,14.0,3.0,0.012048192771084338
3679,1.0,2.0,0.0,0.0,1.0,92.0,14.0,3.0,0.0
3680,1.0,2.0,0.0,0.0,0.0,90.0,14.0,3.0,0.0
3681,6.0,2.0,0.0,0.0,0.0,126.0,14.0,3.0,0.012048192771084338
3682,18.0,2.0,0.0,0.0,0.0,170.0,14.0,3.0,0.04819277108433735
3683,4.0,2.0,0.0,0.0,0.0,367.0,12.0,6.0,0.0
3684,7.0,2.0,0.0,0.0,0.0,161.0,12.0,6.0,0.060240963855421686
3685,5.0,2.0,0.0,0.0,0.0,100.0,13.0,0.0,0.012048192771084338
3686,5.0,2.0,0.0,1.0,0.0,102.0,21.0,0.0,0.012048192771084338
3687,4.0,2.0,0.0,0.0,0.0,238.0,9.0,1.0,0.012048192771084338
3688,34.0,2.0,0.0,0.0,0.0,121.0,10.0,1.0,0.1566265060240964
3689,16.0,2.0,0.0,0.0,0.0,165.0,12.0,2.0,0.060240963855421686
3690,2.0,2.0,0.0,0.0,0.0,327.0,14.0,2.0,0.012048192771084338
3691,7.0,2.0,0.0,0.0,1.0,97.0,14.0,2.0,0.04819277108433735
3692,28.0,2.0,0.0,0.0,0.0,99.0,15.0,2.0,0.1927710843373494
3693,29.0,2.0,0.0,0.0,1.0,104.0,9.0,3.0,0.13253012048192772
3694,1.0,2.0,0.0,1.0,0.0,250.0,17.0,3.0,0.0
3695,66.0,2.0,0.0,1.0,0.0,250.0,17.0,3.0,0.1927710843373494
3696,57.0,2.0,0.0,0.0,0.0,163.0,13.0,1.0,0.14457831325301204
3697,1.0,2.0,0.0,0.0,1.0,189.0,17.0,6.0,0.0
3698,29.0,2.0,0.0,1.0,0.0,92.0,10.0,0.0,0.12048192771084337
3699,3.0,2.0,0.0,1.0,0.0,144.0,14.0,1.0,0.024096385542168676
3700,8.0,2.0,0.0,0.0,0.0,105.0,19.0,1.0,0.07228915662650602
3701,10.0,2.0,0.0,0.0,0.0,337.0,18.0,2.0,0.0963855421686747
3702,13.0,2.0,0.0,0.0,0.0,197.0,14.0,3.0,0.08433734939759036
3703,1.0,2.0,0.0,0.0,0.0,122.0,21.0,6.0,0.0
3704,17.0,2.0,0.0,0.0,0.0,122.0,21.0,6.0,0.04819277108433735
3705,2.0,2.0,0.0,0.0,0.0,1143.0,11.0,3.0,0.0
3706,16.0,2.0,0.0,0.0,1.0,98.0,11.0,3.0,0.060240963855421686
3707,12.0,2.0,0.0,0.0,1.0,331.0,12.0,3.0,0.060240963855421686
3708,17.0,2.0,0.0,0.0,1.0,298.0,8.0,4.0,0.04819277108433735
3709,8.0,2.0,0.0,0.0,0.0,224.0,11.0,0.0,0.03614457831325301
3710,4.0,2.0,0.0,0.0,0.0,121.0,19.0,0.0,0.024096385542168676
3711,14.0,2.0,0.0,0.0,1.0,88.0,19.0,0.0,0.0963855421686747
3712,1.0,2.0,0.0,0.0,1.0,159.0,19.0,3.0,0.0
3713,2.0,2.0,0.0,0.0,1.0,201.0,19.0,3.0,0.012048192771084338
3714,8.0,2.0,0.0,0.0,0.0,83.0,20.0,3.0,0.04819277108433735
3715,29.0,2.0,0.0,0.0,0.0,107.0,10.0,5.0,0.14457831325301204
3716,7.0,2.0,0.0,0.0,0.0,110.0,12.0,1.0,0.03614457831325301
3717,47.0,2.0,0.0,0.0,0.0,183.0,13.0,1.0,0.26506024096385544
3718,5.0,2.0,0.0,0.0,1.0,319.0,15.0,1.0,0.03614457831325301
3719,2.0,2.0,0.0,0.0,0.0,346.0,19.0,1.0,0.012048192771084338
3720,1.0,2.0,0.0,0.0,1.0,111.0,19.0,1.0,0.0
3721,4.0,2.0,0.0,0.0,0.0,142.0,19.0,1.0,0.03614457831325301
3722,37.0,2.0,0.0,0.0,1.0,357.0,20.0,1.0,0.1566265060240964
3723,9.0,2.0,0.0,0.0,1.0,100.0,12.0,2.0,0.060240963855421686
3724,2.0,2.0,0.0,0.0,0.0,264.0,9.0,4.0,0.012048192771084338
3725,31.0,2.0,0.0,0.0,1.0,85.0,9.0,4.0,0.12048192771084337
3726,2.0,2.0,0.0,0.0,0.0,95.0,9.0,5.0,0.012048192771084338
3727,3.0,2.0,0.0,0.0,0.0,105.0,11.0,0.0,0.024096385542168676
3728,2.0,2.0,0.0,0.0,0.0,226.0,17.0,0.0,0.012048192771084338
3729,1.0,2.0,0.0,0.0,0.0,149.0,17.0,0.0,0.0
3730,34.0,2.0,0.0,0.0,0.0,86.0,17.0,0.0,0.0963855421686747
3731,1.0,2.0,0.0,0.0,0.0,106.0,17.0,3.0,0.0
3732,3.0,2.0,0.0,0.0,0.0,329.0,19.0,3.0,0.0
3733,3.0,2.0,0.0,0.0,0.0,112.0,19.0,3.0,0.012048192771084338
3734,7.0,2.0,0.0,0.0,0.0,158.0,19.0,3.0,0.012048192771084338
3735,17.0,2.0,0.0,0.0,0.0,112.0,20.0,3.0,0.060240963855421686
3736,39.0,2.0,0.0,0.0,1.0,130.0,21.0,3.0,0.1566265060240964
3737,5.0,2.0,0.0,0.0,0.0,382.0,11.0,0.0,0.012048192771084338
3738,14.0,2.0,0.0,0.0,0.0,302.0,12.0,0.0,0.10843373493975904
3739,6.0,2.0,0.0,0.0,0.0,111.0,20.0,1.0,0.03614457831325301
3740,5.0,2.0,0.0,0.0,0.0,111.0,12.0,2.0,0.03614457831325301
3741,1.0,2.0,0.0,0.0,0.0,555.0,10.0,5.0,0.0
3742,2.0,2.0,0.0,0.0,1.0,243.0,10.0,5.0,0.012048192771084338
3743,41.0,2.0,0.0,0.0,0.0,127.0,11.0,5.0,0.21686746987951808
3744,1.0,2.0,0.0,0.0,0.0,84.0,9.0,1.0,0.0
3745,18.0,2.0,0.0,0.0,0.0,85.0,9.0,1.0,0.08433734939759036
3746,48.0,2.0,0.0,0.0,0.0,122.0,20.0,1.0,0.1686746987951807
3747,42.0,2.0,0.0,0.0,1.0,151.0,19.0,4.0,0.21686746987951808
3748,2.0,2.0,0.0,0.0,0.0,160.0,13.0,2.0,0.012048192771084338
3749,12.0,2.0,0.0,0.0,1.0,92.0,15.0,2.0,0.0963855421686747
3750,1.0,2.0,0.0,0.0,1.0,135.0,21.0,2.0,0.0
3751,2.0,2.0,0.0,0.0,0.0,161.0,21.0,2.0,0.012048192771084338
3752,1.0,2.0,0.0,0.0,1.0,338.0,21.0,2.0,0.0
3753,1.0,2.0,0.0,0.0,0.0,454.0,22.0,2.0,0.0
3754,2.0,2.0,0.0,0.0,0.0,166.0,22.0,2.0,0.0
3755,18.0,2.0,0.0,0.0,0.0,253.0,22.0,2.0,0.08433734939759036
3756,13.0,2.0,0.0,0.0,0.0,218.0,19.0,0.0,0.0963855421686747
3757,10.0,2.0,0.0,0.0,0.0,137.0,18.0,2.0,0.060240963855421686
3758,1.0,2.0,0.0,0.0,0.0,139.0,21.0,2.0,0.0
3759,25.0,2.0,0.0,0.0,0.0,88.0,21.0,2.0,0.10843373493975904
3760,5.0,2.0,0.0,0.0,0.0,337.0,13.0,0.0,0.012048192771084338
3761,6.0,2.0,0.0,0.0,0.0,119.0,16.0,0.0,0.03614457831325301
3762,3.0,2.0,0.0,1.0,0.0,147.0,20.0,1.0,0.012048192771084338
3763,2.0,2.0,0.0,0.0,0.0,147.0,20.0,1.0,0.012048192771084338
3764,5.0,2.0,0.0,0.0,0.0,128.0,22.0,1.0,0.024096385542168676
3765,2.0,2.0,0.0,0.0,0.0,90.0,12.0,2.0,0.012048192771084338
3766,2.0,2.0,0.0,0.0,0.0,90.0,17.0,2.0,0.012048192771084338
3767,23.0,2.0,0.0,0.0,0.0,90.0,17.0,2.0,0.14457831325301204
3768,1.0,2.0,0.0,0.0,1.0,389.0,21.0,6.0,0.0
3769,2.0,2.0,0.0,0.0,0.0,233.0,21.0,6.0,0.012048192771084338
3770,8.0,2.0,0.0,0.0,0.0,97.0,21.0,6.0,0.024096385542168676
3771,3.0,2.0,0.0,0.0,0.0,86.0,9.0,0.0,0.012048192771084338
3772,1.0,2.0,0.0,0.0,0.0,110.0,10.0,0.0,0.0
3773,5.0,2.0,0.0,0.0,0.0,235.0,10.0,0.0,0.024096385542168676
3774,20.0,2.0,0.0,0.0,0.0,168.0,12.0,0.0,0.10843373493975904
3775,1.0,2.0,0.0,0.0,1.0,239.0,18.0,3.0,0.0
3776,3.0,2.0,0.0,0.0,0.0,146.0,18.0,3.0,0.024096385542168676
3777,12.0,2.0,0.0,1.0,0.0,94.0,21.0,3.0,0.07228915662650602
3778,1.0,2.0,0.0,0.0,1.0,83.0,8.0,4.0,0.0
3779,11.0,2.0,0.0,0.0,0.0,185.0,9.0,4.0,0.0963855421686747
3780,3.0,2.0,0.0,0.0,1.0,241.0,21.0,4.0,0.024096385542168676
3781,3.0,2.0,0.0,0.0,0.0,98.0,8.0,5.0,0.024096385542168676
3782,9.0,2.0,0.0,0.0,1.0,175.0,15.0,5.0,0.08433734939759036
3783,35.0,2.0,0.0,0.0,1.0,84.0,21.0,1.0,0.1566265060240964
3784,3.0,2.0,0.0,0.0,1.0,77.0,18.0,3.0,0.024096385542168676
3785,6.0,2.0,0.0,0.0,0.0,193.0,16.0,4.0,0.024096385542168676
3786,6.0,2.0,0.0,0.0,1.0,109.0,19.0,0.0,0.03614457831325301
3787,7.0,2.0,0.0,0.0,1.0,208.0,22.0,1.0,0.04819277108433735
3788,12.0,3.0,0.0,0.0,1.0,17.0,4.0,3.0,0.1
3789,76.0,3.0,0.0,0.0,1.0,99.0,17.0,3.0,0.2
3790,11.0,3.0,0.0,0.0,0.0,105.0,15.0,5.0,0.1
3791,6.0,3.0,0.0,0.0,1.0,89.0,20.0,2.0,0.1
3792,28.0,3.0,0.0,0.0,0.0,101.0,20.0,2.0,0.2
3793,26.0,3.0,0.0,0.0,0.0,264.0,18.0,2.0,0.2
3794,26.0,3.0,0.0,0.0,0.0,176.0,21.0,2.0,0.2
3795,1.0,3.0,0.0,0.0,0.0,156.0,21.0,2.0,0.0
3796,2.0,3.0,0.0,0.0,1.0,89.0,21.0,2.0,0.0
3797,6.0,3.0,0.0,0.0,0.0,202.0,21.0,2.0,0.1
3798,47.0,3.0,0.0,0.0,0.0,139.0,21.0,2.0,0.2
3799,19.0,3.0,0.0,0.0,0.0,84.0,23.0,3.0,0.3
3800,19.0,3.0,0.0,0.0,0.0,83.0,16.0,2.0,0.3
3801,1.0,3.0,0.0,0.0,0.0,209.0,11.0,3.0,0.0
3802,17.0,3.0,0.0,0.0,0.0,88.0,11.0,3.0,0.3
3803,10.0,3.0,0.0,0.0,1.0,85.0,11.0,4.0,0.2
3804,4.0,3.0,0.0,0.0,0.0,86.0,15.0,4.0,0.1
3805,30.0,3.0,0.0,0.0,1.0,92.0,15.0,4.0,0.4
3806,4.0,3.0,0.0,0.0,0.0,150.0,22.0,2.0,0.1
3807,46.0,3.0,0.0,0.0,0.0,94.0,22.0,2.0,0.4
3808,1.0,3.0,0.0,0.0,1.0,318.0,23.0,4.0,0.0
3809,12.0,3.0,0.0,0.0,1.0,230.0,23.0,4.0,0.3
3810,15.0,3.0,0.0,0.0,0.0,114.0,20.0,3.0,0.3
3811,5.0,3.0,0.0,0.0,0.0,88.0,13.0,2.0,0.2
3812,59.0,3.0,0.0,0.0,0.0,118.0,14.0,2.0,0.6
3813,2.0,3.0,0.0,0.0,0.0,301.0,19.0,3.0,0.0
3814,4.0,3.0,0.0,0.0,0.0,93.0,19.0,3.0,0.2
3815,6.0,3.0,0.0,0.0,0.0,98.0,19.0,3.0,0.2
3816,25.0,3.0,0.0,0.0,0.0,108.0,20.0,3.0,0.3
3817,21.0,3.0,0.0,0.0,0.0,134.0,16.0,5.0,0.4
3818,45.0,3.0,0.0,0.0,0.0,193.0,0.0,3.0,0.6
3819,44.0,3.0,0.0,0.0,0.0,129.0,18.0,2.0,0.4
3820,1.0,2.0,0.0,0.0,0.0,95.0,17.0,1.0,0.0
3821,43.0,2.0,0.0,0.0,0.0,123.0,17.0,1.0,0.19607843137254902
3822,86.0,2.0,0.0,0.0,0.0,109.0,21.0,2.0,0.3137254901960784
3823,5.0,2.0,0.0,0.0,0.0,199.0,10.0,4.0,0.0784313725490196
3824,6.0,2.0,0.0,0.0,0.0,221.0,12.0,4.0,0.0784313725490196
3825,6.0,2.0,0.0,0.0,1.0,183.0,15.0,4.0,0.0392156862745098
3826,4.0,2.0,0.0,0.0,0.0,99.0,17.0,0.0,0.0196078431372549
3827,1.0,2.0,0.0,0.0,1.0,125.0,17.0,0.0,0.0
3828,11.0,2.0,0.0,0.0,0.0,97.0,17.0,0.0,0.0784313725490196
3829,4.0,2.0,0.0,0.0,0.0,108.0,10.0,5.0,0.058823529411764705
3830,6.0,2.0,0.0,0.0,1.0,143.0,12.0,5.0,0.058823529411764705
3831,2.0,2.0,0.0,0.0,0.0,189.0,12.0,1.0,0.0
3832,2.0,2.0,0.0,0.0,1.0,458.0,12.0,1.0,0.0
3833,2.0,2.0,0.0,0.0,0.0,172.0,12.0,1.0,0.0196078431372549
3834,6.0,2.0,0.0,0.0,0.0,225.0,15.0,3.0,0.058823529411764705
3835,1.0,2.0,0.0,0.0,0.0,125.0,10.0,5.0,0.0
3836,2.0,2.0,0.0,0.0,0.0,133.0,14.0,6.0,0.0
3837,1.0,2.0,0.0,0.0,0.0,168.0,22.0,6.0,0.0
3838,8.0,2.0,0.0,0.0,1.0,130.0,9.0,1.0,0.0784313725490196
3839,1.0,2.0,0.0,1.0,0.0,241.0,11.0,0.0,0.0
3840,23.0,2.0,0.0,0.0,0.0,219.0,22.0,1.0,0.0392156862745098
3841,3.0,2.0,0.0,1.0,0.0,118.0,6.0,3.0,0.0196078431372549
3842,24.0,2.0,0.0,0.0,0.0,133.0,9.0,3.0,0.0392156862745098
3843,3.0,2.0,0.0,0.0,0.0,186.0,10.0,5.0,0.0
3844,3.0,2.0,0.0,0.0,0.0,98.0,7.0,6.0,0.0
3845,9.0,2.0,0.0,0.0,0.0,83.0,22.0,6.0,0.0196078431372549
3846,11.0,2.0,0.0,0.0,0.0,169.0,11.0,6.0,0.0784313725490196
3847,3.0,2.0,0.0,0.0,1.0,147.0,22.0,2.0,0.0196078431372549
3848,7.0,2.0,0.0,0.0,0.0,97.0,22.0,2.0,0.058823529411764705
3849,2.0,2.0,0.0,1.0,0.0,159.0,12.0,5.0,0.0
3850,2.0,2.0,0.0,1.0,0.0,218.0,16.0,5.0,0.0196078431372549
3851,3.0,2.0,0.0,0.0,0.0,152.0,16.0,5.0,0.0196078431372549
3852,2.0,2.0,0.0,1.0,0.0,179.0,21.0,1.0,0.0196078431372549
3853,13.0,2.0,0.0,0.0,0.0,297.0,9.0,4.0,0.0392156862745098
3854,2.0,2.0,0.0,0.0,0.0,198.0,16.0,2.0,0.0
3855,46.0,2.0,0.0,0.0,0.0,428.0,6.0,4.0,0.11764705882352941
3856,16.0,2.0,0.0,0.0,0.0,214.0,20.0,2.0,0.058823529411764705
3857,17.0,2.0,0.0,0.0,0.0,177.0,20.0,5.0,0.058823529411764705
3858,3.0,2.0,0.0,0.0,0.0,88.0,10.0,5.0,0.0196078431372549
3859,18.0,2.0,0.0,0.0,1.0,106.0,5.0,3.0,0.0784313725490196
3860,68.0,2.0,0.0,0.0,1.0,106.0,6.0,6.0,0.0392156862745098
3861,93.0,2.0,0.0,0.0,0.0,155.0,6.0,5.0,0.0784313725490196
3862,1.0,2.0,0.0,0.0,0.0,286.0,6.0,3.0,0.0
3863,1.0,2.0,0.0,0.0,0.0,122.0,6.0,3.0,0.0
3864,9.0,2.0,0.0,0.0,1.0,162.0,6.0,3.0,0.0196078431372549
3865,45.0,2.0,0.0,0.0,0.0,175.0,5.0,4.0,0.0392156862745098
3866,1.0,2.0,0.0,0.0,0.0,145.0,10.0,4.0,0.0
3867,38.0,2.0,0.0,0.0,0.0,130.0,10.0,4.0,0.0392156862745098
3868,4.0,2.0,0.0,0.0,0.0,122.0,7.0,3.0,0.0392156862745098
3869,34.0,2.0,0.0,1.0,0.0,119.0,21.0,3.0,0.0392156862745098
3870,3.0,2.0,0.0,0.0,0.0,96.0,14.0,4.0,0.0
3871,3.0,2.0,0.0,0.0,0.0,96.0,15.0,4.0,0.0392156862745098
3872,6.0,2.0,0.0,0.0,1.0,112.0,20.0,4.0,0.0196078431372549
3873,26.0,2.0,0.0,0.0,1.0,291.0,5.0,5.0,0.0392156862745098
3874,54.0,2.0,0.0,0.0,0.0,352.0,5.0,0.0,0.0392156862745098
3875,84.0,2.0,0.0,0.0,0.0,527.0,5.0,3.0,0.11764705882352941
3876,11.0,2.0,0.0,0.0,0.0,174.0,6.0,4.0,0.0
3877,7.0,2.0,0.0,0.0,1.0,105.0,21.0,5.0,0.0
3878,33.0,2.0,0.0,0.0,1.0,470.0,6.0,6.0,0.0196078431372549
3879,1.0,2.0,0.0,0.0,0.0,526.0,19.0,0.0,0.0
3880,15.0,2.0,0.0,0.0,0.0,151.0,19.0,0.0,0.0392156862745098
3881,19.0,2.0,0.0,0.0,1.0,339.0,21.0,1.0,0.09803921568627451
3882,18.0,2.0,0.0,0.0,0.0,88.0,8.0,5.0,0.0196078431372549
3883,30.0,2.0,0.0,0.0,1.0,233.0,5.0,1.0,0.0
3884,7.0,2.0,0.0,0.0,0.0,99.0,18.0,3.0,0.0392156862745098
3885,8.0,2.0,0.0,0.0,0.0,112.0,22.0,3.0,0.0392156862745098
3886,1.0,2.0,0.0,0.0,0.0,137.0,5.0,1.0,0.0
3887,17.0,2.0,0.0,0.0,1.0,322.0,5.0,1.0,0.0
3888,2.0,2.0,0.0,0.0,0.0,105.0,5.0,1.0,0.0
3889,3.0,2.0,0.0,0.0,1.0,186.0,21.0,1.0,0.0
3890,1.0,2.0,0.0,1.0,0.0,152.0,22.0,1.0,0.0
3891,7.0,2.0,0.0,1.0,0.0,152.0,22.0,1.0,0.0196078431372549
3892,6.0,2.0,0.0,0.0,0.0,174.0,20.0,4.0,0.0
3893,1.0,2.0,0.0,0.0,0.0,275.0,12.0,0.0,0.0
3894,4.0,2.0,0.0,0.0,1.0,217.0,12.0,0.0,0.0196078431372549
3895,40.0,2.0,0.0,0.0,1.0,233.0,5.0,2.0,0.0196078431372549
3896,18.0,2.0,0.0,0.0,0.0,112.0,18.0,0.0,0.0196078431372549
3897,23.0,2.0,0.0,0.0,0.0,201.0,5.0,1.0,0.0392156862745098
3898,15.0,2.0,0.0,0.0,0.0,145.0,20.0,1.0,0.0392156862745098
3899,3.0,2.0,0.0,0.0,1.0,81.0,8.0,2.0,0.0392156862745098
3900,5.0,2.0,0.0,0.0,0.0,93.0,5.0,3.0,0.0
3901,15.0,2.0,0.0,0.0,1.0,97.0,5.0,4.0,0.0196078431372549
3902,53.0,2.0,0.0,0.0,0.0,236.0,6.0,6.0,0.0196078431372549
3903,6.0,2.0,0.0,0.0,1.0,131.0,21.0,1.0,0.0196078431372549
3904,1.0,2.0,0.0,0.0,0.0,157.0,21.0,2.0,0.0
3905,53.0,2.0,0.0,0.0,1.0,103.0,21.0,2.0,0.0392156862745098
3906,2.0,2.0,0.0,0.0,1.0,357.0,6.0,6.0,0.0
3907,21.0,2.0,0.0,0.0,1.0,159.0,6.0,6.0,0.0196078431372549
3908,4.0,2.0,0.0,0.0,0.0,1056.0,22.0,1.0,0.0
3909,1.0,2.0,0.0,0.0,0.0,179.0,6.0,2.0,0.0
3910,22.0,2.0,0.0,0.0,0.0,252.0,7.0,3.0,0.11764705882352941
3911,95.0,2.0,0.0,0.0,0.0,231.0,10.0,3.0,0.0196078431372549
3912,11.0,2.0,0.0,0.0,0.0,161.0,5.0,6.0,0.0
3913,2.0,2.0,0.0,0.0,0.0,218.0,22.0,6.0,0.0
3914,85.0,2.0,0.0,0.0,0.0,182.0,22.0,6.0,0.09803921568627451
3915,25.0,2.0,0.0,0.0,0.0,266.0,21.0,5.0,0.058823529411764705
3916,131.0,2.0,0.0,0.0,1.0,195.0,18.0,6.0,0.09803921568627451
3917,2.0,2.0,0.0,0.0,1.0,104.0,6.0,6.0,0.0
3918,82.0,2.0,0.0,0.0,0.0,159.0,6.0,6.0,0.0392156862745098
3919,13.0,2.0,0.0,0.0,0.0,97.0,20.0,5.0,0.0196078431372549
3920,97.0,2.0,0.0,0.0,0.0,238.0,6.0,6.0,0.17647058823529413
3921,1.0,2.0,0.0,0.0,1.0,127.0,5.0,3.0,0.0
3922,4.0,2.0,0.0,0.0,0.0,101.0,5.0,3.0,0.0
3923,16.0,2.0,0.0,0.0,1.0,220.0,6.0,3.0,0.0784313725490196
3924,8.0,2.0,0.0,0.0,0.0,102.0,22.0,3.0,0.0196078431372549
3925,1.0,2.0,0.0,0.0,1.0,100.0,6.0,6.0,0.0
3926,9.0,2.0,0.0,0.0,1.0,131.0,6.0,6.0,0.0
3927,22.0,2.0,0.0,0.0,0.0,159.0,6.0,1.0,0.0196078431372549
3928,20.0,2.0,0.0,0.0,0.0,133.0,23.0,1.0,0.0392156862745098
3929,7.0,2.0,0.0,0.0,0.0,83.0,13.0,6.0,0.0
3930,10.0,2.0,0.0,0.0,1.0,160.0,16.0,6.0,0.0196078431372549
3931,16.0,2.0,0.0,0.0,0.0,162.0,21.0,6.0,0.058823529411764705
3932,34.0,2.0,0.0,0.0,1.0,108.0,8.0,2.0,0.0392156862745098
3933,39.0,2.0,0.0,0.0,0.0,277.0,23.0,2.0,0.0392156862745098
3934,6.0,2.0,0.0,0.0,1.0,95.0,22.0,5.0,0.0
3935,6.0,2.0,0.0,0.0,0.0,290.0,22.0,5.0,0.0392156862745098
3936,14.0,2.0,0.0,0.0,1.0,278.0,9.0,0.0,0.0
3937,2.0,2.0,0.0,0.0,1.0,243.0,17.0,0.0,0.0196078431372549
3938,31.0,2.0,0.0,0.0,0.0,320.0,22.0,0.0,0.0196078431372549
3939,45.0,2.0,0.0,0.0,0.0,416.0,23.0,3.0,0.0392156862745098
3940,18.0,2.0,0.0,0.0,0.0,283.0,14.0,5.0,0.0784313725490196
3941,74.0,2.0,0.0,0.0,1.0,217.0,17.0,6.0,0.13725490196078433
3942,1.0,2.0,0.0,0.0,0.0,92.0,19.0,2.0,0.0
3943,4.0,2.0,0.0,0.0,0.0,106.0,20.0,2.0,0.0196078431372549
3944,12.0,2.0,0.0,0.0,0.0,92.0,23.0,2.0,0.0392156862745098
3945,3.0,2.0,0.0,0.0,1.0,81.0,13.0,3.0,0.0
3946,19.0,2.0,0.0,0.0,0.0,142.0,13.0,3.0,0.0392156862745098
3947,9.0,2.0,0.0,0.0,0.0,85.0,9.0,4.0,0.0
3948,7.0,2.0,0.0,0.0,0.0,84.0,15.0,4.0,0.0
3949,10.0,2.0,0.0,0.0,0.0,270.0,18.0,4.0,0.0
3950,6.0,2.0,0.0,0.0,0.0,109.0,7.0,6.0,0.0
3951,32.0,2.0,0.0,0.0,0.0,132.0,5.0,0.0,0.0392156862745098
3952,12.0,2.0,0.0,0.0,0.0,298.0,17.0,1.0,0.0196078431372549
3953,1.0,2.0,0.0,0.0,1.0,94.0,23.0,2.0,0.0
3954,1.0,2.0,0.0,0.0,1.0,104.0,23.0,2.0,0.0
3955,7.0,2.0,0.0,0.0,1.0,98.0,23.0,2.0,0.0
3956,2.0,2.0,0.0,0.0,0.0,140.0,6.0,3.0,0.0
3957,39.0,2.0,0.0,0.0,0.0,161.0,6.0,3.0,0.11764705882352941
3958,4.0,2.0,0.0,0.0,0.0,301.0,21.0,6.0,0.0196078431372549
3959,20.0,2.0,0.0,0.0,0.0,96.0,23.0,6.0,0.0196078431372549
3960,1.0,2.0,0.0,0.0,0.0,371.0,22.0,0.0,0.0
3961,3.0,2.0,0.0,0.0,0.0,205.0,6.0,1.0,0.0
3962,27.0,2.0,0.0,0.0,0.0,84.0,6.0,1.0,0.0
3963,8.0,2.0,0.0,0.0,0.0,184.0,18.0,1.0,0.0196078431372549
3964,11.0,2.0,0.0,0.0,0.0,130.0,19.0,1.0,0.0196078431372549
3965,3.0,2.0,0.0,0.0,0.0,129.0,21.0,1.0,0.0
3966,15.0,2.0,0.0,0.0,0.0,537.0,21.0,1.0,0.0
3967,2.0,2.0,0.0,0.0,0.0,304.0,21.0,1.0,0.0
3968,23.0,2.0,0.0,0.0,0.0,129.0,21.0,1.0,0.0392156862745098
3969,2.0,2.0,0.0,1.0,0.0,100.0,8.0,2.0,0.0
3970,41.0,2.0,0.0,1.0,0.0,94.0,8.0,2.0,0.0196078431372549
3971,26.0,2.0,0.0,0.0,0.0,646.0,18.0,2.0,0.058823529411764705
3972,1.0,2.0,0.0,0.0,0.0,260.0,20.0,1.0,0.0
3973,5.0,2.0,0.0,0.0,0.0,92.0,20.0,1.0,0.0196078431372549
3974,5.0,2.0,0.0,0.0,1.0,217.0,5.0,4.0,0.0196078431372549
3975,22.0,2.0,0.0,0.0,0.0,127.0,8.0,4.0,0.0196078431372549
3976,30.0,2.0,0.0,0.0,0.0,271.0,8.0,4.0,0.0196078431372549
3977,2.0,2.0,0.0,0.0,0.0,195.0,20.0,0.0,0.0
3978,1.0,2.0,0.0,0.0,0.0,129.0,20.0,0.0,0.0
3979,42.0,2.0,0.0,0.0,0.0,176.0,20.0,0.0,0.0392156862745098
3980,7.0,2.0,0.0,0.0,0.0,135.0,10.0,5.0,0.0392156862745098
3981,31.0,2.0,0.0,0.0,1.0,90.0,17.0,5.0,0.0392156862745098
3982,4.0,2.0,0.0,0.0,0.0,371.0,6.0,0.0,0.0196078431372549
3983,27.0,2.0,0.0,0.0,1.0,109.0,8.0,0.0,0.0
3984,1.0,2.0,0.0,0.0,0.0,406.0,20.0,0.0,0.0
3985,3.0,2.0,0.0,0.0,1.0,109.0,20.0,0.0,0.0
3986,4.0,2.0,0.0,0.0,0.0,113.0,8.0,3.0,0.0
3987,5.0,2.0,0.0,0.0,0.0,248.0,8.0,3.0,0.0
3988,9.0,2.0,0.0,0.0,0.0,352.0,8.0,3.0,0.0
3989,10.0,2.0,0.0,0.0,1.0,139.0,8.0,3.0,0.0
3990,25.0,2.0,0.0,0.0,0.0,234.0,22.0,3.0,0.0784313725490196
3991,30.0,2.0,0.0,0.0,0.0,108.0,18.0,4.0,0.058823529411764705
3992,8.0,2.0,0.0,0.0,0.0,120.0,18.0,1.0,0.0
3993,10.0,2.0,0.0,0.0,1.0,128.0,18.0,2.0,0.0392156862745098
3994,28.0,2.0,0.0,0.0,0.0,179.0,6.0,4.0,0.0196078431372549
3995,1.0,2.0,0.0,0.0,0.0,128.0,9.0,4.0,0.0
3996,1.0,2.0,0.0,0.0,1.0,160.0,9.0,4.0,0.0
3997,35.0,2.0,0.0,0.0,0.0,175.0,9.0,4.0,0.0196078431372549
3998,1.0,2.0,0.0,0.0,0.0,85.0,6.0,5.0,0.0
3999,4.0,2.0,0.0,0.0,1.0,89.0,6.0,5.0,0.0196078431372549
4000,1.0,2.0,0.0,0.0,1.0,171.0,22.0,5.0,0.0
4001,1.0,2.0,0.0,0.0,1.0,157.0,22.0,5.0,0.0
4002,2.0,2.0,0.0,0.0,1.0,145.0,22.0,5.0,0.0
4003,11.0,2.0,0.0,0.0,1.0,112.0,22.0,5.0,0.0
4004,13.0,2.0,0.0,0.0,0.0,338.0,7.0,6.0,0.0784313725490196
4005,4.0,2.0,0.0,0.0,0.0,141.0,21.0,0.0,0.0392156862745098
4006,13.0,2.0,0.0,0.0,0.0,133.0,8.0,1.0,0.0784313725490196
4007,1.0,2.0,0.0,0.0,0.0,339.0,17.0,2.0,0.0
4008,33.0,2.0,0.0,0.0,1.0,217.0,22.0,2.0,0.0784313725490196
4009,1.0,2.0,0.0,0.0,0.0,179.0,5.0,5.0,0.0
4010,3.0,2.0,0.0,0.0,0.0,243.0,5.0,5.0,0.0196078431372549
4011,7.0,2.0,0.0,0.0,0.0,106.0,6.0,5.0,0.0196078431372549
4012,33.0,2.0,0.0,0.0,0.0,301.0,14.0,5.0,0.0392156862745098
4013,86.0,2.0,0.0,0.0,1.0,204.0,20.0,0.0,0.17647058823529413
4014,12.0,2.0,0.0,0.0,0.0,105.0,8.0,5.0,0.0392156862745098
4015,2.0,2.0,0.0,0.0,0.0,143.0,20.0,1.0,0.0
4016,16.0,2.0,0.0,0.0,1.0,113.0,22.0,1.0,0.0392156862745098
4017,9.0,2.0,0.0,0.0,0.0,120.0,6.0,6.0,0.0
4018,3.0,2.0,0.0,0.0,1.0,127.0,8.0,6.0,0.0
4019,1.0,2.0,0.0,0.0,0.0,132.0,9.0,6.0,0.0
4020,8.0,2.0,0.0,0.0,1.0,113.0,9.0,6.0,0.0
4021,30.0,2.0,0.0,0.0,0.0,96.0,5.0,1.0,0.0196078431372549
4022,8.0,2.0,0.0,0.0,0.0,179.0,5.0,0.0,0.0196078431372549
4023,2.0,2.0,0.0,0.0,1.0,227.0,5.0,5.0,0.0
4024,1.0,2.0,0.0,0.0,1.0,227.0,7.0,5.0,0.0
4025,1.0,2.0,0.0,0.0,1.0,80.0,7.0,5.0,0.0
4026,12.0,2.0,0.0,0.0,0.0,84.0,7.0,5.0,0.0
4027,34.0,2.0,0.0,0.0,1.0,80.0,7.0,5.0,0.0196078431372549
4028,4.0,2.0,0.0,0.0,1.0,157.0,23.0,5.0,0.0
4029,2.0,2.0,0.0,0.0,0.0,129.0,8.0,0.0,0.0
4030,10.0,2.0,0.0,0.0,0.0,151.0,8.0,0.0,0.0
4031,5.0,2.0,0.0,0.0,0.0,151.0,9.0,1.0,0.0
4032,72.0,2.0,0.0,0.0,0.0,123.0,9.0,1.0,0.0392156862745098
4033,26.0,2.0,0.0,0.0,0.0,201.0,6.0,4.0,0.0784313725490196
4034,1.0,2.0,0.0,0.0,1.0,195.0,23.0,5.0,0.0
4035,19.0,2.0,0.0,0.0,1.0,193.0,23.0,5.0,0.0196078431372549
4036,25.0,2.0,0.0,0.0,0.0,160.0,9.0,6.0,0.0196078431372549
4037,2.0,2.0,0.0,0.0,0.0,151.0,5.0,1.0,0.0
4038,1.0,2.0,0.0,1.0,1.0,443.0,17.0,1.0,0.0
4039,32.0,2.0,0.0,1.0,0.0,145.0,17.0,1.0,0.0392156862745098
4040,1.0,2.0,0.0,0.0,0.0,84.0,11.0,2.0,0.0
4041,1.0,2.0,0.0,1.0,0.0,397.0,18.0,2.0,0.0
4042,6.0,2.0,0.0,1.0,0.0,145.0,18.0,2.0,0.0392156862745098
4043,2.0,2.0,0.0,0.0,0.0,88.0,8.0,3.0,0.0
4044,4.0,2.0,0.0,0.0,1.0,182.0,17.0,3.0,0.0196078431372549
4045,42.0,2.0,0.0,0.0,0.0,84.0,22.0,3.0,0.0392156862745098
4046,10.0,2.0,0.0,0.0,1.0,136.0,7.0,5.0,0.0196078431372549
4047,1.0,2.0,0.0,0.0,0.0,529.0,5.0,6.0,0.0
4048,18.0,2.0,0.0,0.0,1.0,110.0,5.0,6.0,0.0196078431372549
4049,25.0,2.0,0.0,0.0,0.0,166.0,11.0,0.0,0.0392156862745098
4050,8.0,2.0,0.0,0.0,0.0,358.0,15.0,3.0,0.0196078431372549
4051,1.0,2.0,0.0,0.0,0.0,1122.0,4.0,4.0,0.0
4052,5.0,2.0,0.0,0.0,0.0,120.0,4.0,4.0,0.0
4053,7.0,2.0,0.0,0.0,0.0,2968.0,5.0,4.0,0.0392156862745098
4054,1.0,2.0,0.0,0.0,0.0,96.0,18.0,4.0,0.0
4055,14.0,2.0,0.0,0.0,1.0,192.0,18.0,4.0,0.0
4056,60.0,2.0,0.0,0.0,0.0,742.0,23.0,4.0,0.0196078431372549
4057,7.0,2.0,0.0,0.0,1.0,234.0,18.0,3.0,0.0196078431372549
4058,13.0,2.0,0.0,0.0,0.0,146.0,17.0,6.0,0.0392156862745098
4059,3.0,2.0,0.0,0.0,0.0,86.0,17.0,6.0,0.0
4060,38.0,2.0,0.0,0.0,0.0,86.0,21.0,6.0,0.0784313725490196
4061,7.0,2.0,0.0,0.0,1.0,107.0,7.0,0.0,0.0196078431372549
4062,65.0,2.0,0.0,0.0,0.0,297.0,9.0,2.0,0.0196078431372549
4063,2.0,2.0,0.0,0.0,1.0,154.0,17.0,2.0,0.0
4064,30.0,2.0,0.0,0.0,0.0,164.0,20.0,2.0,0.0392156862745098
4065,6.0,2.0,0.0,0.0,0.0,226.0,20.0,1.0,0.0
4066,15.0,2.0,0.0,0.0,0.0,226.0,20.0,1.0,0.0196078431372549
4067,1.0,2.0,0.0,0.0,0.0,2968.0,6.0,1.0,0.0
4068,5.0,2.0,0.0,0.0,0.0,84.0,6.0,1.0,0.0196078431372549
4069,1.0,2.0,0.0,0.0,0.0,224.0,14.0,1.0,0.0
4070,25.0,2.0,0.0,0.0,0.0,242.0,21.0,1.0,0.0784313725490196
4071,40.0,2.0,0.0,0.0,0.0,105.0,9.0,5.0,0.0196078431372549
4072,64.0,2.0,0.0,0.0,0.0,141.0,6.0,2.0,0.09803921568627451
4073,3.0,2.0,0.0,0.0,0.0,102.0,10.0,6.0,0.0
4074,9.0,2.0,0.0,0.0,0.0,102.0,18.0,6.0,0.0784313725490196
4075,7.0,2.0,0.0,0.0,0.0,166.0,13.0,3.0,0.058823529411764705
4076,7.0,2.0,0.0,0.0,1.0,117.0,22.0,6.0,0.0784313725490196
4077,46.0,2.0,0.0,0.0,1.0,168.0,5.0,5.0,0.0784313725490196
4078,13.0,2.0,0.0,0.0,1.0,168.0,5.0,3.0,0.11764705882352941
4079,5.0,2.0,0.0,0.0,0.0,98.0,10.0,2.0,0.0392156862745098
4080,2.0,2.0,0.0,0.0,0.0,337.0,13.0,0.0,0.0196078431372549
4081,6.0,2.0,0.0,0.0,0.0,113.0,5.0,2.0,0.0
4082,14.0,2.0,0.0,0.0,0.0,175.0,15.0,1.0,0.0392156862745098
4083,7.0,2.0,0.0,1.0,0.0,108.0,5.0,0.0,0.0784313725490196
4084,15.0,2.0,0.0,0.0,0.0,181.0,6.0,2.0,0.13725490196078433
4085,5.0,2.0,0.0,1.0,0.0,94.0,21.0,5.0,0.0392156862745098
4086,18.0,2.0,0.0,0.0,0.0,104.0,19.0,0.0,0.058823529411764705
4087,1.0,2.0,0.0,0.0,0.0,128.0,17.0,6.0,0.0
4088,24.0,2.0,0.0,0.0,0.0,110.0,17.0,6.0,0.0196078431372549
4089,27.0,2.0,0.0,1.0,0.0,112.0,15.0,4.0,0.0784313725490196
4090,7.0,2.0,0.0,0.0,0.0,98.0,22.0,3.0,0.058823529411764705
4091,50.0,2.0,0.0,0.0,0.0,96.0,7.0,0.0,0.17647058823529413
4092,26.0,2.0,0.0,0.0,0.0,412.0,9.0,3.0,0.11764705882352941
4093,13.0,2.0,0.0,0.0,0.0,230.0,19.0,5.0,0.058823529411764705
4094,8.0,2.0,0.0,0.0,0.0,264.0,13.0,6.0,0.0784313725490196
4095,17.0,1.0,0.0,0.0,1.0,18.0,20.0,4.0,0.4666666666666667
4096,11.0,1.0,0.0,0.0,0.0,83.0,20.0,2.0,0.4666666666666667
4097,4.0,1.0,0.0,0.0,0.0,152.0,7.0,2.0,0.13333333333333333
4098,1.0,1.0,0.0,0.0,0.0,160.0,20.0,2.0,0.0
4099,1.0,1.0,1.0,0.0,0.0,0.0,20.0,2.0,0.0
4100,6.0,1.0,0.0,0.0,0.0,145.0,20.0,2.0,0.125
4101,2.0,1.0,0.0,0.0,0.0,264.0,14.0,5.0,0.0
4102,9.0,1.0,0.0,0.0,0.0,112.0,10.0,0.0,0.125
4103,25.0,1.0,0.0,0.0,0.0,284.0,15.0,2.0,0.625
4104,3.0,1.0,0.0,0.0,0.0,125.0,16.0,2.0,0.0
4105,2.0,1.0,0.0,0.0,0.0,117.0,17.0,3.0,0.0625
4106,1.0,1.0,0.0,0.0,0.0,190.0,21.0,4.0,0.0
4107,12.0,1.0,0.0,1.0,0.0,95.0,12.0,5.0,0.125
4108,11.0,1.0,0.0,1.0,0.0,95.0,15.0,2.0,0.3125
4109,3.0,1.0,0.0,0.0,0.0,88.0,11.0,3.0,0.125
4110,17.0,1.0,0.0,0.0,0.0,322.0,21.0,6.0,0.1875
4111,1.0,1.0,0.0,0.0,0.0,265.0,20.0,2.0,0.0
4112,5.0,1.0,0.0,0.0,0.0,109.0,16.0,3.0,0.1875
4113,2.0,1.0,0.0,0.0,1.0,153.0,20.0,3.0,0.0625
4114,1.0,1.0,0.0,0.0,0.0,89.0,10.0,4.0,0.0
4115,6.0,1.0,0.0,0.0,0.0,336.0,16.0,2.0,0.0625
4116,4.0,1.0,0.0,0.0,0.0,168.0,16.0,0.0,0.0625
4117,51.0,3.0,0.0,0.0,0.0,22.0,16.0,6.0,0.5185185185185185
4118,1.0,3.0,0.0,0.0,0.0,111.0,14.0,6.0,0.0
4119,1.0,3.0,0.0,0.0,0.0,111.0,16.0,6.0,0.0
4120,1.0,3.0,0.0,0.0,0.0,92.0,17.0,6.0,0.0
4121,17.0,3.0,0.0,0.0,0.0,179.0,18.0,0.0,0.25925925925925924
4122,19.0,3.0,0.0,0.0,0.0,141.0,18.0,3.0,0.2222222222222222
4123,13.0,3.0,0.0,0.0,0.0,168.0,2.0,4.0,0.14814814814814814
4124,22.0,3.0,0.0,0.0,0.0,168.0,19.0,4.0,0.07407407407407407
4125,17.0,3.0,0.0,0.0,1.0,83.0,19.0,2.0,0.18518518518518517
4126,7.0,3.0,0.0,0.0,1.0,111.0,18.0,2.0,0.07407407407407407
4127,6.0,3.0,0.0,0.0,1.0,117.0,12.0,1.0,0.07407407407407407
4128,20.0,3.0,0.0,0.0,0.0,84.0,19.0,2.0,0.18518518518518517
4129,13.0,3.0,0.0,0.0,1.0,89.0,15.0,5.0,0.2222222222222222
4130,1.0,3.0,0.0,0.0,0.0,112.0,23.0,5.0,0.0
4131,1.0,3.0,0.0,0.0,0.0,108.0,23.0,5.0,0.0
4132,14.0,3.0,0.0,0.0,1.0,145.0,0.0,6.0,0.25925925925925924
4133,13.0,3.0,0.0,0.0,0.0,95.0,13.0,4.0,0.2222222222222222
4134,18.0,3.0,0.0,0.0,1.0,159.0,17.0,0.0,0.25925925925925924
4135,5.0,3.0,0.0,0.0,1.0,95.0,23.0,2.0,0.07407407407407407
4136,51.0,3.0,0.0,0.0,1.0,303.0,18.0,4.0,0.2962962962962963
4137,5.0,3.0,0.0,0.0,0.0,262.0,18.0,6.0,0.037037037037037035
4138,16.0,3.0,0.0,0.0,1.0,123.0,12.0,2.0,0.18518518518518517
4139,12.0,3.0,0.0,0.0,0.0,173.0,16.0,2.0,0.18518518518518517
4140,1.0,3.0,0.0,0.0,0.0,107.0,23.0,5.0,0.0
4141,27.0,3.0,0.0,0.0,0.0,89.0,9.0,1.0,0.2222222222222222
4142,9.0,3.0,0.0,0.0,1.0,114.0,19.0,2.0,0.14814814814814814
4143,11.0,3.0,0.0,0.0,1.0,75.0,16.0,3.0,0.18518518518518517
4144,109.0,3.0,0.0,1.0,1.0,76.0,15.0,5.0,0.6296296296296297
4145,17.0,3.0,0.0,0.0,1.0,260.0,13.0,4.0,0.2962962962962963
4146,33.0,3.0,0.0,1.0,0.0,144.0,16.0,4.0,0.48148148148148145
4147,65.0,3.0,0.0,0.0,1.0,99.0,18.0,3.0,0.5555555555555556
4148,12.0,3.0,0.0,0.0,0.0,219.0,19.0,2.0,0.1111111111111111
4149,22.0,3.0,0.0,0.0,0.0,181.0,15.0,4.0,0.3333333333333333
4150,10.0,3.0,0.0,0.0,0.0,161.0,19.0,2.0,0.25925925925925924
4151,17.0,1.0,1.0,0.0,0.0,0.0,14.0,1.0,0.2857142857142857
4152,21.0,1.0,0.0,0.0,0.0,322.0,21.0,6.0,0.5238095238095238
4153,3.0,1.0,0.0,0.0,0.0,83.0,22.0,5.0,0.0
4154,2.0,1.0,0.0,0.0,1.0,151.0,10.0,6.0,0.0
4155,1.0,1.0,0.0,0.0,0.0,211.0,10.0,6.0,0.0
4156,12.0,1.0,0.0,0.0,0.0,83.0,10.0,6.0,0.3333333333333333
4157,11.0,3.0,0.0,0.0,0.0,24.0,15.0,1.0,0.28
4158,24.0,3.0,0.0,0.0,0.0,111.0,16.0,3.0,0.32
4159,22.0,3.0,0.0,0.0,0.0,104.0,21.0,2.0,0.32
4160,44.0,3.0,0.0,0.0,1.0,102.0,8.0,5.0,0.52
4161,2.0,3.0,0.0,0.0,0.0,141.0,18.0,3.0,0.04
4162,25.0,3.0,0.0,0.0,0.0,114.0,18.0,3.0,0.48
4163,13.0,3.0,0.0,0.0,1.0,83.0,19.0,2.0,0.28
4164,1.0,3.0,0.0,0.0,0.0,164.0,14.0,5.0,0.0
4165,2.0,3.0,0.0,0.0,1.0,111.0,14.0,5.0,0.04
4166,1.0,3.0,0.0,0.0,0.0,145.0,14.0,5.0,0.0
4167,4.0,3.0,0.0,0.0,0.0,91.0,15.0,5.0,0.04
4168,2.0,3.0,0.0,0.0,1.0,117.0,12.0,1.0,0.04
4169,10.0,3.0,0.0,0.0,0.0,126.0,13.0,1.0,0.16
4170,8.0,3.0,0.0,0.0,1.0,93.0,21.0,3.0,0.24
4171,38.0,3.0,0.0,0.0,0.0,101.0,9.0,2.0,0.36
4172,8.0,3.0,0.0,0.0,0.0,96.0,16.0,4.0,0.2
4173,19.0,3.0,0.0,0.0,0.0,112.0,17.0,0.0,0.28
4174,1.0,3.0,0.0,0.0,0.0,140.0,22.0,3.0,0.0
4175,4.0,3.0,0.0,0.0,0.0,84.0,22.0,3.0,0.12
4176,4.0,3.0,0.0,0.0,0.0,84.0,18.0,4.0,0.12
4177,13.0,3.0,0.0,0.0,1.0,107.0,21.0,4.0,0.24
4178,2.0,3.0,0.0,0.0,0.0,86.0,19.0,2.0,0.04
4179,8.0,3.0,0.0,0.0,1.0,161.0,20.0,2.0,0.24
4180,19.0,3.0,0.0,0.0,1.0,148.0,16.0,6.0,0.36
4181,3.0,3.0,0.0,0.0,0.0,173.0,16.0,2.0,0.08
4182,23.0,3.0,0.0,0.0,0.0,98.0,17.0,2.0,0.36
4183,52.0,3.0,0.0,0.0,1.0,114.0,19.0,2.0,0.48
4184,1.0,3.0,0.0,0.0,0.0,90.0,19.0,3.0,0.0
4185,28.0,3.0,0.0,0.0,0.0,94.0,19.0,3.0,0.4
4186,15.0,3.0,0.0,0.0,0.0,94.0,19.0,2.0,0.2
4187,26.0,3.0,0.0,0.0,0.0,93.0,16.0,3.0,0.4
4188,84.0,3.0,0.0,0.0,1.0,89.0,19.0,1.0,0.48
4189,4.0,3.0,0.0,0.0,1.0,260.0,13.0,4.0,0.04
4190,87.0,3.0,0.0,0.0,0.0,204.0,15.0,4.0,0.52
4191,32.0,3.0,0.0,0.0,1.0,152.0,18.0,6.0,0.48
4192,2.0,3.0,0.0,0.0,0.0,91.0,18.0,2.0,0.04
4193,1.0,3.0,0.0,0.0,0.0,118.0,19.0,2.0,0.0
4194,2.0,3.0,0.0,0.0,0.0,132.0,19.0,2.0,0.04
4195,13.0,3.0,0.0,0.0,0.0,254.0,21.0,2.0,0.2
4196,12.0,3.0,0.0,0.0,0.0,181.0,15.0,4.0,0.28
4197,19.0,3.0,0.0,0.0,1.0,318.0,18.0,0.0,0.28
4198,7.0,2.0,0.0,0.0,1.0,21.0,16.0,2.0,0.046511627906976744
4199,13.0,2.0,0.0,0.0,0.0,95.0,20.0,3.0,0.05813953488372093
4200,6.0,2.0,0.0,0.0,1.0,86.0,21.0,3.0,0.023255813953488372
4201,1.0,2.0,0.0,1.0,0.0,98.0,22.0,3.0,0.0
4202,11.0,2.0,0.0,0.0,1.0,137.0,22.0,3.0,0.08139534883720931
4203,8.0,2.0,0.0,0.0,0.0,110.0,8.0,4.0,0.046511627906976744
4204,22.0,2.0,0.0,0.0,1.0,150.0,10.0,4.0,0.10465116279069768
4205,3.0,2.0,0.0,0.0,0.0,304.0,17.0,4.0,0.011627906976744186
4206,6.0,2.0,0.0,0.0,0.0,137.0,20.0,4.0,0.03488372093023256
4207,101.0,2.0,0.0,1.0,0.0,357.0,23.0,4.0,0.22093023255813954
4208,11.0,2.0,0.0,0.0,0.0,343.0,16.0,3.0,0.11627906976744186
4209,11.0,2.0,0.0,0.0,0.0,129.0,19.0,4.0,0.06976744186046512
4210,36.0,2.0,0.0,0.0,0.0,100.0,10.0,6.0,0.16279069767441862
4211,2.0,2.0,0.0,0.0,0.0,143.0,16.0,3.0,0.011627906976744186
4212,41.0,2.0,0.0,0.0,1.0,101.0,21.0,3.0,0.12790697674418605
4213,71.0,2.0,0.0,0.0,1.0,357.0,20.0,2.0,0.20930232558139536
4214,2.0,2.0,0.0,0.0,0.0,631.0,5.0,3.0,0.011627906976744186
4215,57.0,2.0,0.0,0.0,1.0,126.0,10.0,6.0,0.09302325581395349
4216,7.0,2.0,0.0,0.0,0.0,186.0,15.0,5.0,0.03488372093023256
4217,17.0,2.0,0.0,1.0,0.0,141.0,8.0,6.0,0.11627906976744186
4218,34.0,2.0,0.0,0.0,0.0,90.0,11.0,2.0,0.1511627906976744
4219,62.0,2.0,0.0,0.0,0.0,170.0,21.0,4.0,0.16279069767441862
4220,36.0,2.0,0.0,0.0,0.0,157.0,10.0,1.0,0.13953488372093023
4221,1.0,2.0,0.0,0.0,0.0,108.0,17.0,3.0,0.0
4222,1.0,2.0,0.0,0.0,1.0,114.0,17.0,3.0,0.0
4223,41.0,2.0,0.0,0.0,0.0,157.0,18.0,3.0,0.1744186046511628
4224,14.0,2.0,0.0,0.0,0.0,129.0,19.0,6.0,0.11627906976744186
4225,6.0,2.0,0.0,0.0,0.0,112.0,22.0,6.0,0.03488372093023256
4226,5.0,2.0,0.0,0.0,1.0,137.0,23.0,6.0,0.046511627906976744
4227,49.0,2.0,0.0,0.0,0.0,123.0,0.0,0.0,0.22093023255813954
4228,1.0,2.0,0.0,0.0,0.0,159.0,10.0,6.0,0.0
4229,35.0,2.0,0.0,0.0,0.0,134.0,10.0,6.0,0.1511627906976744
4230,1.0,2.0,0.0,0.0,0.0,117.0,20.0,6.0,0.0
4231,42.0,2.0,0.0,0.0,1.0,204.0,20.0,6.0,0.1511627906976744
4232,4.0,2.0,0.0,0.0,0.0,90.0,14.0,0.0,0.023255813953488372
4233,28.0,2.0,0.0,0.0,0.0,193.0,12.0,3.0,0.11627906976744186
4234,21.0,2.0,0.0,0.0,0.0,240.0,9.0,5.0,0.06976744186046512
4235,17.0,2.0,0.0,0.0,0.0,319.0,20.0,5.0,0.10465116279069768
4236,10.0,2.0,0.0,0.0,0.0,165.0,21.0,5.0,0.10465116279069768
4237,2.0,2.0,0.0,0.0,1.0,103.0,10.0,6.0,0.011627906976744186
4238,2.0,2.0,0.0,0.0,1.0,103.0,11.0,6.0,0.011627906976744186
4239,2.0,2.0,0.0,0.0,0.0,1211.0,10.0,0.0,0.011627906976744186
4240,26.0,2.0,0.0,0.0,0.0,106.0,11.0,0.0,0.12790697674418605
4241,11.0,2.0,0.0,0.0,0.0,527.0,14.0,2.0,0.023255813953488372
4242,8.0,2.0,0.0,0.0,0.0,212.0,12.0,3.0,0.023255813953488372
4243,12.0,2.0,0.0,0.0,1.0,137.0,22.0,3.0,0.046511627906976744
4244,38.0,2.0,0.0,0.0,0.0,88.0,0.0,5.0,0.22093023255813954
4245,8.0,2.0,0.0,0.0,1.0,108.0,10.0,2.0,0.05813953488372093
4246,48.0,2.0,0.0,0.0,0.0,221.0,11.0,3.0,0.05813953488372093
4247,24.0,2.0,0.0,0.0,0.0,96.0,13.0,4.0,0.05813953488372093
4248,31.0,2.0,0.0,0.0,0.0,317.0,15.0,6.0,0.12790697674418605
4249,1.0,2.0,0.0,0.0,0.0,125.0,14.0,2.0,0.0
4250,7.0,2.0,0.0,0.0,1.0,410.0,18.0,2.0,0.023255813953488372
4251,21.0,2.0,0.0,0.0,0.0,88.0,22.0,2.0,0.06976744186046512
4252,4.0,2.0,0.0,0.0,1.0,111.0,10.0,4.0,0.03488372093023256
4253,3.0,2.0,0.0,0.0,0.0,221.0,23.0,4.0,0.023255813953488372
4254,25.0,2.0,0.0,0.0,1.0,135.0,9.0,2.0,0.09302325581395349
4255,14.0,2.0,0.0,0.0,1.0,185.0,21.0,0.0,0.03488372093023256
4256,40.0,2.0,0.0,0.0,0.0,390.0,22.0,3.0,0.18604651162790697
4257,15.0,2.0,0.0,0.0,0.0,247.0,10.0,6.0,0.09302325581395349
4258,3.0,2.0,0.0,0.0,0.0,99.0,10.0,2.0,0.011627906976744186
4259,22.0,2.0,0.0,0.0,0.0,87.0,14.0,2.0,0.10465116279069768
4260,14.0,2.0,0.0,0.0,1.0,357.0,9.0,4.0,0.08139534883720931
4261,2.0,2.0,0.0,0.0,0.0,659.0,18.0,4.0,0.011627906976744186
4262,1.0,2.0,0.0,0.0,0.0,164.0,19.0,4.0,0.0
4263,22.0,2.0,0.0,0.0,0.0,93.0,19.0,4.0,0.09302325581395349
4264,2.0,2.0,0.0,0.0,1.0,89.0,22.0,6.0,0.011627906976744186
4265,1.0,2.0,0.0,0.0,0.0,166.0,22.0,6.0,0.0
4266,66.0,2.0,0.0,0.0,1.0,105.0,23.0,6.0,0.19767441860465115
4267,54.0,2.0,0.0,0.0,0.0,474.0,22.0,4.0,0.19767441860465115
4268,5.0,2.0,0.0,0.0,0.0,175.0,17.0,2.0,0.0
4269,66.0,2.0,0.0,0.0,0.0,106.0,18.0,2.0,0.22093023255813954
4270,20.0,2.0,0.0,1.0,0.0,134.0,8.0,5.0,0.10465116279069768
4271,20.0,2.0,0.0,0.0,0.0,163.0,20.0,1.0,0.09302325581395349
4272,18.0,2.0,0.0,0.0,0.0,143.0,21.0,4.0,0.1511627906976744
4273,1.0,2.0,0.0,0.0,1.0,101.0,9.0,6.0,0.0
4274,12.0,2.0,0.0,0.0,0.0,91.0,12.0,6.0,0.09302325581395349
4275,18.0,2.0,0.0,0.0,0.0,84.0,9.0,2.0,0.08139534883720931
4276,12.0,2.0,0.0,0.0,0.0,84.0,17.0,3.0,0.06976744186046512
4277,1.0,2.0,0.0,1.0,0.0,152.0,21.0,4.0,0.0
4278,3.0,2.0,0.0,1.0,0.0,150.0,21.0,4.0,0.023255813953488372
4279,1.0,2.0,0.0,0.0,0.0,85.0,22.0,4.0,0.0
4280,31.0,2.0,0.0,1.0,0.0,150.0,22.0,4.0,0.06976744186046512
4281,10.0,2.0,0.0,0.0,0.0,142.0,20.0,6.0,0.06976744186046512
4282,32.0,2.0,0.0,0.0,0.0,206.0,21.0,1.0,0.10465116279069768
4283,1.0,2.0,0.0,0.0,0.0,331.0,21.0,2.0,0.0
4284,52.0,2.0,0.0,0.0,0.0,287.0,21.0,2.0,0.20930232558139536
4285,1.0,2.0,0.0,0.0,0.0,246.0,9.0,6.0,0.0
4286,12.0,2.0,0.0,0.0,0.0,128.0,9.0,6.0,0.03488372093023256
4287,2.0,2.0,0.0,0.0,0.0,295.0,14.0,4.0,0.0
4288,7.0,2.0,0.0,0.0,1.0,243.0,18.0,4.0,0.011627906976744186
4289,7.0,2.0,0.0,0.0,0.0,845.0,9.0,4.0,0.023255813953488372
4290,2.0,2.0,0.0,0.0,0.0,145.0,12.0,5.0,0.0
4291,2.0,2.0,0.0,0.0,0.0,86.0,18.0,5.0,0.011627906976744186
4292,1.0,2.0,0.0,0.0,1.0,107.0,8.0,6.0,0.0
4293,4.0,2.0,0.0,0.0,0.0,158.0,8.0,6.0,0.011627906976744186
4294,12.0,2.0,0.0,0.0,0.0,94.0,18.0,6.0,0.03488372093023256
4295,2.0,2.0,0.0,0.0,0.0,289.0,7.0,1.0,0.0
4296,5.0,2.0,0.0,0.0,0.0,87.0,9.0,1.0,0.011627906976744186
4297,27.0,2.0,0.0,0.0,0.0,231.0,17.0,1.0,0.05813953488372093
4298,3.0,2.0,0.0,0.0,0.0,258.0,13.0,4.0,0.011627906976744186
4299,2.0,2.0,0.0,0.0,0.0,229.0,17.0,4.0,0.011627906976744186
4300,3.0,2.0,0.0,0.0,1.0,481.0,7.0,5.0,0.0
4301,14.0,2.0,0.0,0.0,0.0,586.0,14.0,5.0,0.06976744186046512
4302,2.0,2.0,0.0,0.0,0.0,129.0,17.0,6.0,0.011627906976744186
4303,61.0,2.0,0.0,0.0,1.0,245.0,18.0,6.0,0.09302325581395349
4304,12.0,2.0,0.0,0.0,1.0,96.0,22.0,2.0,0.03488372093023256
4305,2.0,2.0,0.0,0.0,1.0,186.0,19.0,3.0,0.0
4306,1.0,2.0,0.0,1.0,0.0,764.0,21.0,3.0,0.0
4307,20.0,2.0,0.0,0.0,1.0,192.0,21.0,3.0,0.06976744186046512
4308,10.0,2.0,0.0,0.0,0.0,142.0,16.0,4.0,0.05813953488372093
4309,27.0,2.0,0.0,0.0,0.0,96.0,10.0,0.0,0.08139534883720931
4310,20.0,2.0,0.0,0.0,0.0,89.0,20.0,0.0,0.08139534883720931
4311,4.0,2.0,0.0,0.0,0.0,183.0,21.0,6.0,0.011627906976744186
4312,12.0,2.0,0.0,0.0,0.0,207.0,9.0,2.0,0.05813953488372093
4313,28.0,2.0,0.0,0.0,1.0,127.0,19.0,5.0,0.12790697674418605
4314,26.0,2.0,0.0,0.0,0.0,84.0,6.0,2.0,0.09302325581395349
4315,10.0,2.0,0.0,0.0,1.0,220.0,15.0,3.0,0.046511627906976744
4316,2.0,2.0,0.0,0.0,0.0,105.0,7.0,5.0,0.0
4317,1.0,2.0,0.0,0.0,0.0,152.0,8.0,5.0,0.0
4318,13.0,2.0,0.0,0.0,0.0,96.0,12.0,5.0,0.05813953488372093
4319,22.0,2.0,0.0,0.0,0.0,124.0,14.0,1.0,0.09302325581395349
4320,1.0,2.0,0.0,0.0,0.0,92.0,18.0,6.0,0.0
4321,46.0,2.0,0.0,0.0,0.0,337.0,13.0,0.0,0.23255813953488372
4322,7.0,2.0,0.0,0.0,0.0,87.0,9.0,2.0,0.05813953488372093
4323,42.0,2.0,0.0,0.0,0.0,114.0,13.0,2.0,0.06976744186046512
4324,3.0,2.0,0.0,1.0,0.0,94.0,21.0,5.0,0.011627906976744186
4325,29.0,2.0,0.0,0.0,0.0,95.0,13.0,0.0,0.05813953488372093
4326,4.0,2.0,0.0,1.0,0.0,100.0,21.0,6.0,0.023255813953488372
4327,5.0,2.0,0.0,0.0,1.0,190.0,9.0,1.0,0.03488372093023256
4328,1.0,2.0,0.0,0.0,0.0,92.0,22.0,4.0,0.0
4329,55.0,2.0,0.0,0.0,0.0,286.0,9.0,6.0,0.1744186046511628
4330,10.0,2.0,0.0,0.0,0.0,132.0,14.0,0.0,0.06976744186046512
4331,17.0,2.0,0.0,0.0,0.0,100.0,7.0,2.0,0.05813953488372093
4332,1.0,2.0,0.0,1.0,1.0,144.0,21.0,5.0,0.0
4333,12.0,2.0,0.0,1.0,1.0,141.0,21.0,5.0,0.046511627906976744
4334,3.0,2.0,0.0,0.0,0.0,232.0,22.0,0.0,0.023255813953488372
4335,3.0,2.0,0.0,0.0,0.0,106.0,9.0,1.0,0.0
4336,37.0,2.0,0.0,0.0,1.0,409.0,10.0,2.0,0.19767441860465115
4337,1.0,2.0,0.0,0.0,0.0,232.0,11.0,5.0,0.0
4338,1.0,2.0,0.0,0.0,0.0,193.0,11.0,5.0,0.0
4339,2.0,2.0,0.0,0.0,0.0,100.0,14.0,5.0,0.011627906976744186
4340,1.0,2.0,0.0,0.0,1.0,141.0,22.0,5.0,0.0
4341,1.0,2.0,0.0,0.0,0.0,103.0,22.0,5.0,0.0
4342,8.0,2.0,0.0,0.0,1.0,169.0,22.0,5.0,0.03488372093023256
4343,6.0,1.0,1.0,0.0,0.0,0.0,9.0,1.0,0.041237113402061855
4344,12.0,1.0,0.0,0.0,0.0,207.0,17.0,2.0,0.07216494845360824
4345,5.0,1.0,0.0,0.0,0.0,86.0,19.0,2.0,0.030927835051546393
4346,8.0,1.0,0.0,0.0,0.0,170.0,14.0,4.0,0.020618556701030927
4347,3.0,1.0,0.0,0.0,0.0,268.0,16.0,6.0,0.010309278350515464
4348,1.0,1.0,0.0,0.0,0.0,94.0,17.0,6.0,0.0
4349,19.0,1.0,0.0,0.0,1.0,353.0,18.0,6.0,0.09278350515463918
4350,11.0,1.0,0.0,0.0,0.0,126.0,8.0,5.0,0.07216494845360824
4351,23.0,1.0,0.0,0.0,1.0,243.0,7.0,1.0,0.05154639175257732
4352,27.0,1.0,0.0,0.0,0.0,146.0,12.0,1.0,0.12371134020618557
4353,4.0,1.0,0.0,0.0,0.0,192.0,20.0,1.0,0.0
4354,7.0,1.0,0.0,0.0,0.0,190.0,20.0,1.0,0.030927835051546393
4355,7.0,1.0,0.0,0.0,0.0,216.0,20.0,1.0,0.020618556701030927
4356,1.0,1.0,0.0,0.0,0.0,119.0,21.0,1.0,0.0
4357,17.0,1.0,0.0,0.0,1.0,606.0,21.0,1.0,0.07216494845360824
4358,13.0,1.0,0.0,0.0,0.0,109.0,9.0,2.0,0.030927835051546393
4359,5.0,1.0,0.0,0.0,0.0,143.0,11.0,2.0,0.020618556701030927
4360,5.0,1.0,0.0,0.0,0.0,110.0,12.0,2.0,0.010309278350515464
4361,2.0,1.0,0.0,0.0,1.0,606.0,13.0,2.0,0.010309278350515464
4362,26.0,1.0,0.0,0.0,0.0,305.0,18.0,2.0,0.10309278350515463
4363,3.0,1.0,0.0,0.0,0.0,733.0,18.0,3.0,0.010309278350515464
4364,1.0,1.0,0.0,0.0,0.0,162.0,21.0,3.0,0.0
4365,3.0,1.0,0.0,0.0,1.0,427.0,21.0,3.0,0.020618556701030927
4366,5.0,1.0,0.0,0.0,0.0,413.0,22.0,3.0,0.041237113402061855
4367,1.0,1.0,0.0,0.0,1.0,160.0,13.0,4.0,0.0
4368,20.0,1.0,0.0,0.0,0.0,348.0,13.0,4.0,0.09278350515463918
4369,48.0,1.0,0.0,0.0,0.0,99.0,22.0,4.0,0.13402061855670103
4370,39.0,1.0,0.0,0.0,0.0,160.0,20.0,6.0,0.10309278350515463
4371,57.0,1.0,0.0,0.0,0.0,270.0,12.0,1.0,0.2268041237113402
4372,34.0,1.0,0.0,0.0,0.0,84.0,9.0,3.0,0.12371134020618557
4373,16.0,1.0,0.0,0.0,0.0,254.0,21.0,3.0,0.041237113402061855
4374,16.0,1.0,0.0,1.0,0.0,129.0,13.0,4.0,0.08247422680412371
4375,1.0,1.0,0.0,0.0,0.0,223.0,20.0,4.0,0.0
4376,13.0,1.0,0.0,0.0,1.0,83.0,20.0,4.0,0.05154639175257732
4377,5.0,1.0,0.0,0.0,0.0,88.0,17.0,5.0,0.0
4378,15.0,1.0,0.0,0.0,0.0,422.0,17.0,5.0,0.041237113402061855
4379,2.0,1.0,0.0,0.0,1.0,117.0,17.0,6.0,0.010309278350515464
4380,1.0,1.0,0.0,0.0,0.0,85.0,11.0,0.0,0.0
4381,12.0,1.0,0.0,0.0,1.0,345.0,12.0,0.0,0.020618556701030927
4382,4.0,1.0,0.0,0.0,0.0,135.0,21.0,0.0,0.010309278350515464
4383,4.0,1.0,0.0,0.0,0.0,112.0,8.0,1.0,0.020618556701030927
4384,2.0,1.0,0.0,0.0,0.0,100.0,10.0,1.0,0.0
4385,3.0,1.0,0.0,0.0,0.0,103.0,12.0,1.0,0.010309278350515464
4386,5.0,1.0,0.0,0.0,0.0,100.0,19.0,1.0,0.010309278350515464
4387,7.0,1.0,0.0,0.0,0.0,258.0,9.0,2.0,0.030927835051546393
4388,7.0,1.0,0.0,0.0,0.0,121.0,14.0,2.0,0.020618556701030927
4389,3.0,1.0,0.0,0.0,1.0,143.0,16.0,2.0,0.0
4390,4.0,1.0,0.0,0.0,0.0,251.0,19.0,2.0,0.010309278350515464
4391,5.0,1.0,0.0,0.0,0.0,121.0,20.0,2.0,0.030927835051546393
4392,1.0,1.0,0.0,1.0,0.0,94.0,11.0,3.0,0.0
4393,27.0,1.0,0.0,1.0,0.0,100.0,11.0,3.0,0.020618556701030927
4394,7.0,1.0,0.0,0.0,1.0,106.0,22.0,3.0,0.030927835051546393
4395,18.0,1.0,0.0,1.0,0.0,138.0,8.0,4.0,0.05154639175257732
4396,23.0,1.0,0.0,0.0,1.0,221.0,14.0,4.0,0.09278350515463918
4397,11.0,1.0,0.0,0.0,0.0,167.0,17.0,4.0,0.041237113402061855
4398,2.0,1.0,0.0,0.0,1.0,134.0,6.0,5.0,0.010309278350515464
4399,38.0,1.0,0.0,0.0,1.0,90.0,8.0,5.0,0.1134020618556701
4400,29.0,1.0,0.0,0.0,0.0,97.0,8.0,6.0,0.10309278350515463
4401,7.0,1.0,0.0,0.0,0.0,148.0,15.0,0.0,0.030927835051546393
4402,6.0,1.0,0.0,0.0,1.0,92.0,20.0,0.0,0.030927835051546393
4403,14.0,1.0,0.0,0.0,1.0,370.0,6.0,1.0,0.041237113402061855
4404,23.0,1.0,0.0,0.0,0.0,246.0,15.0,1.0,0.09278350515463918
4405,19.0,1.0,0.0,0.0,0.0,213.0,14.0,2.0,0.05154639175257732
4406,20.0,1.0,0.0,1.0,0.0,764.0,20.0,2.0,0.08247422680412371
4407,10.0,1.0,0.0,0.0,0.0,125.0,17.0,3.0,0.041237113402061855
4408,6.0,1.0,0.0,0.0,1.0,285.0,22.0,3.0,0.041237113402061855
4409,10.0,1.0,0.0,0.0,1.0,201.0,10.0,4.0,0.041237113402061855
4410,23.0,1.0,0.0,0.0,0.0,283.0,13.0,4.0,0.010309278350515464
4411,9.0,1.0,0.0,0.0,0.0,96.0,15.0,4.0,0.05154639175257732
4412,4.0,1.0,0.0,0.0,0.0,403.0,19.0,4.0,0.020618556701030927
4413,1.0,1.0,0.0,0.0,1.0,94.0,19.0,4.0,0.0
4414,7.0,1.0,0.0,0.0,1.0,131.0,21.0,4.0,0.041237113402061855
4415,1.0,1.0,0.0,0.0,1.0,212.0,22.0,4.0,0.0
4416,2.0,1.0,0.0,0.0,1.0,160.0,22.0,4.0,0.010309278350515464
4417,13.0,1.0,0.0,0.0,0.0,215.0,22.0,4.0,0.030927835051546393
4418,3.0,1.0,0.0,0.0,0.0,225.0,11.0,5.0,0.0
4419,9.0,1.0,0.0,0.0,0.0,313.0,12.0,5.0,0.041237113402061855
4420,6.0,1.0,0.0,0.0,1.0,100.0,13.0,5.0,0.041237113402061855
4421,2.0,1.0,0.0,0.0,0.0,212.0,20.0,5.0,0.0
4422,1.0,1.0,0.0,0.0,1.0,186.0,21.0,5.0,0.0
4423,3.0,1.0,0.0,0.0,1.0,131.0,21.0,5.0,0.0
4424,3.0,1.0,0.0,0.0,0.0,248.0,10.0,6.0,0.010309278350515464
4425,10.0,1.0,0.0,0.0,0.0,260.0,13.0,6.0,0.041237113402061855
4426,2.0,1.0,0.0,0.0,0.0,133.0,23.0,6.0,0.010309278350515464
4427,2.0,1.0,0.0,0.0,0.0,297.0,7.0,0.0,0.0
4428,8.0,1.0,0.0,0.0,0.0,116.0,8.0,0.0,0.030927835051546393
4429,21.0,1.0,0.0,1.0,0.0,160.0,11.0,0.0,0.08247422680412371
4430,3.0,1.0,0.0,0.0,0.0,129.0,18.0,0.0,0.010309278350515464
4431,5.0,1.0,0.0,0.0,0.0,214.0,22.0,0.0,0.010309278350515464
4432,2.0,1.0,0.0,0.0,0.0,208.0,22.0,0.0,0.010309278350515464
4433,72.0,1.0,0.0,0.0,0.0,212.0,11.0,1.0,0.15463917525773196
4434,14.0,1.0,0.0,0.0,0.0,185.0,15.0,3.0,0.030927835051546393
4435,6.0,1.0,0.0,0.0,1.0,94.0,16.0,4.0,0.010309278350515464
4436,9.0,1.0,0.0,0.0,1.0,181.0,18.0,4.0,0.020618556701030927
4437,1.0,1.0,0.0,0.0,1.0,215.0,20.0,4.0,0.0
4438,6.0,1.0,0.0,0.0,1.0,92.0,20.0,4.0,0.020618556701030927
4439,18.0,1.0,0.0,0.0,0.0,120.0,8.0,5.0,0.041237113402061855
4440,1.0,1.0,0.0,0.0,0.0,195.0,13.0,5.0,0.0
4441,5.0,1.0,0.0,0.0,0.0,641.0,18.0,5.0,0.010309278350515464
4442,7.0,1.0,0.0,0.0,1.0,85.0,18.0,5.0,0.041237113402061855
4443,21.0,1.0,0.0,0.0,1.0,93.0,20.0,5.0,0.10309278350515463
4444,1.0,1.0,0.0,0.0,0.0,130.0,14.0,6.0,0.0
4445,1.0,1.0,0.0,0.0,0.0,170.0,14.0,6.0,0.0
4446,1.0,1.0,0.0,0.0,0.0,185.0,14.0,6.0,0.0
4447,2.0,1.0,0.0,0.0,0.0,102.0,14.0,6.0,0.0
4448,1.0,1.0,0.0,0.0,0.0,162.0,15.0,6.0,0.0
4449,5.0,1.0,0.0,0.0,0.0,117.0,15.0,6.0,0.030927835051546393
4450,1.0,1.0,0.0,0.0,0.0,205.0,17.0,6.0,0.0
4451,8.0,1.0,0.0,0.0,0.0,159.0,17.0,6.0,0.020618556701030927
4452,11.0,1.0,0.0,0.0,0.0,141.0,22.0,6.0,0.041237113402061855
4453,16.0,1.0,0.0,0.0,0.0,148.0,15.0,0.0,0.10309278350515463
4454,6.0,1.0,0.0,0.0,0.0,224.0,20.0,0.0,0.05154639175257732
4455,3.0,1.0,0.0,0.0,1.0,255.0,20.0,0.0,0.020618556701030927
4456,2.0,1.0,0.0,0.0,0.0,102.0,20.0,0.0,0.010309278350515464
4457,9.0,1.0,0.0,0.0,0.0,260.0,21.0,0.0,0.07216494845360824
4458,3.0,1.0,0.0,0.0,1.0,255.0,9.0,1.0,0.020618556701030927
4459,2.0,1.0,0.0,0.0,0.0,357.0,10.0,1.0,0.010309278350515464
4460,2.0,1.0,0.0,0.0,0.0,121.0,11.0,1.0,0.0
4461,4.0,1.0,0.0,0.0,1.0,146.0,12.0,1.0,0.020618556701030927
4462,1.0,1.0,0.0,0.0,0.0,106.0,12.0,1.0,0.0
4463,18.0,1.0,0.0,0.0,0.0,96.0,12.0,1.0,0.061855670103092786
4464,2.0,1.0,0.0,0.0,0.0,148.0,19.0,1.0,0.0
4465,3.0,1.0,0.0,1.0,0.0,329.0,19.0,1.0,0.020618556701030927
4466,1.0,1.0,0.0,0.0,0.0,91.0,19.0,1.0,0.0
4467,3.0,1.0,0.0,0.0,0.0,129.0,19.0,1.0,0.010309278350515464
4468,2.0,1.0,0.0,0.0,0.0,172.0,20.0,1.0,0.010309278350515464
4469,2.0,1.0,0.0,0.0,0.0,148.0,21.0,1.0,0.0
4470,1.0,1.0,0.0,0.0,1.0,158.0,21.0,1.0,0.0
4471,5.0,1.0,0.0,0.0,0.0,147.0,21.0,1.0,0.0
4472,8.0,1.0,0.0,0.0,1.0,158.0,21.0,1.0,0.020618556701030927
4473,4.0,1.0,0.0,0.0,0.0,312.0,9.0,2.0,0.020618556701030927
4474,1.0,1.0,0.0,0.0,0.0,192.0,10.0,2.0,0.0
4475,32.0,1.0,0.0,0.0,0.0,151.0,10.0,2.0,0.08247422680412371
4476,3.0,1.0,0.0,1.0,0.0,95.0,18.0,2.0,0.020618556701030927
4477,13.0,1.0,0.0,0.0,1.0,118.0,20.0,2.0,0.041237113402061855
4478,2.0,1.0,0.0,0.0,0.0,168.0,15.0,3.0,0.010309278350515464
4479,3.0,1.0,0.0,0.0,1.0,160.0,21.0,3.0,0.020618556701030927
4480,2.0,1.0,0.0,0.0,0.0,194.0,6.0,4.0,0.0
4481,1.0,1.0,0.0,0.0,0.0,486.0,9.0,4.0,0.0
4482,5.0,1.0,0.0,0.0,1.0,106.0,10.0,4.0,0.020618556701030927
4483,2.0,1.0,0.0,0.0,1.0,115.0,10.0,4.0,0.0
4484,17.0,1.0,0.0,0.0,1.0,204.0,11.0,4.0,0.041237113402061855
4485,28.0,1.0,0.0,0.0,1.0,230.0,14.0,4.0,0.05154639175257732
4486,30.0,1.0,0.0,0.0,0.0,123.0,16.0,4.0,0.12371134020618557
4487,8.0,1.0,0.0,0.0,0.0,214.0,14.0,5.0,0.05154639175257732
4488,6.0,1.0,0.0,0.0,0.0,125.0,20.0,5.0,0.05154639175257732
4489,6.0,1.0,0.0,0.0,1.0,100.0,8.0,6.0,0.041237113402061855
4490,14.0,1.0,0.0,0.0,0.0,102.0,11.0,6.0,0.05154639175257732
4491,2.0,1.0,0.0,0.0,0.0,459.0,20.0,6.0,0.010309278350515464
4492,8.0,1.0,0.0,0.0,1.0,94.0,21.0,6.0,0.061855670103092786
4493,5.0,1.0,0.0,0.0,0.0,548.0,21.0,6.0,0.041237113402061855
4494,19.0,1.0,0.0,0.0,1.0,230.0,22.0,6.0,0.10309278350515463
4495,1.0,1.0,0.0,0.0,0.0,127.0,12.0,0.0,0.0
4496,7.0,1.0,0.0,0.0,0.0,231.0,12.0,0.0,0.030927835051546393
4497,18.0,1.0,0.0,0.0,1.0,173.0,14.0,0.0,0.05154639175257732
4498,13.0,1.0,0.0,0.0,0.0,341.0,23.0,0.0,0.061855670103092786
4499,1.0,1.0,0.0,0.0,0.0,467.0,13.0,1.0,0.0
4500,2.0,1.0,0.0,0.0,0.0,256.0,14.0,1.0,0.0
4501,21.0,1.0,0.0,0.0,1.0,230.0,15.0,1.0,0.05154639175257732
4502,69.0,1.0,0.0,0.0,1.0,83.0,7.0,2.0,0.14432989690721648
4503,51.0,1.0,0.0,0.0,1.0,171.0,11.0,2.0,0.07216494845360824
4504,51.0,1.0,0.0,0.0,0.0,383.0,17.0,2.0,0.09278350515463918
4505,4.0,1.0,0.0,0.0,0.0,135.0,10.0,3.0,0.020618556701030927
4506,4.0,1.0,0.0,0.0,0.0,171.0,14.0,3.0,0.020618556701030927
4507,4.0,1.0,0.0,0.0,0.0,160.0,19.0,3.0,0.010309278350515464
4508,8.0,1.0,0.0,0.0,0.0,182.0,19.0,3.0,0.030927835051546393
4509,5.0,1.0,0.0,0.0,0.0,114.0,21.0,3.0,0.030927835051546393
4510,6.0,1.0,0.0,0.0,0.0,303.0,21.0,3.0,0.030927835051546393
4511,17.0,1.0,0.0,0.0,0.0,194.0,7.0,4.0,0.07216494845360824
4512,1.0,1.0,0.0,0.0,0.0,341.0,21.0,4.0,0.0
4513,1.0,1.0,0.0,0.0,0.0,125.0,22.0,4.0,0.0
4514,4.0,1.0,0.0,0.0,0.0,584.0,22.0,4.0,0.020618556701030927
4515,2.0,1.0,0.0,0.0,0.0,87.0,22.0,4.0,0.010309278350515464
4516,2.0,1.0,0.0,0.0,1.0,378.0,7.0,5.0,0.010309278350515464
4517,3.0,1.0,0.0,0.0,1.0,174.0,10.0,5.0,0.020618556701030927
4518,3.0,1.0,0.0,0.0,1.0,225.0,11.0,5.0,0.0
4519,1.0,1.0,0.0,0.0,0.0,108.0,16.0,5.0,0.0
4520,1.0,1.0,0.0,0.0,0.0,255.0,17.0,5.0,0.0
4521,8.0,1.0,0.0,0.0,0.0,115.0,17.0,5.0,0.0
4522,3.0,1.0,0.0,0.0,0.0,89.0,19.0,5.0,0.010309278350515464
4523,1.0,1.0,0.0,0.0,0.0,136.0,20.0,5.0,0.0
4524,2.0,1.0,0.0,0.0,0.0,93.0,20.0,5.0,0.0
4525,3.0,1.0,0.0,0.0,1.0,93.0,6.0,6.0,0.010309278350515464
4526,2.0,1.0,0.0,0.0,1.0,263.0,11.0,6.0,0.0
4527,68.0,1.0,0.0,0.0,0.0,96.0,12.0,6.0,0.13402061855670103
4528,1.0,1.0,0.0,0.0,1.0,87.0,21.0,0.0,0.0
4529,1.0,1.0,0.0,0.0,0.0,125.0,21.0,0.0,0.0
4530,4.0,1.0,0.0,0.0,1.0,178.0,21.0,0.0,0.0
4531,5.0,1.0,0.0,0.0,1.0,309.0,21.0,0.0,0.020618556701030927
4532,6.0,1.0,0.0,0.0,1.0,318.0,22.0,0.0,0.010309278350515464
4533,1.0,1.0,0.0,0.0,0.0,178.0,22.0,0.0,0.0
4534,4.0,1.0,0.0,0.0,0.0,171.0,23.0,0.0,0.010309278350515464
4535,19.0,1.0,0.0,0.0,0.0,147.0,8.0,1.0,0.07216494845360824
4536,15.0,1.0,0.0,0.0,0.0,160.0,14.0,1.0,0.07216494845360824
4537,21.0,1.0,0.0,0.0,0.0,187.0,20.0,1.0,0.07216494845360824
4538,1.0,1.0,0.0,0.0,0.0,111.0,13.0,2.0,0.0
4539,1.0,1.0,0.0,0.0,0.0,271.0,13.0,2.0,0.0
4540,4.0,1.0,0.0,0.0,0.0,321.0,15.0,2.0,0.020618556701030927
4541,3.0,1.0,0.0,0.0,0.0,144.0,20.0,2.0,0.010309278350515464
4542,22.0,1.0,0.0,0.0,0.0,125.0,21.0,2.0,0.061855670103092786
4543,1.0,1.0,0.0,0.0,0.0,88.0,20.0,3.0,0.0
4544,3.0,1.0,0.0,0.0,0.0,120.0,20.0,3.0,0.0
4545,14.0,1.0,0.0,0.0,0.0,84.0,20.0,3.0,0.020618556701030927
4546,6.0,1.0,0.0,0.0,1.0,114.0,9.0,4.0,0.0
4547,12.0,1.0,0.0,0.0,0.0,692.0,13.0,4.0,0.020618556701030927
4548,6.0,1.0,0.0,1.0,0.0,384.0,22.0,4.0,0.020618556701030927
4549,3.0,1.0,0.0,0.0,0.0,178.0,12.0,5.0,0.0
4550,5.0,1.0,0.0,0.0,1.0,230.0,12.0,5.0,0.010309278350515464
4551,18.0,1.0,0.0,0.0,0.0,109.0,13.0,5.0,0.09278350515463918
4552,7.0,1.0,0.0,0.0,0.0,133.0,21.0,5.0,0.020618556701030927
4553,1.0,1.0,0.0,0.0,0.0,223.0,23.0,5.0,0.0
4554,3.0,1.0,0.0,0.0,0.0,111.0,23.0,5.0,0.020618556701030927
4555,5.0,1.0,0.0,0.0,0.0,932.0,5.0,6.0,0.030927835051546393
4556,6.0,1.0,0.0,0.0,0.0,123.0,15.0,6.0,0.030927835051546393
4557,24.0,1.0,0.0,0.0,0.0,547.0,18.0,6.0,0.09278350515463918
4558,2.0,1.0,0.0,0.0,1.0,85.0,19.0,0.0,0.010309278350515464
4559,1.0,1.0,0.0,0.0,0.0,548.0,19.0,0.0,0.0
4560,2.0,1.0,0.0,0.0,0.0,148.0,20.0,0.0,0.0
4561,1.0,1.0,0.0,0.0,0.0,271.0,22.0,0.0,0.0
4562,5.0,1.0,0.0,0.0,1.0,143.0,22.0,0.0,0.020618556701030927
4563,9.0,1.0,0.0,0.0,0.0,221.0,13.0,1.0,0.020618556701030927
4564,11.0,1.0,0.0,0.0,0.0,121.0,21.0,1.0,0.020618556701030927
4565,9.0,1.0,0.0,0.0,1.0,94.0,21.0,1.0,0.041237113402061855
4566,2.0,1.0,0.0,0.0,0.0,152.0,9.0,2.0,0.0
4567,1.0,1.0,0.0,0.0,0.0,114.0,10.0,2.0,0.0
4568,2.0,1.0,0.0,0.0,1.0,118.0,10.0,2.0,0.010309278350515464
4569,14.0,1.0,0.0,0.0,0.0,105.0,16.0,2.0,0.07216494845360824
4570,5.0,1.0,0.0,0.0,0.0,560.0,19.0,2.0,0.020618556701030927
4571,18.0,1.0,0.0,0.0,0.0,139.0,20.0,2.0,0.08247422680412371
4572,4.0,1.0,0.0,0.0,0.0,139.0,8.0,3.0,0.030927835051546393
4573,17.0,1.0,0.0,0.0,1.0,93.0,8.0,3.0,0.05154639175257732
4574,1.0,1.0,0.0,0.0,0.0,196.0,15.0,3.0,0.0
4575,40.0,1.0,0.0,0.0,0.0,197.0,15.0,3.0,0.10309278350515463
4576,7.0,1.0,0.0,0.0,0.0,161.0,14.0,4.0,0.030927835051546393
4577,22.0,1.0,0.0,0.0,0.0,85.0,18.0,4.0,0.05154639175257732
4578,3.0,1.0,0.0,0.0,0.0,393.0,17.0,5.0,0.020618556701030927
4579,3.0,1.0,0.0,0.0,1.0,196.0,20.0,5.0,0.0
4580,38.0,1.0,0.0,0.0,0.0,152.0,20.0,5.0,0.17525773195876287
4581,6.0,1.0,0.0,0.0,0.0,219.0,5.0,0.0,0.030927835051546393
4582,2.0,1.0,0.0,0.0,0.0,120.0,15.0,0.0,0.0
4583,4.0,1.0,0.0,0.0,0.0,120.0,15.0,0.0,0.0
4584,4.0,1.0,0.0,0.0,0.0,161.0,16.0,0.0,0.030927835051546393
4585,2.0,1.0,0.0,0.0,0.0,113.0,19.0,0.0,0.0
4586,1.0,1.0,0.0,1.0,0.0,399.0,19.0,0.0,0.0
4587,4.0,1.0,0.0,0.0,0.0,95.0,20.0,0.0,0.020618556701030927
4588,8.0,1.0,0.0,0.0,0.0,328.0,22.0,0.0,0.041237113402061855
4589,16.0,1.0,0.0,0.0,0.0,139.0,11.0,1.0,0.061855670103092786
4590,18.0,1.0,0.0,0.0,0.0,164.0,16.0,1.0,0.10309278350515463
4591,20.0,1.0,0.0,0.0,0.0,334.0,22.0,1.0,0.12371134020618557
4592,6.0,1.0,0.0,0.0,1.0,84.0,9.0,2.0,0.05154639175257732
4593,28.0,1.0,0.0,0.0,1.0,231.0,12.0,2.0,0.030927835051546393
4594,1.0,1.0,0.0,0.0,0.0,115.0,12.0,2.0,0.0
4595,75.0,1.0,0.0,0.0,0.0,129.0,12.0,2.0,0.09278350515463918
4596,10.0,1.0,0.0,0.0,0.0,334.0,16.0,2.0,0.041237113402061855
4597,45.0,1.0,0.0,0.0,0.0,459.0,20.0,2.0,0.18556701030927836
4598,3.0,1.0,0.0,0.0,0.0,100.0,16.0,3.0,0.020618556701030927
4599,7.0,1.0,0.0,0.0,1.0,105.0,16.0,3.0,0.041237113402061855
4600,4.0,1.0,0.0,0.0,1.0,86.0,17.0,3.0,0.030927835051546393
4601,31.0,1.0,0.0,0.0,0.0,144.0,18.0,3.0,0.13402061855670103
4602,4.0,1.0,0.0,0.0,1.0,187.0,5.0,4.0,0.010309278350515464
4603,14.0,1.0,0.0,0.0,0.0,182.0,7.0,4.0,0.08247422680412371
4604,2.0,1.0,0.0,0.0,0.0,328.0,20.0,4.0,0.0
4605,16.0,1.0,0.0,0.0,0.0,120.0,20.0,4.0,0.061855670103092786
4606,2.0,1.0,0.0,0.0,0.0,187.0,7.0,5.0,0.010309278350515464
4607,1.0,1.0,0.0,0.0,0.0,152.0,7.0,5.0,0.0
4608,3.0,1.0,0.0,0.0,1.0,161.0,11.0,5.0,0.010309278350515464
4609,1.0,1.0,0.0,0.0,0.0,91.0,16.0,5.0,0.0
4610,3.0,1.0,0.0,0.0,0.0,126.0,17.0,5.0,0.010309278350515464
4611,4.0,1.0,0.0,0.0,0.0,180.0,21.0,5.0,0.010309278350515464
4612,2.0,1.0,0.0,0.0,0.0,155.0,9.0,6.0,0.010309278350515464
4613,13.0,1.0,0.0,0.0,0.0,266.0,11.0,6.0,0.030927835051546393
4614,7.0,1.0,0.0,0.0,0.0,86.0,18.0,6.0,0.020618556701030927
4615,10.0,1.0,0.0,0.0,0.0,84.0,19.0,6.0,0.05154639175257732
4616,7.0,1.0,0.0,0.0,0.0,1744.0,6.0,0.0,0.010309278350515464
4617,5.0,1.0,0.0,0.0,0.0,106.0,10.0,0.0,0.030927835051546393
4618,1.0,1.0,0.0,0.0,0.0,334.0,15.0,0.0,0.0
4619,2.0,1.0,0.0,0.0,0.0,658.0,15.0,0.0,0.010309278350515464
4620,5.0,1.0,0.0,0.0,0.0,129.0,15.0,0.0,0.030927835051546393
4621,2.0,1.0,0.0,0.0,0.0,90.0,19.0,0.0,0.010309278350515464
4622,4.0,1.0,0.0,0.0,0.0,260.0,19.0,0.0,0.010309278350515464
4623,12.0,1.0,0.0,0.0,0.0,100.0,20.0,0.0,0.0
4624,5.0,1.0,0.0,0.0,0.0,134.0,22.0,0.0,0.010309278350515464
4625,5.0,1.0,0.0,0.0,0.0,116.0,11.0,1.0,0.020618556701030927
4626,4.0,1.0,0.0,0.0,0.0,179.0,15.0,1.0,0.030927835051546393
4627,3.0,1.0,0.0,0.0,0.0,168.0,17.0,1.0,0.0
4628,10.0,1.0,0.0,0.0,0.0,223.0,18.0,1.0,0.020618556701030927
4629,6.0,1.0,0.0,1.0,0.0,92.0,20.0,1.0,0.020618556701030927
4630,5.0,1.0,0.0,0.0,1.0,86.0,21.0,1.0,0.020618556701030927
4631,2.0,1.0,0.0,0.0,0.0,1875.0,7.0,2.0,0.010309278350515464
4632,1.0,1.0,0.0,0.0,0.0,93.0,7.0,2.0,0.0
4633,3.0,1.0,0.0,0.0,0.0,105.0,8.0,2.0,0.010309278350515464
4634,9.0,1.0,0.0,0.0,1.0,202.0,10.0,2.0,0.05154639175257732
4635,1.0,1.0,0.0,0.0,0.0,153.0,16.0,2.0,0.0
4636,8.0,1.0,0.0,0.0,0.0,93.0,16.0,2.0,0.020618556701030927
4637,8.0,1.0,0.0,0.0,0.0,367.0,19.0,2.0,0.041237113402061855
4638,9.0,1.0,0.0,0.0,0.0,133.0,8.0,3.0,0.05154639175257732
4639,13.0,1.0,0.0,0.0,0.0,154.0,11.0,3.0,0.1134020618556701
4640,1.0,1.0,0.0,0.0,1.0,95.0,15.0,3.0,0.0
4641,6.0,1.0,0.0,1.0,0.0,228.0,17.0,3.0,0.030927835051546393
4642,1.0,1.0,0.0,0.0,0.0,195.0,18.0,3.0,0.0
4643,4.0,1.0,0.0,0.0,0.0,91.0,19.0,3.0,0.010309278350515464
4644,7.0,1.0,0.0,0.0,0.0,119.0,20.0,3.0,0.030927835051546393
4645,6.0,1.0,0.0,0.0,0.0,163.0,21.0,3.0,0.010309278350515464
4646,1.0,1.0,0.0,0.0,0.0,213.0,7.0,4.0,0.0
4647,2.0,1.0,0.0,0.0,0.0,182.0,7.0,4.0,0.010309278350515464
4648,6.0,1.0,0.0,0.0,0.0,88.0,9.0,4.0,0.030927835051546393
4649,15.0,1.0,0.0,0.0,0.0,166.0,11.0,4.0,0.010309278350515464
4650,4.0,1.0,0.0,0.0,1.0,122.0,19.0,4.0,0.020618556701030927
4651,17.0,1.0,0.0,0.0,1.0,184.0,19.0,4.0,0.07216494845360824
4652,2.0,1.0,0.0,0.0,0.0,182.0,21.0,4.0,0.010309278350515464
4653,2.0,1.0,0.0,0.0,0.0,117.0,22.0,4.0,0.010309278350515464
4654,2.0,1.0,0.0,0.0,0.0,174.0,22.0,4.0,0.0
4655,1.0,1.0,0.0,0.0,0.0,96.0,22.0,4.0,0.0
4656,29.0,1.0,0.0,0.0,0.0,124.0,22.0,4.0,0.08247422680412371
4657,26.0,1.0,0.0,0.0,0.0,372.0,15.0,5.0,0.10309278350515463
4658,12.0,1.0,0.0,0.0,1.0,149.0,21.0,5.0,0.07216494845360824
4659,4.0,1.0,0.0,0.0,0.0,97.0,19.0,6.0,0.010309278350515464
4660,2.0,1.0,0.0,0.0,0.0,3179.0,21.0,6.0,0.010309278350515464
4661,21.0,1.0,0.0,0.0,1.0,477.0,21.0,6.0,0.030927835051546393
4662,11.0,1.0,0.0,0.0,0.0,124.0,9.0,0.0,0.041237113402061855
4663,2.0,1.0,0.0,0.0,0.0,103.0,19.0,0.0,0.010309278350515464
4664,14.0,1.0,0.0,0.0,0.0,113.0,21.0,0.0,0.08247422680412371
4665,2.0,1.0,0.0,0.0,1.0,162.0,9.0,1.0,0.0
4666,3.0,1.0,0.0,0.0,0.0,150.0,9.0,1.0,0.010309278350515464
4667,6.0,1.0,0.0,0.0,1.0,162.0,10.0,1.0,0.010309278350515464
4668,2.0,1.0,0.0,0.0,0.0,200.0,11.0,1.0,0.0
4669,3.0,1.0,0.0,0.0,0.0,200.0,12.0,1.0,0.0
4670,3.0,1.0,0.0,0.0,0.0,132.0,16.0,1.0,0.010309278350515464
4671,4.0,1.0,0.0,0.0,0.0,110.0,17.0,1.0,0.0
4672,5.0,1.0,0.0,0.0,0.0,138.0,18.0,1.0,0.030927835051546393
4673,3.0,1.0,0.0,0.0,0.0,138.0,19.0,1.0,0.010309278350515464
4674,11.0,1.0,0.0,0.0,0.0,230.0,19.0,1.0,0.05154639175257732
4675,3.0,1.0,0.0,0.0,0.0,112.0,15.0,2.0,0.0
4676,16.0,1.0,0.0,0.0,0.0,137.0,19.0,2.0,0.020618556701030927
4677,13.0,1.0,0.0,0.0,1.0,130.0,22.0,2.0,0.020618556701030927
4678,2.0,1.0,0.0,0.0,1.0,130.0,7.0,3.0,0.010309278350515464
4679,2.0,1.0,0.0,0.0,0.0,88.0,8.0,3.0,0.010309278350515464
4680,1.0,1.0,0.0,0.0,1.0,249.0,12.0,3.0,0.0
4681,5.0,1.0,0.0,0.0,0.0,105.0,12.0,3.0,0.020618556701030927
4682,4.0,1.0,0.0,0.0,0.0,317.0,15.0,3.0,0.010309278350515464
4683,4.0,1.0,0.0,0.0,1.0,122.0,20.0,3.0,0.0
4684,6.0,1.0,0.0,0.0,0.0,108.0,23.0,3.0,0.020618556701030927
4685,3.0,1.0,0.0,0.0,0.0,161.0,10.0,4.0,0.010309278350515464
4686,6.0,1.0,0.0,0.0,1.0,97.0,14.0,4.0,0.041237113402061855
4687,6.0,1.0,0.0,0.0,0.0,361.0,18.0,4.0,0.020618556701030927
4688,1.0,1.0,0.0,0.0,0.0,84.0,18.0,4.0,0.0
4689,26.0,1.0,0.0,0.0,0.0,3225.0,19.0,4.0,0.08247422680412371
4690,5.0,1.0,0.0,0.0,1.0,83.0,14.0,5.0,0.030927835051546393
4691,3.0,1.0,0.0,0.0,1.0,130.0,16.0,5.0,0.0
4692,5.0,1.0,0.0,0.0,0.0,98.0,20.0,5.0,0.020618556701030927
4693,2.0,1.0,0.0,0.0,1.0,109.0,9.0,6.0,0.010309278350515464
4694,11.0,1.0,0.0,0.0,1.0,131.0,13.0,6.0,0.041237113402061855
4695,34.0,1.0,0.0,0.0,1.0,146.0,8.0,0.0,0.14432989690721648
4696,19.0,1.0,0.0,0.0,0.0,180.0,14.0,0.0,0.12371134020618557
4697,11.0,1.0,0.0,0.0,1.0,126.0,20.0,0.0,0.061855670103092786
4698,11.0,1.0,0.0,0.0,0.0,122.0,11.0,1.0,0.010309278350515464
4699,28.0,1.0,0.0,0.0,1.0,245.0,13.0,1.0,0.05154639175257732
4700,14.0,1.0,0.0,0.0,0.0,420.0,9.0,2.0,0.030927835051546393
4701,5.0,1.0,0.0,0.0,0.0,278.0,13.0,2.0,0.010309278350515464
4702,3.0,1.0,0.0,0.0,0.0,232.0,13.0,2.0,0.010309278350515464
4703,8.0,1.0,0.0,0.0,0.0,106.0,13.0,2.0,0.05154639175257732
4704,17.0,1.0,0.0,0.0,0.0,121.0,15.0,2.0,0.041237113402061855
4705,22.0,1.0,0.0,0.0,0.0,151.0,19.0,2.0,0.041237113402061855
4706,5.0,1.0,0.0,0.0,0.0,152.0,17.0,3.0,0.010309278350515464
4707,12.0,1.0,0.0,0.0,1.0,259.0,19.0,3.0,0.041237113402061855
4708,17.0,1.0,0.0,0.0,1.0,126.0,18.0,4.0,0.05154639175257732
4709,9.0,1.0,0.0,0.0,0.0,111.0,8.0,5.0,0.020618556701030927
4710,27.0,1.0,0.0,0.0,0.0,126.0,17.0,5.0,0.030927835051546393
4711,4.0,1.0,0.0,0.0,0.0,159.0,9.0,6.0,0.020618556701030927
4712,14.0,1.0,0.0,0.0,0.0,118.0,10.0,6.0,0.05154639175257732
4713,5.0,1.0,0.0,0.0,0.0,175.0,21.0,6.0,0.010309278350515464
4714,10.0,1.0,0.0,0.0,0.0,150.0,21.0,6.0,0.05154639175257732
4715,38.0,1.0,0.0,0.0,0.0,85.0,13.0,0.0,0.15463917525773196
4716,48.0,1.0,0.0,0.0,0.0,85.0,9.0,1.0,0.09278350515463918
4717,5.0,1.0,0.0,0.0,0.0,132.0,23.0,1.0,0.041237113402061855
4718,13.0,1.0,0.0,0.0,0.0,636.0,7.0,2.0,0.05154639175257732
4719,5.0,1.0,0.0,0.0,0.0,85.0,12.0,2.0,0.020618556701030927
4720,59.0,1.0,0.0,0.0,0.0,319.0,15.0,2.0,0.12371134020618557
4721,1.0,1.0,0.0,0.0,0.0,338.0,16.0,3.0,0.0
4722,1.0,1.0,0.0,0.0,0.0,106.0,17.0,3.0,0.0
4723,24.0,1.0,0.0,0.0,0.0,97.0,17.0,3.0,0.10309278350515463
4724,41.0,1.0,0.0,0.0,1.0,473.0,7.0,4.0,0.13402061855670103
4725,2.0,1.0,0.0,0.0,1.0,84.0,23.0,4.0,0.010309278350515464
4726,31.0,1.0,0.0,0.0,1.0,896.0,11.0,5.0,0.13402061855670103
4727,8.0,1.0,0.0,0.0,1.0,131.0,17.0,0.0,0.030927835051546393
4728,5.0,1.0,0.0,0.0,0.0,126.0,22.0,0.0,0.030927835051546393
4729,8.0,1.0,0.0,0.0,0.0,140.0,12.0,1.0,0.030927835051546393
4730,3.0,1.0,0.0,0.0,0.0,95.0,20.0,1.0,0.010309278350515464
4731,4.0,1.0,0.0,0.0,1.0,332.0,21.0,1.0,0.020618556701030927
4732,8.0,1.0,0.0,0.0,0.0,111.0,11.0,2.0,0.030927835051546393
4733,9.0,1.0,0.0,1.0,0.0,143.0,14.0,2.0,0.05154639175257732
4734,12.0,1.0,0.0,0.0,0.0,92.0,19.0,2.0,0.05154639175257732
4735,10.0,1.0,0.0,0.0,0.0,83.0,13.0,3.0,0.08247422680412371
4736,7.0,1.0,0.0,0.0,1.0,124.0,19.0,3.0,0.041237113402061855
4737,1.0,1.0,0.0,0.0,0.0,277.0,20.0,3.0,0.0
4738,5.0,1.0,0.0,0.0,0.0,132.0,20.0,3.0,0.030927835051546393
4739,6.0,1.0,0.0,0.0,0.0,235.0,9.0,4.0,0.010309278350515464
4740,9.0,1.0,0.0,0.0,0.0,258.0,14.0,4.0,0.020618556701030927
4741,3.0,1.0,0.0,0.0,0.0,125.0,18.0,4.0,0.010309278350515464
4742,6.0,1.0,0.0,0.0,0.0,136.0,19.0,4.0,0.010309278350515464
4743,10.0,1.0,0.0,0.0,1.0,133.0,22.0,4.0,0.05154639175257732
4744,54.0,1.0,0.0,0.0,0.0,201.0,17.0,5.0,0.12371134020618557
4745,9.0,1.0,0.0,0.0,0.0,164.0,20.0,1.0,0.041237113402061855
4746,6.0,1.0,0.0,0.0,0.0,169.0,8.0,2.0,0.020618556701030927
4747,4.0,1.0,0.0,0.0,0.0,659.0,11.0,2.0,0.0
4748,6.0,1.0,0.0,0.0,0.0,156.0,16.0,2.0,0.041237113402061855
4749,3.0,1.0,0.0,0.0,1.0,472.0,19.0,2.0,0.010309278350515464
4750,6.0,1.0,0.0,0.0,1.0,85.0,6.0,3.0,0.05154639175257732
4751,15.0,1.0,0.0,0.0,1.0,210.0,11.0,3.0,0.061855670103092786
4752,2.0,1.0,0.0,0.0,0.0,191.0,6.0,4.0,0.010309278350515464
4753,13.0,1.0,0.0,0.0,0.0,320.0,9.0,4.0,0.010309278350515464
4754,65.0,1.0,0.0,0.0,0.0,130.0,16.0,4.0,0.15463917525773196
4755,5.0,1.0,0.0,0.0,0.0,274.0,23.0,6.0,0.010309278350515464
4756,7.0,1.0,0.0,0.0,0.0,514.0,12.0,0.0,0.030927835051546393
4757,6.0,1.0,0.0,0.0,0.0,178.0,17.0,0.0,0.030927835051546393
4758,3.0,1.0,0.0,0.0,0.0,451.0,21.0,0.0,0.010309278350515464
4759,3.0,1.0,0.0,0.0,0.0,173.0,21.0,0.0,0.010309278350515464
4760,2.0,1.0,0.0,0.0,0.0,451.0,23.0,0.0,0.010309278350515464
4761,6.0,1.0,0.0,0.0,0.0,156.0,10.0,1.0,0.030927835051546393
4762,45.0,1.0,0.0,0.0,0.0,170.0,20.0,1.0,0.16494845360824742
4763,17.0,1.0,0.0,0.0,1.0,113.0,11.0,2.0,0.041237113402061855
4764,1.0,1.0,0.0,0.0,0.0,101.0,12.0,2.0,0.0
4765,23.0,1.0,0.0,0.0,0.0,231.0,12.0,2.0,0.061855670103092786
4766,2.0,1.0,0.0,0.0,1.0,100.0,5.0,3.0,0.0
4767,12.0,1.0,0.0,0.0,0.0,101.0,9.0,3.0,0.041237113402061855
4768,28.0,1.0,0.0,0.0,1.0,94.0,13.0,3.0,0.12371134020618557
4769,2.0,1.0,0.0,0.0,0.0,230.0,15.0,3.0,0.0
4770,1.0,1.0,0.0,0.0,0.0,122.0,15.0,3.0,0.0
4771,9.0,1.0,0.0,0.0,0.0,293.0,15.0,3.0,0.041237113402061855
4772,3.0,1.0,0.0,0.0,0.0,188.0,19.0,3.0,0.010309278350515464
4773,3.0,1.0,0.0,0.0,0.0,120.0,19.0,3.0,0.020618556701030927
4774,1.0,1.0,0.0,0.0,0.0,97.0,19.0,3.0,0.0
4775,5.0,1.0,0.0,0.0,0.0,148.0,19.0,3.0,0.010309278350515464
4776,6.0,1.0,0.0,0.0,0.0,85.0,22.0,3.0,0.010309278350515464
4777,55.0,1.0,0.0,0.0,0.0,95.0,6.0,4.0,0.14432989690721648
4778,4.0,1.0,0.0,0.0,0.0,300.0,17.0,4.0,0.010309278350515464
4779,13.0,1.0,0.0,0.0,0.0,400.0,17.0,4.0,0.010309278350515464
4780,12.0,1.0,0.0,0.0,0.0,83.0,19.0,4.0,0.041237113402061855
4781,3.0,1.0,0.0,0.0,0.0,650.0,8.0,5.0,0.010309278350515464
4782,8.0,1.0,0.0,0.0,0.0,512.0,9.0,5.0,0.030927835051546393
4783,4.0,1.0,0.0,0.0,1.0,156.0,15.0,5.0,0.010309278350515464
4784,2.0,1.0,0.0,0.0,0.0,194.0,16.0,5.0,0.010309278350515464
4785,3.0,1.0,0.0,0.0,0.0,174.0,17.0,5.0,0.0
4786,22.0,1.0,0.0,0.0,0.0,118.0,17.0,5.0,0.041237113402061855
4787,5.0,1.0,0.0,0.0,1.0,93.0,9.0,6.0,0.010309278350515464
4788,13.0,1.0,0.0,1.0,0.0,92.0,11.0,6.0,0.041237113402061855
4789,6.0,1.0,0.0,0.0,1.0,146.0,20.0,6.0,0.020618556701030927
4790,24.0,1.0,0.0,0.0,0.0,206.0,9.0,0.0,0.030927835051546393
4791,12.0,1.0,0.0,0.0,0.0,117.0,15.0,0.0,0.020618556701030927
4792,2.0,1.0,0.0,0.0,0.0,248.0,19.0,0.0,0.010309278350515464
4793,9.0,1.0,0.0,0.0,0.0,437.0,20.0,0.0,0.041237113402061855
4794,2.0,1.0,0.0,0.0,0.0,95.0,12.0,1.0,0.0
4795,52.0,1.0,0.0,0.0,0.0,126.0,12.0,1.0,0.10309278350515463
4796,13.0,1.0,0.0,1.0,0.0,83.0,16.0,1.0,0.041237113402061855
4797,56.0,1.0,0.0,0.0,1.0,103.0,20.0,1.0,0.13402061855670103
4798,3.0,1.0,0.0,1.0,0.0,192.0,18.0,2.0,0.010309278350515464
4799,10.0,1.0,0.0,1.0,0.0,228.0,19.0,2.0,0.05154639175257732
4800,2.0,1.0,0.0,0.0,0.0,202.0,21.0,2.0,0.010309278350515464
4801,1.0,1.0,0.0,0.0,0.0,256.0,21.0,2.0,0.0
4802,7.0,1.0,0.0,0.0,1.0,221.0,22.0,2.0,0.030927835051546393
4803,29.0,1.0,0.0,0.0,0.0,112.0,6.0,3.0,0.08247422680412371
4804,10.0,1.0,0.0,0.0,0.0,233.0,9.0,3.0,0.041237113402061855
4805,7.0,1.0,0.0,0.0,0.0,87.0,10.0,3.0,0.010309278350515464
4806,29.0,1.0,0.0,0.0,0.0,214.0,11.0,3.0,0.061855670103092786
4807,1.0,1.0,0.0,0.0,0.0,183.0,14.0,3.0,0.0
4808,1.0,1.0,0.0,0.0,0.0,138.0,14.0,3.0,0.0
4809,5.0,1.0,0.0,0.0,1.0,83.0,15.0,3.0,0.020618556701030927
4810,16.0,1.0,0.0,0.0,0.0,167.0,16.0,3.0,0.030927835051546393
4811,24.0,1.0,0.0,0.0,1.0,90.0,19.0,3.0,0.09278350515463918
4812,6.0,1.0,0.0,0.0,0.0,209.0,16.0,4.0,0.0
4813,3.0,1.0,0.0,0.0,1.0,136.0,18.0,4.0,0.010309278350515464
4814,8.0,1.0,0.0,0.0,0.0,95.0,22.0,4.0,0.041237113402061855
4815,14.0,1.0,0.0,0.0,0.0,206.0,12.0,5.0,0.07216494845360824
4816,6.0,1.0,0.0,0.0,0.0,107.0,15.0,5.0,0.041237113402061855
4817,1.0,1.0,0.0,0.0,0.0,398.0,9.0,6.0,0.0
4818,21.0,1.0,0.0,1.0,1.0,127.0,17.0,6.0,0.10309278350515463
4819,13.0,1.0,0.0,0.0,0.0,116.0,0.0,1.0,0.07216494845360824
4820,6.0,1.0,0.0,0.0,1.0,195.0,11.0,1.0,0.041237113402061855
4821,32.0,1.0,0.0,0.0,0.0,149.0,12.0,1.0,0.13402061855670103
4822,2.0,1.0,0.0,0.0,1.0,207.0,12.0,3.0,0.010309278350515464
4823,1.0,1.0,0.0,0.0,0.0,111.0,20.0,3.0,0.0
4824,16.0,1.0,0.0,0.0,0.0,142.0,20.0,3.0,0.030927835051546393
4825,35.0,1.0,0.0,0.0,0.0,116.0,10.0,4.0,0.10309278350515463
4826,3.0,1.0,0.0,1.0,1.0,134.0,19.0,4.0,0.010309278350515464
4827,7.0,1.0,0.0,0.0,1.0,265.0,21.0,4.0,0.041237113402061855
4828,34.0,1.0,0.0,0.0,0.0,148.0,8.0,5.0,0.08247422680412371
4829,5.0,1.0,0.0,0.0,1.0,98.0,11.0,5.0,0.010309278350515464
4830,2.0,1.0,0.0,0.0,0.0,110.0,12.0,5.0,0.0
4831,6.0,1.0,0.0,0.0,0.0,118.0,12.0,5.0,0.010309278350515464
4832,8.0,1.0,0.0,0.0,0.0,292.0,21.0,5.0,0.020618556701030927
4833,13.0,1.0,0.0,0.0,0.0,104.0,10.0,6.0,0.05154639175257732
4834,1.0,1.0,0.0,0.0,0.0,164.0,16.0,6.0,0.0
4835,3.0,1.0,0.0,0.0,1.0,211.0,16.0,6.0,0.0
4836,1.0,1.0,0.0,0.0,0.0,108.0,20.0,6.0,0.0
4837,2.0,1.0,0.0,0.0,1.0,211.0,21.0,6.0,0.0
4838,1.0,1.0,0.0,0.0,1.0,114.0,7.0,0.0,0.0
4839,5.0,1.0,0.0,0.0,0.0,122.0,7.0,0.0,0.010309278350515464
4840,7.0,1.0,0.0,0.0,0.0,94.0,8.0,0.0,0.020618556701030927
4841,2.0,1.0,0.0,0.0,1.0,143.0,9.0,0.0,0.0
4842,1.0,1.0,0.0,0.0,0.0,239.0,9.0,0.0,0.0
4843,3.0,1.0,0.0,0.0,0.0,103.0,9.0,0.0,0.0
4844,3.0,1.0,0.0,0.0,1.0,143.0,9.0,0.0,0.0
4845,1.0,1.0,0.0,0.0,0.0,292.0,9.0,0.0,0.0
4846,1.0,1.0,0.0,0.0,0.0,173.0,9.0,0.0,0.0
4847,1.0,1.0,0.0,0.0,0.0,223.0,9.0,0.0,0.0
4848,5.0,1.0,0.0,0.0,0.0,99.0,11.0,0.0,0.020618556701030927
4849,1.0,1.0,0.0,0.0,0.0,226.0,13.0,0.0,0.0
4850,1.0,1.0,0.0,0.0,0.0,158.0,13.0,0.0,0.0
4851,8.0,1.0,0.0,0.0,0.0,134.0,14.0,0.0,0.020618556701030927
4852,9.0,1.0,0.0,0.0,1.0,240.0,15.0,0.0,0.0
4853,2.0,1.0,0.0,0.0,1.0,287.0,17.0,0.0,0.0
4854,1.0,1.0,0.0,0.0,1.0,159.0,19.0,0.0,0.0
4855,2.0,1.0,0.0,0.0,0.0,116.0,19.0,0.0,0.0
4856,6.0,1.0,0.0,0.0,0.0,182.0,21.0,0.0,0.010309278350515464
4857,1.0,1.0,0.0,0.0,0.0,166.0,7.0,1.0,0.0
4858,7.0,1.0,0.0,0.0,0.0,208.0,10.0,1.0,0.0
4859,8.0,1.0,0.0,1.0,0.0,151.0,14.0,1.0,0.020618556701030927
4860,11.0,1.0,0.0,0.0,1.0,82.0,8.0,2.0,0.061855670103092786
4861,4.0,1.0,0.0,0.0,1.0,163.0,16.0,2.0,0.020618556701030927
4862,9.0,1.0,0.0,0.0,0.0,97.0,18.0,2.0,0.030927835051546393
4863,1.0,1.0,0.0,0.0,1.0,841.0,22.0,2.0,0.0
4864,6.0,1.0,0.0,0.0,0.0,215.0,23.0,2.0,0.0
4865,2.0,1.0,0.0,0.0,1.0,126.0,7.0,3.0,0.0
4866,2.0,1.0,0.0,0.0,0.0,220.0,7.0,3.0,0.0
4867,11.0,1.0,0.0,0.0,0.0,164.0,8.0,3.0,0.05154639175257732
4868,15.0,1.0,0.0,0.0,0.0,86.0,12.0,3.0,0.041237113402061855
4869,4.0,1.0,0.0,1.0,1.0,175.0,13.0,3.0,0.010309278350515464
4870,1.0,1.0,0.0,0.0,0.0,338.0,20.0,3.0,0.0
4871,7.0,1.0,0.0,0.0,0.0,134.0,20.0,3.0,0.030927835051546393
4872,1.0,1.0,0.0,0.0,0.0,125.0,10.0,4.0,0.0
4873,5.0,1.0,0.0,0.0,0.0,85.0,10.0,4.0,0.0
4874,20.0,1.0,0.0,0.0,1.0,115.0,14.0,4.0,0.061855670103092786
4875,15.0,1.0,0.0,0.0,0.0,96.0,10.0,5.0,0.030927835051546393
4876,36.0,1.0,0.0,0.0,0.0,211.0,10.0,5.0,0.061855670103092786
4877,4.0,1.0,0.0,0.0,0.0,162.0,16.0,5.0,0.010309278350515464
4878,5.0,1.0,0.0,0.0,0.0,236.0,8.0,6.0,0.010309278350515464
4879,10.0,1.0,0.0,1.0,0.0,225.0,17.0,6.0,0.041237113402061855
4880,13.0,1.0,0.0,0.0,0.0,126.0,10.0,0.0,0.05154639175257732
4881,1.0,1.0,0.0,0.0,0.0,129.0,14.0,0.0,0.0
4882,1.0,1.0,0.0,1.0,0.0,112.0,16.0,0.0,0.0
4883,3.0,1.0,0.0,0.0,0.0,159.0,17.0,0.0,0.010309278350515464
4884,7.0,1.0,0.0,1.0,1.0,212.0,19.0,0.0,0.030927835051546393
4885,2.0,1.0,0.0,0.0,0.0,230.0,8.0,1.0,0.010309278350515464
4886,23.0,1.0,0.0,0.0,0.0,108.0,11.0,1.0,0.12371134020618557
4887,21.0,1.0,0.0,0.0,1.0,157.0,17.0,1.0,0.16494845360824742
4888,3.0,1.0,0.0,0.0,0.0,345.0,22.0,1.0,0.020618556701030927
4889,31.0,1.0,0.0,0.0,0.0,403.0,12.0,2.0,0.12371134020618557
4890,1.0,1.0,0.0,0.0,0.0,274.0,11.0,3.0,0.0
4891,14.0,1.0,0.0,1.0,0.0,263.0,11.0,3.0,0.020618556701030927
4892,4.0,1.0,0.0,0.0,1.0,133.0,14.0,3.0,0.020618556701030927
4893,2.0,1.0,0.0,0.0,0.0,156.0,17.0,3.0,0.0
4894,1.0,1.0,0.0,0.0,0.0,297.0,20.0,3.0,0.0
4895,6.0,1.0,0.0,0.0,0.0,274.0,20.0,3.0,0.041237113402061855
4896,8.0,1.0,0.0,0.0,1.0,189.0,17.0,4.0,0.030927835051546393
4897,4.0,1.0,0.0,0.0,0.0,116.0,8.0,5.0,0.010309278350515464
4898,1.0,1.0,0.0,0.0,1.0,121.0,16.0,5.0,0.0
4899,6.0,1.0,0.0,0.0,0.0,248.0,17.0,5.0,0.030927835051546393
4900,19.0,1.0,0.0,0.0,0.0,86.0,6.0,6.0,0.09278350515463918
4901,6.0,1.0,0.0,0.0,0.0,168.0,20.0,6.0,0.030927835051546393
4902,4.0,1.0,0.0,0.0,0.0,190.0,3.0,0.0,0.030927835051546393
4903,30.0,1.0,0.0,0.0,1.0,170.0,11.0,0.0,0.12371134020618557
4904,6.0,1.0,0.0,0.0,0.0,240.0,11.0,1.0,0.030927835051546393
4905,2.0,1.0,0.0,0.0,0.0,84.0,15.0,1.0,0.010309278350515464
4906,3.0,1.0,0.0,0.0,0.0,136.0,19.0,1.0,0.0
4907,3.0,1.0,0.0,0.0,0.0,240.0,20.0,1.0,0.0
4908,4.0,1.0,0.0,0.0,0.0,91.0,21.0,1.0,0.020618556701030927
4909,2.0,1.0,0.0,0.0,1.0,229.0,11.0,2.0,0.010309278350515464
4910,1.0,1.0,0.0,0.0,1.0,301.0,13.0,2.0,0.0
4911,5.0,1.0,0.0,0.0,0.0,260.0,13.0,2.0,0.0
4912,3.0,1.0,0.0,0.0,0.0,124.0,16.0,2.0,0.0
4913,3.0,1.0,0.0,0.0,1.0,160.0,17.0,2.0,0.0
4914,6.0,1.0,0.0,0.0,1.0,229.0,18.0,2.0,0.020618556701030927
4915,4.0,1.0,0.0,0.0,1.0,89.0,9.0,3.0,0.010309278350515464
4916,25.0,1.0,0.0,0.0,0.0,93.0,10.0,3.0,0.05154639175257732
4917,2.0,1.0,0.0,0.0,0.0,452.0,14.0,4.0,0.0
4918,4.0,1.0,0.0,0.0,0.0,240.0,16.0,4.0,0.020618556701030927
4919,1.0,1.0,0.0,0.0,0.0,240.0,21.0,4.0,0.0
4920,4.0,1.0,0.0,0.0,0.0,95.0,7.0,5.0,0.010309278350515464
4921,1.0,1.0,0.0,0.0,1.0,975.0,10.0,5.0,0.0
4922,8.0,1.0,0.0,0.0,0.0,86.0,11.0,5.0,0.010309278350515464
4923,2.0,1.0,0.0,0.0,0.0,458.0,10.0,6.0,0.010309278350515464
4924,9.0,1.0,0.0,0.0,0.0,458.0,15.0,6.0,0.041237113402061855
4925,2.0,1.0,0.0,0.0,1.0,129.0,21.0,6.0,0.0
4926,5.0,1.0,0.0,0.0,0.0,142.0,7.0,0.0,0.020618556701030927
4927,11.0,1.0,0.0,0.0,0.0,161.0,9.0,0.0,0.061855670103092786
4928,1.0,1.0,0.0,0.0,0.0,525.0,8.0,1.0,0.0
4929,21.0,1.0,0.0,0.0,0.0,96.0,8.0,1.0,0.041237113402061855
4930,3.0,1.0,0.0,0.0,1.0,207.0,13.0,1.0,0.0
4931,2.0,1.0,0.0,0.0,1.0,130.0,14.0,1.0,0.0
4932,5.0,1.0,0.0,0.0,0.0,648.0,14.0,1.0,0.020618556701030927
4933,2.0,1.0,0.0,0.0,0.0,410.0,19.0,1.0,0.010309278350515464
4934,1.0,1.0,0.0,0.0,0.0,257.0,20.0,1.0,0.0
4935,1.0,1.0,0.0,0.0,0.0,216.0,20.0,1.0,0.0
4936,20.0,1.0,0.0,0.0,1.0,193.0,20.0,1.0,0.05154639175257732
4937,17.0,1.0,0.0,0.0,0.0,164.0,22.0,1.0,0.061855670103092786
4938,3.0,1.0,0.0,0.0,0.0,170.0,20.0,2.0,0.0
4939,1.0,1.0,0.0,0.0,0.0,510.0,20.0,2.0,0.0
4940,1.0,1.0,0.0,0.0,0.0,150.0,20.0,2.0,0.0
4941,4.0,1.0,0.0,0.0,1.0,130.0,21.0,2.0,0.020618556701030927
4942,8.0,1.0,0.0,0.0,0.0,95.0,7.0,3.0,0.020618556701030927
4943,1.0,1.0,0.0,0.0,0.0,109.0,8.0,3.0,0.0
4944,7.0,1.0,0.0,0.0,0.0,201.0,10.0,3.0,0.020618556701030927
4945,10.0,1.0,0.0,0.0,0.0,246.0,15.0,3.0,0.020618556701030927
4946,5.0,1.0,0.0,0.0,0.0,150.0,20.0,3.0,0.020618556701030927
4947,6.0,1.0,0.0,0.0,0.0,244.0,20.0,3.0,0.010309278350515464
4948,1.0,1.0,0.0,0.0,1.0,106.0,7.0,4.0,0.0
4949,1.0,1.0,0.0,0.0,0.0,150.0,7.0,4.0,0.0
4950,2.0,1.0,0.0,0.0,0.0,283.0,10.0,4.0,0.010309278350515464
4951,19.0,1.0,0.0,0.0,0.0,166.0,11.0,4.0,0.010309278350515464
4952,4.0,1.0,0.0,0.0,0.0,98.0,13.0,4.0,0.0
4953,3.0,1.0,0.0,0.0,0.0,224.0,15.0,4.0,0.010309278350515464
4954,15.0,1.0,0.0,0.0,0.0,183.0,17.0,4.0,0.05154639175257732
4955,47.0,1.0,0.0,0.0,0.0,151.0,6.0,5.0,0.09278350515463918
4956,26.0,1.0,0.0,0.0,0.0,122.0,19.0,5.0,0.05154639175257732
4957,14.0,1.0,0.0,0.0,0.0,147.0,19.0,6.0,0.041237113402061855
4958,1.0,1.0,0.0,0.0,0.0,507.0,13.0,0.0,0.0
4959,3.0,1.0,0.0,0.0,0.0,244.0,13.0,0.0,0.0
4960,9.0,1.0,0.0,0.0,0.0,509.0,13.0,0.0,0.030927835051546393
4961,5.0,1.0,0.0,0.0,0.0,421.0,21.0,0.0,0.041237113402061855
4962,6.0,1.0,0.0,0.0,0.0,102.0,8.0,1.0,0.020618556701030927
4963,9.0,1.0,0.0,0.0,1.0,108.0,12.0,1.0,0.041237113402061855
4964,4.0,1.0,0.0,0.0,1.0,159.0,13.0,1.0,0.010309278350515464
4965,2.0,1.0,0.0,0.0,0.0,179.0,8.0,2.0,0.0
4966,4.0,1.0,0.0,0.0,0.0,250.0,10.0,2.0,0.0
4967,2.0,1.0,0.0,0.0,0.0,113.0,14.0,2.0,0.010309278350515464
4968,2.0,1.0,0.0,0.0,0.0,128.0,16.0,2.0,0.0
4969,2.0,1.0,0.0,0.0,0.0,163.0,17.0,2.0,0.010309278350515464
4970,1.0,1.0,0.0,0.0,0.0,294.0,9.0,3.0,0.0
4971,2.0,1.0,0.0,0.0,0.0,164.0,9.0,3.0,0.0
4972,17.0,1.0,0.0,0.0,0.0,139.0,12.0,3.0,0.08247422680412371
4973,2.0,1.0,0.0,0.0,1.0,120.0,20.0,3.0,0.010309278350515464
4974,5.0,1.0,0.0,0.0,1.0,148.0,22.0,3.0,0.030927835051546393
4975,12.0,1.0,0.0,0.0,0.0,215.0,8.0,4.0,0.010309278350515464
4976,12.0,1.0,0.0,0.0,1.0,102.0,16.0,4.0,0.041237113402061855
4977,20.0,1.0,0.0,0.0,0.0,1342.0,20.0,5.0,0.020618556701030927
4978,19.0,1.0,0.0,0.0,1.0,347.0,22.0,6.0,0.07216494845360824
4979,11.0,1.0,0.0,0.0,0.0,383.0,8.0,1.0,0.010309278350515464
4980,19.0,1.0,0.0,0.0,1.0,103.0,17.0,1.0,0.12371134020618557
4981,3.0,1.0,0.0,0.0,0.0,206.0,13.0,2.0,0.0
4982,5.0,1.0,0.0,0.0,1.0,97.0,19.0,2.0,0.010309278350515464
4983,12.0,1.0,0.0,0.0,0.0,83.0,22.0,2.0,0.020618556701030927
4984,3.0,1.0,0.0,0.0,0.0,183.0,8.0,3.0,0.010309278350515464
4985,2.0,1.0,0.0,0.0,0.0,147.0,10.0,3.0,0.0
4986,4.0,1.0,0.0,0.0,0.0,89.0,12.0,3.0,0.010309278350515464
4987,1.0,1.0,0.0,0.0,0.0,108.0,13.0,3.0,0.0
4988,1.0,1.0,0.0,0.0,0.0,182.0,14.0,3.0,0.0
4989,20.0,1.0,0.0,0.0,0.0,312.0,19.0,3.0,0.061855670103092786
4990,10.0,1.0,0.0,0.0,0.0,132.0,17.0,4.0,0.030927835051546393
4991,5.0,1.0,0.0,0.0,1.0,663.0,9.0,5.0,0.010309278350515464
4992,3.0,1.0,0.0,0.0,0.0,116.0,11.0,5.0,0.020618556701030927
4993,7.0,1.0,0.0,0.0,1.0,152.0,11.0,5.0,0.020618556701030927
4994,7.0,1.0,0.0,0.0,0.0,225.0,18.0,5.0,0.05154639175257732
4995,2.0,1.0,0.0,0.0,0.0,109.0,11.0,6.0,0.010309278350515464
4996,3.0,1.0,0.0,0.0,0.0,108.0,12.0,6.0,0.020618556701030927
4997,15.0,1.0,0.0,0.0,0.0,1056.0,17.0,6.0,0.09278350515463918
4998,1.0,1.0,0.0,0.0,0.0,1219.0,20.0,0.0,0.0
4999,28.0,1.0,0.0,0.0,0.0,1223.0,20.0,0.0,0.1134020618556701
5000,8.0,1.0,0.0,0.0,0.0,1219.0,9.0,2.0,0.020618556701030927
5001,6.0,1.0,0.0,0.0,0.0,109.0,15.0,2.0,0.010309278350515464
5002,10.0,1.0,0.0,0.0,0.0,213.0,9.0,3.0,0.041237113402061855
5003,1.0,1.0,0.0,0.0,0.0,243.0,19.0,4.0,0.0
5004,25.0,1.0,0.0,0.0,0.0,518.0,19.0,4.0,0.030927835051546393
5005,9.0,1.0,0.0,0.0,0.0,171.0,9.0,6.0,0.020618556701030927
5006,2.0,1.0,0.0,0.0,1.0,102.0,21.0,6.0,0.0
5007,10.0,1.0,0.0,1.0,1.0,76.0,22.0,6.0,0.061855670103092786
5008,1.0,1.0,0.0,0.0,0.0,89.0,13.0,0.0,0.0
5009,20.0,1.0,0.0,0.0,0.0,207.0,14.0,0.0,0.13402061855670103
5010,7.0,1.0,0.0,0.0,0.0,128.0,12.0,1.0,0.030927835051546393
5011,6.0,1.0,0.0,0.0,1.0,90.0,15.0,1.0,0.041237113402061855
5012,12.0,1.0,0.0,0.0,1.0,90.0,16.0,1.0,0.041237113402061855
5013,60.0,1.0,0.0,0.0,0.0,146.0,8.0,2.0,0.16494845360824742
5014,10.0,1.0,0.0,0.0,0.0,298.0,20.0,2.0,0.030927835051546393
5015,1.0,1.0,0.0,1.0,0.0,116.0,13.0,3.0,0.0
5016,15.0,1.0,0.0,0.0,0.0,117.0,13.0,3.0,0.05154639175257732
5017,2.0,1.0,0.0,0.0,0.0,153.0,18.0,3.0,0.0
5018,3.0,1.0,0.0,0.0,0.0,170.0,20.0,3.0,0.0
5019,4.0,1.0,0.0,0.0,0.0,298.0,22.0,3.0,0.030927835051546393
5020,13.0,1.0,0.0,0.0,0.0,166.0,10.0,4.0,0.041237113402061855
5021,3.0,1.0,0.0,0.0,0.0,197.0,11.0,4.0,0.020618556701030927
5022,3.0,1.0,0.0,0.0,0.0,306.0,13.0,4.0,0.0
5023,3.0,1.0,0.0,0.0,0.0,181.0,13.0,4.0,0.0
5024,1.0,1.0,0.0,0.0,0.0,381.0,14.0,4.0,0.0
5025,13.0,1.0,0.0,0.0,0.0,104.0,14.0,4.0,0.05154639175257732
5026,5.0,1.0,0.0,0.0,0.0,148.0,16.0,4.0,0.020618556701030927
5027,3.0,1.0,0.0,0.0,0.0,310.0,19.0,4.0,0.010309278350515464
5028,3.0,1.0,0.0,0.0,1.0,191.0,20.0,4.0,0.0
5029,2.0,1.0,0.0,0.0,0.0,116.0,20.0,4.0,0.0
5030,6.0,1.0,0.0,0.0,0.0,88.0,21.0,4.0,0.020618556701030927
5031,16.0,1.0,0.0,0.0,0.0,140.0,9.0,5.0,0.041237113402061855
5032,4.0,1.0,0.0,0.0,0.0,85.0,20.0,5.0,0.020618556701030927
5033,10.0,1.0,0.0,0.0,0.0,170.0,20.0,6.0,0.05154639175257732
5034,16.0,1.0,0.0,0.0,0.0,689.0,17.0,0.0,0.030927835051546393
5035,12.0,1.0,0.0,0.0,0.0,666.0,19.0,0.0,0.07216494845360824
5036,6.0,1.0,0.0,0.0,0.0,124.0,7.0,1.0,0.010309278350515464
5037,4.0,1.0,0.0,0.0,0.0,565.0,14.0,1.0,0.020618556701030927
5038,1.0,1.0,0.0,0.0,0.0,146.0,20.0,1.0,0.0
5039,11.0,1.0,0.0,1.0,0.0,85.0,20.0,1.0,0.07216494845360824
5040,5.0,1.0,0.0,0.0,0.0,110.0,17.0,2.0,0.030927835051546393
5041,9.0,1.0,0.0,0.0,0.0,337.0,12.0,3.0,0.020618556701030927
5042,7.0,1.0,0.0,0.0,1.0,148.0,20.0,3.0,0.020618556701030927
5043,2.0,1.0,0.0,0.0,1.0,221.0,22.0,3.0,0.010309278350515464
5044,1.0,1.0,0.0,0.0,1.0,185.0,8.0,4.0,0.0
5045,2.0,1.0,0.0,0.0,1.0,143.0,8.0,4.0,0.0
5046,1.0,1.0,0.0,0.0,1.0,185.0,8.0,4.0,0.0
5047,3.0,1.0,0.0,0.0,1.0,143.0,8.0,4.0,0.0
5048,18.0,1.0,0.0,0.0,0.0,109.0,8.0,4.0,0.09278350515463918
5049,6.0,1.0,0.0,0.0,0.0,159.0,14.0,4.0,0.041237113402061855
5050,6.0,1.0,0.0,0.0,0.0,91.0,16.0,4.0,0.030927835051546393
5051,3.0,1.0,0.0,0.0,0.0,130.0,17.0,4.0,0.010309278350515464
5052,20.0,1.0,0.0,0.0,0.0,294.0,18.0,4.0,0.14432989690721648
5053,10.0,1.0,0.0,0.0,0.0,477.0,21.0,4.0,0.05154639175257732
5054,14.0,1.0,0.0,0.0,0.0,144.0,22.0,4.0,0.07216494845360824
5055,37.0,1.0,0.0,0.0,1.0,274.0,9.0,5.0,0.1134020618556701
5056,39.0,1.0,0.0,0.0,0.0,276.0,11.0,5.0,0.14432989690721648
5057,12.0,1.0,0.0,0.0,0.0,626.0,21.0,5.0,0.08247422680412371
5058,13.0,1.0,0.0,1.0,1.0,151.0,22.0,6.0,0.07216494845360824
5059,7.0,1.0,0.0,0.0,0.0,181.0,12.0,0.0,0.020618556701030927
5060,35.0,1.0,0.0,1.0,0.0,147.0,15.0,0.0,0.1958762886597938
5061,5.0,1.0,0.0,0.0,0.0,95.0,11.0,2.0,0.030927835051546393
5062,2.0,1.0,0.0,0.0,0.0,118.0,13.0,2.0,0.0
5063,3.0,1.0,0.0,0.0,0.0,170.0,14.0,2.0,0.0
5064,3.0,1.0,0.0,0.0,0.0,267.0,18.0,2.0,0.0
5065,10.0,1.0,0.0,1.0,1.0,285.0,19.0,2.0,0.07216494845360824
5066,4.0,1.0,0.0,0.0,0.0,170.0,11.0,3.0,0.010309278350515464
5067,12.0,1.0,0.0,0.0,0.0,84.0,12.0,3.0,0.041237113402061855
5068,4.0,1.0,0.0,0.0,0.0,263.0,18.0,3.0,0.030927835051546393
5069,5.0,1.0,0.0,0.0,0.0,178.0,9.0,4.0,0.030927835051546393
5070,3.0,1.0,0.0,0.0,1.0,107.0,17.0,4.0,0.020618556701030927
5071,1.0,1.0,0.0,0.0,0.0,293.0,20.0,4.0,0.0
5072,1.0,1.0,0.0,0.0,0.0,192.0,20.0,4.0,0.0
5073,7.0,1.0,0.0,0.0,0.0,185.0,20.0,4.0,0.05154639175257732
5074,5.0,1.0,0.0,0.0,1.0,128.0,6.0,5.0,0.030927835051546393
5075,25.0,1.0,0.0,0.0,1.0,143.0,11.0,5.0,0.10309278350515463
5076,1.0,1.0,0.0,0.0,1.0,860.0,19.0,6.0,0.0
5077,4.0,1.0,0.0,0.0,1.0,835.0,20.0,6.0,0.0
5078,2.0,1.0,0.0,0.0,0.0,110.0,22.0,6.0,0.010309278350515464
5079,9.0,1.0,0.0,0.0,0.0,128.0,10.0,0.0,0.05154639175257732
5080,6.0,1.0,0.0,0.0,1.0,115.0,13.0,0.0,0.030927835051546393
5081,1.0,1.0,0.0,0.0,0.0,93.0,14.0,0.0,0.0
5082,25.0,1.0,0.0,1.0,0.0,109.0,14.0,0.0,0.1134020618556701
5083,3.0,1.0,0.0,0.0,1.0,503.0,14.0,1.0,0.010309278350515464
5084,23.0,1.0,0.0,0.0,0.0,175.0,15.0,1.0,0.08247422680412371
5085,2.0,1.0,0.0,0.0,0.0,488.0,12.0,2.0,0.0
5086,31.0,1.0,0.0,0.0,0.0,84.0,12.0,2.0,0.16494845360824742
5087,3.0,1.0,0.0,0.0,0.0,345.0,20.0,2.0,0.010309278350515464
5088,7.0,1.0,0.0,0.0,0.0,488.0,21.0,2.0,0.041237113402061855
5089,22.0,1.0,0.0,0.0,0.0,543.0,9.0,3.0,0.061855670103092786
5090,89.0,1.0,0.0,0.0,0.0,89.0,13.0,3.0,0.27835051546391754
5091,82.0,1.0,0.0,0.0,0.0,155.0,18.0,4.0,0.2268041237113402
5092,2.0,1.0,0.0,0.0,0.0,204.0,20.0,5.0,0.010309278350515464
5093,15.0,1.0,0.0,0.0,0.0,169.0,21.0,5.0,0.030927835051546393
5094,23.0,1.0,0.0,0.0,0.0,379.0,10.0,6.0,0.1134020618556701
5095,32.0,1.0,0.0,0.0,0.0,162.0,21.0,6.0,0.1958762886597938
5096,14.0,1.0,0.0,0.0,0.0,197.0,17.0,0.0,0.1134020618556701
5097,8.0,1.0,0.0,0.0,0.0,105.0,10.0,1.0,0.041237113402061855
5098,45.0,1.0,0.0,0.0,0.0,252.0,14.0,1.0,0.17525773195876287
5099,30.0,1.0,0.0,0.0,0.0,116.0,21.0,1.0,0.14432989690721648
5100,1.0,1.0,0.0,0.0,0.0,106.0,22.0,2.0,0.0
5101,2.0,1.0,0.0,0.0,0.0,114.0,6.0,3.0,0.0
5102,2.0,1.0,0.0,0.0,0.0,111.0,8.0,3.0,0.010309278350515464
5103,1.0,1.0,0.0,0.0,0.0,107.0,9.0,3.0,0.0
5104,5.0,1.0,0.0,0.0,0.0,85.0,10.0,3.0,0.020618556701030927
5105,22.0,1.0,0.0,0.0,0.0,86.0,11.0,3.0,0.07216494845360824
5106,11.0,1.0,0.0,1.0,0.0,200.0,20.0,3.0,0.041237113402061855
5107,5.0,1.0,0.0,0.0,0.0,98.0,10.0,4.0,0.0
5108,6.0,1.0,0.0,0.0,0.0,129.0,11.0,4.0,0.020618556701030927
5109,7.0,1.0,0.0,0.0,0.0,126.0,15.0,4.0,0.05154639175257732
5110,3.0,1.0,0.0,0.0,0.0,111.0,18.0,4.0,0.010309278350515464
5111,1.0,1.0,0.0,0.0,1.0,103.0,18.0,4.0,0.0
5112,10.0,1.0,0.0,0.0,0.0,236.0,18.0,4.0,0.020618556701030927
5113,2.0,1.0,0.0,0.0,0.0,287.0,22.0,4.0,0.010309278350515464
5114,8.0,1.0,0.0,0.0,1.0,249.0,22.0,4.0,0.05154639175257732
5115,7.0,1.0,0.0,0.0,0.0,98.0,8.0,5.0,0.020618556701030927
5116,3.0,1.0,0.0,0.0,0.0,89.0,10.0,5.0,0.020618556701030927
5117,6.0,1.0,0.0,0.0,0.0,86.0,13.0,5.0,0.030927835051546393
5118,2.0,1.0,0.0,0.0,0.0,106.0,18.0,6.0,0.010309278350515464
5119,3.0,1.0,0.0,0.0,0.0,90.0,19.0,6.0,0.0
5120,1.0,1.0,0.0,0.0,0.0,103.0,20.0,6.0,0.0
5121,1.0,1.0,0.0,0.0,0.0,91.0,20.0,6.0,0.0
5122,9.0,1.0,0.0,0.0,0.0,98.0,20.0,6.0,0.010309278350515464
5123,3.0,1.0,0.0,0.0,0.0,374.0,22.0,6.0,0.0
5124,3.0,1.0,0.0,0.0,1.0,270.0,22.0,6.0,0.0
5125,1.0,1.0,0.0,0.0,1.0,101.0,6.0,0.0,0.0
5126,2.0,1.0,0.0,1.0,0.0,86.0,7.0,0.0,0.010309278350515464
5127,9.0,1.0,0.0,0.0,1.0,858.0,9.0,0.0,0.061855670103092786
5128,3.0,1.0,0.0,0.0,0.0,117.0,17.0,0.0,0.0
5129,1.0,1.0,0.0,0.0,0.0,103.0,20.0,0.0,0.0
5130,7.0,1.0,0.0,0.0,0.0,106.0,22.0,0.0,0.05154639175257732
5131,22.0,1.0,0.0,0.0,1.0,292.0,12.0,1.0,0.041237113402061855
5132,36.0,1.0,0.0,0.0,0.0,776.0,22.0,1.0,0.16494845360824742
5133,1.0,1.0,0.0,0.0,0.0,178.0,20.0,3.0,0.0
5134,3.0,1.0,0.0,0.0,0.0,242.0,21.0,3.0,0.010309278350515464
5135,8.0,1.0,0.0,0.0,0.0,134.0,23.0,3.0,0.020618556701030927
5136,3.0,1.0,0.0,0.0,0.0,572.0,8.0,4.0,0.010309278350515464
5137,1.0,1.0,0.0,0.0,0.0,150.0,8.0,4.0,0.0
5138,5.0,1.0,0.0,0.0,0.0,134.0,8.0,4.0,0.0
5139,12.0,1.0,0.0,0.0,1.0,307.0,8.0,4.0,0.010309278350515464
5140,38.0,1.0,0.0,0.0,0.0,261.0,11.0,4.0,0.09278350515463918
5141,35.0,1.0,0.0,0.0,0.0,104.0,13.0,4.0,0.09278350515463918
5142,1.0,1.0,0.0,0.0,0.0,309.0,19.0,4.0,0.0
5143,16.0,1.0,0.0,0.0,1.0,190.0,22.0,4.0,0.09278350515463918
5144,1.0,1.0,0.0,0.0,0.0,155.0,20.0,5.0,0.0
5145,4.0,1.0,0.0,0.0,0.0,352.0,20.0,5.0,0.020618556701030927
5146,6.0,1.0,0.0,0.0,0.0,339.0,23.0,5.0,0.020618556701030927
5147,16.0,1.0,0.0,0.0,0.0,339.0,21.0,6.0,0.061855670103092786
5148,47.0,1.0,0.0,0.0,0.0,159.0,14.0,0.0,0.14432989690721648
5149,7.0,1.0,0.0,0.0,0.0,176.0,13.0,1.0,0.041237113402061855
5150,2.0,1.0,0.0,0.0,0.0,455.0,16.0,1.0,0.0
5151,41.0,1.0,0.0,0.0,0.0,116.0,17.0,1.0,0.32989690721649484
5152,12.0,1.0,0.0,0.0,0.0,116.0,10.0,2.0,0.07216494845360824
5153,3.0,1.0,0.0,0.0,0.0,330.0,13.0,3.0,0.020618556701030927
5154,6.0,1.0,0.0,0.0,0.0,130.0,20.0,3.0,0.05154639175257732
5155,5.0,1.0,0.0,0.0,0.0,300.0,0.0,4.0,0.020618556701030927
5156,2.0,1.0,0.0,0.0,0.0,2248.0,16.0,4.0,0.010309278350515464
5157,1.0,3.0,0.0,0.0,0.0,23.0,12.0,0.0,0.0
5158,16.0,3.0,0.0,0.0,0.0,90.0,12.0,0.0,0.13333333333333333
5159,46.0,3.0,0.0,0.0,0.0,93.0,19.0,1.0,0.3333333333333333
5160,10.0,3.0,0.0,0.0,0.0,88.0,17.0,0.0,0.2
5161,75.0,3.0,0.0,0.0,1.0,114.0,11.0,6.0,0.4666666666666667
5162,13.0,3.0,0.0,0.0,0.0,90.0,16.0,0.0,0.3333333333333333
5163,52.0,3.0,0.0,0.0,1.0,132.0,11.0,1.0,0.5333333333333333
5164,62.0,3.0,0.0,0.0,0.0,333.0,21.0,1.0,0.7333333333333333
5165,30.0,3.0,0.0,0.0,0.0,249.0,16.0,3.0,0.7333333333333333
5166,46.0,3.0,0.0,0.0,0.0,119.0,20.0,0.0,0.8666666666666667
5167,29.0,3.0,0.0,0.0,1.0,87.0,21.0,3.0,0.6666666666666666
5168,1.0,3.0,0.0,0.0,0.0,114.0,16.0,6.0,0.0
5169,40.0,3.0,0.0,0.0,0.0,2.0,16.0,6.0,0.4444444444444444
5170,3.0,3.0,0.0,0.0,1.0,197.0,14.0,2.0,0.05555555555555555
5171,9.0,3.0,0.0,0.0,0.0,121.0,18.0,2.0,0.2222222222222222
5172,1.0,3.0,0.0,0.0,1.0,130.0,22.0,2.0,0.0
5173,18.0,3.0,0.0,0.0,0.0,141.0,18.0,3.0,0.2777777777777778
5174,11.0,3.0,0.0,0.0,1.0,83.0,19.0,2.0,0.2222222222222222
5175,42.0,3.0,0.0,0.0,1.0,117.0,12.0,1.0,0.5
5176,13.0,3.0,0.0,0.0,1.0,159.0,17.0,0.0,0.1111111111111111
5177,30.0,3.0,0.0,0.0,0.0,89.0,6.0,4.0,0.5
5178,16.0,3.0,0.0,0.0,0.0,141.0,22.0,3.0,0.2777777777777778
5179,50.0,3.0,0.0,0.0,1.0,114.0,19.0,2.0,0.6111111111111112
5180,1.0,3.0,0.0,0.0,0.0,142.0,21.0,1.0,0.0
5181,57.0,3.0,0.0,0.0,0.0,133.0,21.0,1.0,0.7777777777777778
5182,4.0,3.0,0.0,0.0,0.0,153.0,19.0,3.0,0.05555555555555555
5183,2.0,3.0,0.0,0.0,0.0,138.0,19.0,3.0,0.0
5184,12.0,3.0,0.0,0.0,0.0,92.0,19.0,3.0,0.3333333333333333
5185,9.0,3.0,0.0,0.0,1.0,90.0,20.0,4.0,0.1111111111111111
5186,4.0,3.0,0.0,0.0,0.0,84.0,16.0,5.0,0.1111111111111111
5187,23.0,3.0,0.0,0.0,0.0,98.0,17.0,1.0,0.5555555555555556
5188,11.0,3.0,0.0,0.0,0.0,90.0,18.0,2.0,0.2777777777777778
5189,2.0,3.0,0.0,0.0,0.0,90.0,22.0,2.0,0.05555555555555555
5190,10.0,3.0,0.0,0.0,0.0,87.0,22.0,2.0,0.1111111111111111
5191,3.0,3.0,0.0,0.0,0.0,150.0,12.0,3.0,0.05555555555555555
5192,4.0,3.0,0.0,0.0,0.0,85.0,16.0,3.0,0.05555555555555555
5193,46.0,3.0,0.0,0.0,0.0,126.0,21.0,3.0,0.7222222222222222
5194,2.0,3.0,0.0,0.0,0.0,101.0,12.0,2.0,0.05555555555555555
5195,7.0,3.0,0.0,0.0,0.0,84.0,12.0,2.0,0.2777777777777778
5196,49.0,3.0,0.0,0.0,1.0,233.0,21.0,2.0,0.6666666666666666
5197,4.0,3.0,0.0,0.0,1.0,260.0,13.0,4.0,0.1111111111111111
5198,4.0,3.0,0.0,0.0,1.0,83.0,14.0,6.0,0.1111111111111111
5199,36.0,3.0,0.0,0.0,0.0,110.0,20.0,2.0,0.7777777777777778
5200,97.0,3.0,0.0,0.0,0.0,337.0,23.0,3.0,0.7777777777777778
5201,3.0,3.0,0.0,0.0,0.0,99.0,8.0,3.0,0.0
5202,11.0,3.0,0.0,0.0,0.0,153.0,9.0,3.0,0.2222222222222222
5203,25.0,3.0,0.0,0.0,0.0,181.0,15.0,4.0,0.5555555555555556
5204,5.0,3.0,0.0,0.0,1.0,121.0,15.0,3.0,0.05555555555555555
5205,2.0,2.0,0.0,0.0,1.0,29.0,13.0,1.0,0.0
5206,11.0,2.0,0.0,0.0,1.0,208.0,13.0,1.0,0.08196721311475409
5207,8.0,2.0,0.0,1.0,0.0,106.0,11.0,3.0,0.04918032786885246
5208,2.0,2.0,0.0,0.0,0.0,636.0,9.0,1.0,0.01639344262295082
5209,4.0,2.0,0.0,0.0,0.0,286.0,5.0,2.0,0.03278688524590164
5210,5.0,2.0,0.0,0.0,0.0,91.0,11.0,2.0,0.01639344262295082
5211,3.0,2.0,0.0,0.0,0.0,91.0,11.0,2.0,0.03278688524590164
5212,7.0,2.0,0.0,0.0,1.0,155.0,11.0,2.0,0.06557377049180328
5213,1.0,2.0,0.0,0.0,1.0,197.0,12.0,2.0,0.0
5214,1.0,2.0,0.0,0.0,0.0,230.0,12.0,2.0,0.0
5215,18.0,2.0,0.0,0.0,0.0,146.0,12.0,2.0,0.11475409836065574
5216,8.0,2.0,0.0,0.0,0.0,88.0,2.0,1.0,0.06557377049180328
5217,7.0,2.0,0.0,0.0,0.0,150.0,3.0,1.0,0.08196721311475409
5218,1.0,2.0,0.0,1.0,0.0,128.0,4.0,1.0,0.0
5219,3.0,2.0,0.0,0.0,0.0,87.0,5.0,1.0,0.03278688524590164
5220,1.0,2.0,0.0,0.0,0.0,115.0,5.0,1.0,0.0
5221,8.0,2.0,0.0,0.0,0.0,88.0,6.0,1.0,0.04918032786885246
5222,9.0,2.0,0.0,0.0,0.0,102.0,8.0,1.0,0.13114754098360656
5223,8.0,2.0,0.0,0.0,0.0,107.0,10.0,1.0,0.06557377049180328
5224,1.0,2.0,0.0,0.0,1.0,115.0,21.0,2.0,0.0
5225,14.0,2.0,0.0,0.0,0.0,207.0,2.0,2.0,0.16393442622950818
5226,11.0,2.0,0.0,0.0,1.0,123.0,1.0,0.0,0.13114754098360656
5227,20.0,2.0,0.0,0.0,1.0,153.0,18.0,0.0,0.19672131147540983
5228,1.0,2.0,0.0,0.0,0.0,332.0,11.0,4.0,0.0
5229,20.0,2.0,0.0,0.0,0.0,109.0,11.0,4.0,0.11475409836065574
5230,13.0,2.0,0.0,0.0,1.0,333.0,8.0,4.0,0.08196721311475409
5231,22.0,2.0,0.0,0.0,0.0,123.0,9.0,4.0,0.04918032786885246
5232,4.0,2.0,0.0,0.0,0.0,209.0,9.0,4.0,0.01639344262295082
5233,27.0,2.0,0.0,0.0,1.0,91.0,9.0,4.0,0.21311475409836064
5234,1.0,2.0,0.0,0.0,1.0,469.0,11.0,1.0,0.0
5235,1.0,2.0,0.0,0.0,1.0,161.0,11.0,1.0,0.0
5236,3.0,2.0,0.0,0.0,0.0,403.0,1.0,2.0,0.03278688524590164
5237,46.0,2.0,0.0,0.0,0.0,98.0,2.0,1.0,0.21311475409836064
5238,4.0,2.0,0.0,0.0,0.0,168.0,7.0,1.0,0.01639344262295082
5239,39.0,2.0,0.0,0.0,0.0,100.0,10.0,1.0,0.22950819672131148
5240,1.0,2.0,0.0,0.0,1.0,187.0,3.0,3.0,0.0
5241,56.0,2.0,0.0,0.0,0.0,132.0,3.0,3.0,0.2459016393442623
5242,15.0,2.0,0.0,0.0,0.0,109.0,5.0,5.0,0.14754098360655737
5243,13.0,2.0,0.0,0.0,0.0,91.0,7.0,5.0,0.13114754098360656
5244,28.0,2.0,0.0,0.0,0.0,89.0,0.0,0.0,0.18032786885245902
5245,7.0,2.0,0.0,0.0,1.0,89.0,7.0,0.0,0.08196721311475409
5246,7.0,2.0,0.0,0.0,0.0,106.0,8.0,0.0,0.08196721311475409
5247,2.0,2.0,0.0,0.0,1.0,164.0,8.0,0.0,0.01639344262295082
5248,1.0,2.0,0.0,0.0,0.0,96.0,9.0,0.0,0.0
5249,20.0,2.0,0.0,1.0,0.0,97.0,9.0,0.0,0.13114754098360656
5250,25.0,2.0,0.0,0.0,0.0,120.0,1.0,1.0,0.18032786885245902
5251,5.0,2.0,0.0,0.0,0.0,117.0,8.0,1.0,0.03278688524590164
5252,13.0,2.0,0.0,0.0,0.0,84.0,8.0,1.0,0.04918032786885246
5253,7.0,2.0,0.0,0.0,0.0,83.0,8.0,1.0,0.04918032786885246
5254,6.0,2.0,0.0,0.0,1.0,162.0,9.0,1.0,0.08196721311475409
5255,4.0,2.0,0.0,0.0,0.0,237.0,9.0,1.0,0.04918032786885246
5256,14.0,2.0,0.0,0.0,0.0,104.0,10.0,1.0,0.11475409836065574
5257,10.0,2.0,0.0,0.0,0.0,121.0,3.0,2.0,0.03278688524590164
5258,3.0,2.0,0.0,0.0,0.0,276.0,5.0,2.0,0.01639344262295082
5259,8.0,2.0,0.0,0.0,0.0,137.0,7.0,2.0,0.08196721311475409
5260,19.0,2.0,0.0,0.0,0.0,119.0,8.0,2.0,0.16393442622950818
5261,6.0,2.0,0.0,0.0,0.0,227.0,21.0,3.0,0.06557377049180328
5262,29.0,2.0,0.0,0.0,1.0,205.0,11.0,4.0,0.18032786885245902
5263,6.0,2.0,0.0,0.0,0.0,104.0,4.0,4.0,0.04918032786885246
5264,6.0,2.0,0.0,0.0,0.0,120.0,6.0,3.0,0.06557377049180328
5265,1.0,2.0,0.0,0.0,0.0,209.0,8.0,3.0,0.0
5266,31.0,2.0,0.0,0.0,1.0,106.0,9.0,3.0,0.18032786885245902
5267,4.0,2.0,0.0,0.0,0.0,130.0,10.0,6.0,0.01639344262295082
5268,1.0,2.0,0.0,0.0,0.0,92.0,10.0,6.0,0.0
5269,4.0,2.0,0.0,0.0,0.0,430.0,11.0,6.0,0.03278688524590164
5270,3.0,2.0,0.0,0.0,0.0,99.0,11.0,6.0,0.03278688524590164
5271,6.0,2.0,0.0,0.0,1.0,129.0,12.0,6.0,0.04918032786885246
5272,1.0,2.0,0.0,0.0,0.0,91.0,1.0,0.0,0.0
5273,2.0,2.0,0.0,0.0,0.0,101.0,1.0,0.0,0.01639344262295082
5274,4.0,2.0,0.0,0.0,1.0,96.0,3.0,0.0,0.04918032786885246
5275,4.0,2.0,0.0,0.0,0.0,172.0,7.0,0.0,0.03278688524590164
5276,12.0,2.0,0.0,0.0,1.0,192.0,7.0,0.0,0.06557377049180328
5277,3.0,2.0,0.0,0.0,0.0,84.0,2.0,2.0,0.03278688524590164
5278,1.0,2.0,0.0,0.0,0.0,147.0,22.0,2.0,0.0
5279,31.0,2.0,0.0,0.0,0.0,112.0,22.0,2.0,0.2459016393442623
5280,11.0,2.0,0.0,0.0,0.0,137.0,5.0,0.0,0.11475409836065574
5281,28.0,2.0,0.0,0.0,0.0,259.0,9.0,0.0,0.21311475409836064
5282,5.0,1.0,0.0,0.0,1.0,3.0,7.0,2.0,0.043010752688172046
5283,22.0,1.0,0.0,0.0,0.0,421.0,14.0,2.0,0.11827956989247312
5284,2.0,1.0,0.0,0.0,0.0,105.0,20.0,3.0,0.010752688172043012
5285,6.0,1.0,0.0,0.0,1.0,119.0,21.0,3.0,0.021505376344086023
5286,5.0,1.0,0.0,0.0,0.0,129.0,9.0,4.0,0.03225806451612903
5287,2.0,1.0,0.0,1.0,0.0,112.0,15.0,4.0,0.010752688172043012
5288,15.0,1.0,0.0,0.0,0.0,129.0,19.0,4.0,0.07526881720430108
5289,26.0,1.0,0.0,0.0,0.0,299.0,8.0,6.0,0.10752688172043011
5290,3.0,1.0,0.0,0.0,0.0,83.0,23.0,6.0,0.0
5291,16.0,1.0,0.0,0.0,0.0,224.0,6.0,0.0,0.0967741935483871
5292,1.0,1.0,0.0,0.0,1.0,367.0,23.0,0.0,0.0
5293,15.0,1.0,0.0,0.0,1.0,150.0,6.0,1.0,0.08602150537634409
5294,1.0,1.0,0.0,0.0,0.0,135.0,20.0,2.0,0.0
5295,2.0,1.0,0.0,0.0,0.0,282.0,21.0,2.0,0.010752688172043012
5296,1.0,1.0,0.0,0.0,1.0,306.0,0.0,3.0,0.0
5297,23.0,1.0,0.0,0.0,1.0,96.0,6.0,3.0,0.0967741935483871
5298,27.0,1.0,0.0,0.0,0.0,93.0,20.0,3.0,0.11827956989247312
5299,3.0,1.0,0.0,0.0,1.0,975.0,11.0,5.0,0.021505376344086023
5300,60.0,1.0,0.0,0.0,1.0,227.0,14.0,5.0,0.1827956989247312
5301,2.0,1.0,0.0,0.0,1.0,82.0,15.0,1.0,0.010752688172043012
5302,3.0,1.0,0.0,0.0,0.0,251.0,18.0,1.0,0.010752688172043012
5303,17.0,1.0,0.0,0.0,0.0,138.0,21.0,1.0,0.10752688172043011
5304,17.0,1.0,0.0,0.0,0.0,510.0,20.0,2.0,0.10752688172043011
5305,7.0,1.0,0.0,0.0,0.0,398.0,13.0,3.0,0.03225806451612903
5306,2.0,1.0,0.0,0.0,0.0,132.0,16.0,3.0,0.0
5307,18.0,1.0,0.0,0.0,0.0,89.0,22.0,3.0,0.11827956989247312
5308,6.0,1.0,0.0,0.0,0.0,198.0,22.0,4.0,0.03225806451612903
5309,16.0,1.0,0.0,0.0,0.0,105.0,11.0,5.0,0.0967741935483871
5310,24.0,1.0,0.0,0.0,1.0,225.0,10.0,0.0,0.043010752688172046
5311,8.0,1.0,0.0,0.0,0.0,233.0,21.0,0.0,0.043010752688172046
5312,7.0,1.0,0.0,0.0,1.0,235.0,17.0,1.0,0.021505376344086023
5313,2.0,1.0,0.0,0.0,1.0,155.0,19.0,1.0,0.010752688172043012
5314,15.0,1.0,0.0,0.0,0.0,164.0,6.0,2.0,0.07526881720430108
5315,1.0,1.0,0.0,0.0,0.0,86.0,19.0,2.0,0.0
5316,1.0,1.0,0.0,0.0,0.0,86.0,20.0,2.0,0.0
5317,9.0,1.0,0.0,0.0,1.0,828.0,8.0,3.0,0.053763440860215055
5318,6.0,1.0,0.0,0.0,1.0,148.0,22.0,3.0,0.03225806451612903
5319,17.0,1.0,0.0,0.0,0.0,328.0,10.0,4.0,0.053763440860215055
5320,25.0,1.0,0.0,0.0,0.0,356.0,11.0,5.0,0.08602150537634409
5321,9.0,1.0,0.0,0.0,0.0,120.0,20.0,6.0,0.043010752688172046
5322,12.0,1.0,0.0,0.0,0.0,550.0,0.0,0.0,0.06451612903225806
5323,29.0,1.0,0.0,0.0,0.0,243.0,18.0,0.0,0.15053763440860216
5324,46.0,1.0,0.0,0.0,0.0,141.0,15.0,2.0,0.13978494623655913
5325,32.0,1.0,0.0,0.0,0.0,265.0,22.0,4.0,0.08602150537634409
5326,5.0,1.0,0.0,0.0,1.0,152.0,11.0,5.0,0.03225806451612903
5327,1.0,1.0,0.0,0.0,0.0,222.0,14.0,5.0,0.0
5328,5.0,1.0,0.0,0.0,1.0,100.0,15.0,5.0,0.021505376344086023
5329,1.0,1.0,0.0,0.0,0.0,163.0,20.0,5.0,0.0
5330,4.0,1.0,0.0,0.0,0.0,483.0,22.0,5.0,0.021505376344086023
5331,10.0,1.0,0.0,0.0,0.0,91.0,10.0,6.0,0.06451612903225806
5332,1.0,1.0,0.0,0.0,1.0,152.0,16.0,6.0,0.0
5333,8.0,1.0,0.0,0.0,0.0,86.0,18.0,6.0,0.053763440860215055
5334,3.0,1.0,0.0,0.0,0.0,222.0,11.0,0.0,0.0
5335,7.0,1.0,0.0,0.0,0.0,222.0,11.0,0.0,0.021505376344086023
5336,6.0,1.0,0.0,0.0,0.0,1219.0,20.0,0.0,0.03225806451612903
5337,15.0,1.0,0.0,0.0,0.0,396.0,21.0,0.0,0.10752688172043011
5338,1.0,1.0,0.0,0.0,1.0,116.0,20.0,2.0,0.0
5339,16.0,1.0,0.0,0.0,0.0,107.0,21.0,2.0,0.08602150537634409
5340,8.0,1.0,0.0,0.0,0.0,147.0,21.0,3.0,0.010752688172043012
5341,49.0,1.0,0.0,0.0,1.0,316.0,7.0,4.0,0.15053763440860216
5342,14.0,1.0,0.0,0.0,0.0,187.0,8.0,6.0,0.021505376344086023
5343,8.0,1.0,0.0,0.0,0.0,216.0,18.0,6.0,0.06451612903225806
5344,3.0,1.0,0.0,0.0,0.0,154.0,20.0,6.0,0.021505376344086023
5345,8.0,1.0,0.0,0.0,0.0,154.0,23.0,6.0,0.07526881720430108
5346,3.0,1.0,0.0,0.0,0.0,273.0,17.0,0.0,0.021505376344086023
5347,50.0,1.0,0.0,0.0,0.0,84.0,19.0,0.0,0.22580645161290322
5348,39.0,1.0,0.0,0.0,0.0,192.0,9.0,2.0,0.17204301075268819
5349,1.0,1.0,0.0,0.0,0.0,366.0,9.0,3.0,0.0
5350,50.0,1.0,0.0,0.0,0.0,305.0,12.0,3.0,0.13978494623655913
5351,2.0,1.0,0.0,0.0,0.0,83.0,21.0,5.0,0.0
5352,11.0,1.0,0.0,0.0,0.0,283.0,7.0,6.0,0.0967741935483871
5353,61.0,1.0,0.0,0.0,0.0,134.0,8.0,0.0,0.16129032258064516
5354,14.0,1.0,0.0,0.0,0.0,118.0,8.0,1.0,0.08602150537634409
5355,4.0,1.0,0.0,1.0,0.0,103.0,16.0,2.0,0.021505376344086023
5356,3.0,1.0,0.0,0.0,0.0,216.0,7.0,3.0,0.010752688172043012
5357,1.0,1.0,0.0,0.0,0.0,90.0,9.0,3.0,0.0
5358,10.0,1.0,0.0,0.0,1.0,339.0,9.0,3.0,0.06451612903225806
5359,11.0,1.0,0.0,0.0,0.0,103.0,7.0,4.0,0.021505376344086023
5360,2.0,1.0,0.0,0.0,0.0,514.0,14.0,4.0,0.010752688172043012
5361,8.0,1.0,0.0,0.0,0.0,104.0,16.0,4.0,0.021505376344086023
5362,2.0,1.0,0.0,0.0,0.0,294.0,18.0,4.0,0.010752688172043012
5363,21.0,1.0,0.0,0.0,0.0,294.0,18.0,4.0,0.043010752688172046
5364,3.0,1.0,0.0,0.0,0.0,149.0,20.0,4.0,0.010752688172043012
5365,66.0,1.0,0.0,0.0,0.0,248.0,22.0,4.0,0.17204301075268819
5366,21.0,1.0,0.0,0.0,0.0,91.0,13.0,5.0,0.07526881720430108
5367,27.0,1.0,0.0,1.0,1.0,386.0,19.0,5.0,0.1827956989247312
5368,19.0,1.0,0.0,0.0,1.0,131.0,21.0,6.0,0.12903225806451613
5369,7.0,1.0,0.0,0.0,0.0,342.0,13.0,0.0,0.053763440860215055
5370,2.0,1.0,0.0,0.0,0.0,194.0,22.0,0.0,0.010752688172043012
5371,13.0,1.0,0.0,0.0,0.0,144.0,23.0,0.0,0.10752688172043011
5372,1.0,1.0,0.0,0.0,0.0,163.0,10.0,1.0,0.0
5373,4.0,1.0,0.0,0.0,1.0,132.0,10.0,1.0,0.03225806451612903
5374,4.0,1.0,0.0,1.0,0.0,247.0,16.0,1.0,0.010752688172043012
5375,9.0,1.0,0.0,0.0,0.0,87.0,8.0,2.0,0.043010752688172046
5376,35.0,1.0,0.0,0.0,0.0,95.0,11.0,2.0,0.0967741935483871
5377,5.0,1.0,0.0,0.0,0.0,627.0,8.0,4.0,0.043010752688172046
5378,32.0,1.0,0.0,0.0,1.0,159.0,11.0,4.0,0.0967741935483871
5379,1.0,1.0,0.0,0.0,0.0,156.0,22.0,4.0,0.0
5380,7.0,1.0,0.0,0.0,1.0,104.0,22.0,4.0,0.03225806451612903
5381,14.0,1.0,0.0,0.0,1.0,128.0,6.0,5.0,0.06451612903225806
5382,9.0,1.0,0.0,0.0,0.0,87.0,12.0,5.0,0.03225806451612903
5383,18.0,1.0,0.0,0.0,0.0,165.0,20.0,5.0,0.053763440860215055
5384,3.0,1.0,0.0,0.0,0.0,110.0,22.0,6.0,0.010752688172043012
5385,25.0,1.0,0.0,1.0,0.0,97.0,23.0,6.0,0.10752688172043011
5386,7.0,1.0,0.0,0.0,0.0,358.0,15.0,0.0,0.053763440860215055
5387,23.0,1.0,0.0,0.0,0.0,104.0,17.0,0.0,0.053763440860215055
5388,1.0,1.0,0.0,0.0,1.0,182.0,9.0,1.0,0.0
5389,28.0,1.0,0.0,0.0,1.0,182.0,10.0,1.0,0.08602150537634409
5390,2.0,1.0,0.0,0.0,1.0,286.0,19.0,1.0,0.010752688172043012
5391,9.0,1.0,0.0,0.0,1.0,169.0,21.0,1.0,0.043010752688172046
5392,14.0,1.0,0.0,0.0,1.0,171.0,9.0,2.0,0.07526881720430108
5393,65.0,1.0,0.0,0.0,1.0,600.0,18.0,2.0,0.16129032258064516
5394,11.0,1.0,0.0,0.0,0.0,171.0,11.0,4.0,0.03225806451612903
5395,8.0,1.0,0.0,0.0,0.0,285.0,12.0,4.0,0.043010752688172046
5396,24.0,1.0,0.0,0.0,0.0,242.0,14.0,4.0,0.08602150537634409
5397,96.0,1.0,0.0,0.0,1.0,147.0,6.0,5.0,0.3010752688172043
5398,5.0,1.0,0.0,0.0,0.0,146.0,8.0,0.0,0.021505376344086023
5399,1.0,1.0,0.0,0.0,0.0,152.0,12.0,0.0,0.0
5400,34.0,1.0,0.0,1.0,0.0,217.0,13.0,0.0,0.1827956989247312
5401,35.0,1.0,0.0,0.0,0.0,84.0,20.0,1.0,0.08602150537634409
5402,3.0,1.0,0.0,0.0,0.0,114.0,6.0,3.0,0.010752688172043012
5403,17.0,1.0,0.0,0.0,0.0,119.0,7.0,3.0,0.03225806451612903
5404,3.0,1.0,0.0,0.0,0.0,246.0,10.0,3.0,0.021505376344086023
5405,21.0,1.0,0.0,0.0,0.0,124.0,13.0,3.0,0.06451612903225806
5406,10.0,1.0,0.0,0.0,0.0,107.0,12.0,4.0,0.07526881720430108
5407,6.0,1.0,0.0,0.0,0.0,1219.0,21.0,4.0,0.03225806451612903
5408,19.0,1.0,0.0,0.0,0.0,86.0,13.0,5.0,0.0967741935483871
5409,8.0,1.0,0.0,0.0,1.0,89.0,14.0,6.0,0.07526881720430108
5410,1.0,1.0,0.0,1.0,0.0,86.0,7.0,0.0,0.0
5411,45.0,1.0,0.0,0.0,0.0,84.0,10.0,0.0,0.13978494623655913
5412,7.0,1.0,0.0,0.0,0.0,248.0,17.0,1.0,0.043010752688172046
5413,2.0,1.0,0.0,0.0,0.0,132.0,21.0,1.0,0.0
5414,1.0,1.0,0.0,0.0,0.0,776.0,22.0,1.0,0.0
5415,2.0,1.0,0.0,0.0,0.0,776.0,7.0,2.0,0.010752688172043012
5416,37.0,1.0,0.0,0.0,0.0,331.0,13.0,2.0,0.10752688172043011
5417,5.0,1.0,0.0,0.0,0.0,108.0,22.0,3.0,0.021505376344086023
5418,4.0,1.0,0.0,0.0,0.0,162.0,8.0,4.0,0.03225806451612903
5419,12.0,1.0,0.0,0.0,0.0,89.0,11.0,4.0,0.06451612903225806
5420,22.0,1.0,0.0,0.0,0.0,288.0,13.0,4.0,0.13978494623655913
5421,15.0,1.0,0.0,0.0,0.0,104.0,16.0,5.0,0.08602150537634409
5422,12.0,1.0,0.0,0.0,0.0,93.0,21.0,6.0,0.043010752688172046
5423,29.0,1.0,0.0,0.0,0.0,283.0,11.0,0.0,0.08602150537634409
5424,59.0,1.0,0.0,0.0,0.0,89.0,13.0,1.0,0.15053763440860216
5425,1.0,1.0,0.0,0.0,0.0,212.0,11.0,2.0,0.0
5426,8.0,1.0,0.0,0.0,0.0,212.0,12.0,2.0,0.053763440860215055
5427,2.0,1.0,0.0,0.0,0.0,212.0,15.0,2.0,0.010752688172043012
5428,1.0,1.0,0.0,0.0,0.0,87.0,15.0,2.0,0.0
5429,3.0,1.0,0.0,0.0,0.0,140.0,15.0,2.0,0.010752688172043012
5430,4.0,1.0,0.0,0.0,0.0,330.0,19.0,2.0,0.021505376344086023
5431,1.0,1.0,0.0,0.0,0.0,85.0,9.0,3.0,0.0
5432,11.0,1.0,0.0,0.0,0.0,114.0,9.0,3.0,0.0967741935483871
5433,2.0,1.0,0.0,0.0,0.0,85.0,15.0,4.0,0.010752688172043012
5434,2.0,1.0,0.0,0.0,0.0,2248.0,16.0,4.0,0.010752688172043012
5435,2.0,2.0,0.0,0.0,1.0,29.0,13.0,1.0,0.0
5436,11.0,2.0,0.0,0.0,1.0,208.0,13.0,1.0,0.05434782608695652
5437,8.0,2.0,0.0,1.0,0.0,106.0,11.0,3.0,0.03260869565217391
5438,2.0,2.0,0.0,0.0,0.0,636.0,9.0,1.0,0.010869565217391304
5439,4.0,2.0,0.0,0.0,0.0,286.0,5.0,2.0,0.021739130434782608
5440,5.0,2.0,0.0,0.0,0.0,91.0,11.0,2.0,0.010869565217391304
5441,3.0,2.0,0.0,0.0,0.0,91.0,11.0,2.0,0.021739130434782608
5442,7.0,2.0,0.0,0.0,1.0,155.0,11.0,2.0,0.043478260869565216
5443,1.0,2.0,0.0,0.0,1.0,197.0,12.0,2.0,0.0
5444,1.0,2.0,0.0,0.0,0.0,230.0,12.0,2.0,0.0
5445,18.0,2.0,0.0,0.0,0.0,146.0,12.0,2.0,0.07608695652173914
5446,8.0,2.0,0.0,0.0,0.0,88.0,2.0,1.0,0.043478260869565216
5447,7.0,2.0,0.0,0.0,0.0,150.0,3.0,1.0,0.05434782608695652
5448,1.0,2.0,0.0,1.0,0.0,128.0,4.0,1.0,0.0
5449,3.0,2.0,0.0,0.0,0.0,87.0,5.0,1.0,0.021739130434782608
5450,1.0,2.0,0.0,0.0,0.0,115.0,5.0,1.0,0.0
5451,8.0,2.0,0.0,0.0,0.0,88.0,6.0,1.0,0.03260869565217391
5452,9.0,2.0,0.0,0.0,0.0,102.0,8.0,1.0,0.08695652173913043
5453,8.0,2.0,0.0,0.0,0.0,107.0,10.0,1.0,0.043478260869565216
5454,1.0,2.0,0.0,0.0,1.0,115.0,21.0,2.0,0.0
5455,14.0,2.0,0.0,0.0,0.0,207.0,2.0,2.0,0.10869565217391304
5456,11.0,2.0,0.0,0.0,1.0,123.0,1.0,0.0,0.08695652173913043
5457,20.0,2.0,0.0,0.0,1.0,153.0,18.0,0.0,0.13043478260869565
5458,1.0,2.0,0.0,0.0,0.0,332.0,11.0,4.0,0.0
5459,20.0,2.0,0.0,0.0,0.0,109.0,11.0,4.0,0.07608695652173914
5460,13.0,2.0,0.0,0.0,1.0,333.0,8.0,4.0,0.05434782608695652
5461,22.0,2.0,0.0,0.0,0.0,123.0,9.0,4.0,0.03260869565217391
5462,4.0,2.0,0.0,0.0,0.0,209.0,9.0,4.0,0.010869565217391304
5463,27.0,2.0,0.0,0.0,1.0,91.0,9.0,4.0,0.14130434782608695
5464,1.0,2.0,0.0,0.0,1.0,469.0,11.0,1.0,0.0
5465,1.0,2.0,0.0,0.0,1.0,161.0,11.0,1.0,0.0
5466,3.0,2.0,0.0,0.0,0.0,403.0,1.0,2.0,0.021739130434782608
5467,46.0,2.0,0.0,0.0,0.0,98.0,2.0,1.0,0.14130434782608695
5468,4.0,2.0,0.0,0.0,0.0,168.0,7.0,1.0,0.010869565217391304
5469,39.0,2.0,0.0,0.0,0.0,100.0,10.0,1.0,0.15217391304347827
5470,1.0,2.0,0.0,0.0,1.0,187.0,3.0,3.0,0.0
5471,56.0,2.0,0.0,0.0,0.0,132.0,3.0,3.0,0.16304347826086957
5472,15.0,2.0,0.0,0.0,0.0,109.0,5.0,5.0,0.09782608695652174
5473,13.0,2.0,0.0,0.0,0.0,91.0,7.0,5.0,0.08695652173913043
5474,28.0,2.0,0.0,0.0,0.0,89.0,0.0,0.0,0.11956521739130435
5475,7.0,2.0,0.0,0.0,1.0,89.0,7.0,0.0,0.05434782608695652
5476,7.0,2.0,0.0,0.0,0.0,106.0,8.0,0.0,0.05434782608695652
5477,2.0,2.0,0.0,0.0,1.0,164.0,8.0,0.0,0.010869565217391304
5478,1.0,2.0,0.0,0.0,0.0,96.0,9.0,0.0,0.0
5479,20.0,2.0,0.0,1.0,0.0,97.0,9.0,0.0,0.08695652173913043
5480,25.0,2.0,0.0,0.0,0.0,120.0,1.0,1.0,0.11956521739130435
5481,5.0,2.0,0.0,0.0,0.0,117.0,8.0,1.0,0.021739130434782608
5482,13.0,2.0,0.0,0.0,0.0,84.0,8.0,1.0,0.03260869565217391
5483,7.0,2.0,0.0,0.0,0.0,83.0,8.0,1.0,0.03260869565217391
5484,6.0,2.0,0.0,0.0,1.0,162.0,9.0,1.0,0.05434782608695652
5485,4.0,2.0,0.0,0.0,0.0,237.0,9.0,1.0,0.03260869565217391
5486,14.0,2.0,0.0,0.0,0.0,104.0,10.0,1.0,0.07608695652173914
5487,10.0,2.0,0.0,0.0,0.0,121.0,3.0,2.0,0.021739130434782608
5488,3.0,2.0,0.0,0.0,0.0,276.0,5.0,2.0,0.010869565217391304
5489,8.0,2.0,0.0,0.0,0.0,137.0,7.0,2.0,0.05434782608695652
5490,19.0,2.0,0.0,0.0,0.0,119.0,8.0,2.0,0.10869565217391304
5491,6.0,2.0,0.0,0.0,0.0,227.0,21.0,3.0,0.043478260869565216
5492,29.0,2.0,0.0,0.0,1.0,205.0,11.0,4.0,0.11956521739130435
5493,6.0,2.0,0.0,0.0,0.0,104.0,4.0,4.0,0.03260869565217391
5494,6.0,2.0,0.0,0.0,0.0,120.0,6.0,3.0,0.043478260869565216
5495,1.0,2.0,0.0,0.0,0.0,209.0,8.0,3.0,0.0
5496,31.0,2.0,0.0,0.0,1.0,106.0,9.0,3.0,0.11956521739130435
5497,4.0,2.0,0.0,0.0,0.0,130.0,10.0,6.0,0.010869565217391304
5498,1.0,2.0,0.0,0.0,0.0,92.0,10.0,6.0,0.0
5499,4.0,2.0,0.0,0.0,0.0,430.0,11.0,6.0,0.021739130434782608
5500,3.0,2.0,0.0,0.0,0.0,99.0,11.0,6.0,0.021739130434782608
5501,6.0,2.0,0.0,0.0,1.0,129.0,12.0,6.0,0.03260869565217391
5502,1.0,2.0,0.0,0.0,0.0,91.0,1.0,0.0,0.0
5503,2.0,2.0,0.0,0.0,0.0,101.0,1.0,0.0,0.010869565217391304
5504,4.0,2.0,0.0,0.0,1.0,96.0,3.0,0.0,0.03260869565217391
5505,4.0,2.0,0.0,0.0,0.0,172.0,7.0,0.0,0.021739130434782608
5506,12.0,2.0,0.0,0.0,1.0,192.0,7.0,0.0,0.043478260869565216
5507,3.0,2.0,0.0,0.0,0.0,84.0,2.0,2.0,0.021739130434782608
5508,1.0,2.0,0.0,0.0,0.0,147.0,22.0,2.0,0.0
5509,31.0,2.0,0.0,0.0,0.0,112.0,22.0,2.0,0.16304347826086957
5510,11.0,2.0,0.0,0.0,0.0,137.0,5.0,0.0,0.07608695652173914
5511,38.0,2.0,0.0,0.0,0.0,259.0,9.0,0.0,0.1956521739130435
5512,37.0,2.0,0.0,0.0,1.0,114.0,3.0,3.0,0.15217391304347827
5513,1.0,2.0,0.0,0.0,0.0,241.0,3.0,0.0,0.0
5514,17.0,2.0,0.0,0.0,1.0,119.0,4.0,2.0,0.13043478260869565
5515,19.0,2.0,0.0,0.0,0.0,126.0,2.0,0.0,0.09782608695652174
5516,16.0,2.0,0.0,0.0,0.0,96.0,1.0,4.0,0.10869565217391304
5517,77.0,2.0,0.0,0.0,1.0,122.0,11.0,2.0,0.21739130434782608
5518,5.0,2.0,0.0,0.0,0.0,141.0,3.0,0.0,0.021739130434782608
5519,65.0,2.0,0.0,0.0,0.0,134.0,6.0,0.0,0.2391304347826087
5520,1.0,2.0,0.0,0.0,1.0,82.0,11.0,2.0,0.0
5521,6.0,2.0,0.0,0.0,1.0,119.0,11.0,2.0,0.05434782608695652
5522,5.0,3.0,1.0,0.0,0.0,0.0,13.0,1.0,0.25
5523,3.0,3.0,0.0,0.0,0.0,85.0,14.0,1.0,0.0625
5524,17.0,3.0,0.0,0.0,0.0,232.0,18.0,1.0,0.375
5525,6.0,3.0,0.0,0.0,0.0,111.0,0.0,3.0,0.125
5526,45.0,3.0,0.0,0.0,1.0,83.0,9.0,3.0,0.75
5527,1.0,3.0,0.0,0.0,0.0,303.0,21.0,2.0,0.0
5528,1.0,3.0,0.0,0.0,0.0,207.0,21.0,2.0,0.0
5529,1.0,3.0,0.0,0.0,0.0,171.0,21.0,2.0,0.0
5530,1.0,3.0,0.0,0.0,0.0,115.0,23.0,2.0,0.0
5531,1.0,3.0,0.0,0.0,0.0,341.0,23.0,2.0,0.0
5532,18.0,3.0,0.0,0.0,0.0,147.0,23.0,2.0,0.5
5533,4.0,3.0,0.0,0.0,1.0,100.0,18.0,0.0,0.0625
5534,2.0,3.0,0.0,0.0,0.0,170.0,12.0,4.0,0.0
5535,6.0,3.0,0.0,0.0,0.0,155.0,13.0,4.0,0.0625
5536,14.0,3.0,0.0,0.0,0.0,98.0,14.0,4.0,0.3125
5537,4.0,3.0,0.0,0.0,0.0,111.0,15.0,0.0,0.0625
5538,2.0,3.0,0.0,0.0,0.0,145.0,16.0,0.0,0.0
5539,1.0,3.0,0.0,0.0,0.0,182.0,16.0,0.0,0.0
5540,19.0,3.0,0.0,0.0,0.0,145.0,18.0,0.0,0.4375
5541,15.0,3.0,0.0,0.0,1.0,88.0,17.0,3.0,0.375
5542,1.0,3.0,0.0,0.0,0.0,119.0,22.0,6.0,0.0
5543,3.0,3.0,0.0,0.0,0.0,201.0,23.0,6.0,0.0625
5544,1.0,3.0,0.0,0.0,0.0,104.0,0.0,2.0,0.0
5545,46.0,3.0,0.0,0.0,0.0,202.0,10.0,2.0,0.625
5546,1.0,3.0,0.0,0.0,1.0,186.0,13.0,5.0,0.0
5547,1.0,3.0,0.0,0.0,1.0,112.0,13.0,5.0,0.0
5548,44.0,3.0,0.0,0.0,0.0,158.0,16.0,5.0,0.625
5549,54.0,3.0,0.0,0.0,0.0,238.0,19.0,4.0,0.625
5550,3.0,3.0,0.0,0.0,1.0,85.0,17.0,3.0,0.0625
5551,87.0,3.0,0.0,0.0,0.0,164.0,8.0,1.0,0.8125
5552,1.0,3.0,0.0,0.0,0.0,113.0,20.0,1.0,0.0
5553,7.0,3.0,0.0,0.0,0.0,232.0,20.0,1.0,0.3125
5554,66.0,3.0,0.0,0.0,0.0,92.0,21.0,3.0,0.625
5555,2.0,3.0,0.0,0.0,0.0,231.0,14.0,0.0,0.0625
5556,1.0,3.0,0.0,0.0,0.0,85.0,22.0,1.0,0.0
5557,5.0,3.0,1.0,0.0,0.0,0.0,19.0,1.0,0.25
5558,14.0,3.0,0.0,0.0,0.0,91.0,19.0,1.0,0.375
5559,4.0,3.0,0.0,0.0,0.0,86.0,17.0,3.0,0.25
5560,11.0,3.0,0.0,0.0,1.0,439.0,16.0,5.0,0.25
5561,1.0,3.0,0.0,0.0,0.0,327.0,21.0,2.0,0.0
5562,2.0,3.0,0.0,0.0,0.0,155.0,21.0,2.0,0.125
5563,3.0,3.0,0.0,0.0,1.0,183.0,23.0,2.0,0.125
5564,6.0,3.0,0.0,0.0,0.0,410.0,23.0,2.0,0.625
5565,7.0,3.0,0.0,0.0,0.0,123.0,22.0,4.0,0.375
5566,11.0,3.0,0.0,0.0,0.0,102.0,17.0,2.0,0.375
5567,6.0,3.0,0.0,0.0,0.0,103.0,13.0,5.0,0.125
5568,4.0,3.0,0.0,0.0,1.0,147.0,17.0,2.0,0.125
5569,4.0,3.0,0.0,0.0,1.0,152.0,18.0,2.0,0.125
5570,15.0,3.0,0.0,0.0,0.0,135.0,18.0,2.0,0.5
5571,8.0,3.0,0.0,0.0,0.0,124.0,16.0,5.0,0.375
5572,4.0,1.0,0.0,0.0,1.0,3.0,19.0,4.0,0.023622047244094488
5573,9.0,1.0,0.0,0.0,1.0,94.0,19.0,4.0,0.03937007874015748
5574,39.0,1.0,0.0,0.0,0.0,84.0,9.0,0.0,0.16535433070866143
5575,47.0,1.0,0.0,0.0,0.0,166.0,8.0,5.0,0.16535433070866143
5576,2.0,1.0,0.0,0.0,0.0,196.0,18.0,5.0,0.007874015748031496
5577,3.0,1.0,0.0,0.0,0.0,148.0,19.0,5.0,0.007874015748031496
5578,45.0,1.0,0.0,0.0,1.0,122.0,20.0,5.0,0.12598425196850394
5579,23.0,1.0,0.0,0.0,0.0,267.0,14.0,0.0,0.11023622047244094
5580,7.0,1.0,0.0,0.0,1.0,172.0,15.0,3.0,0.047244094488188976
5581,2.0,1.0,0.0,0.0,0.0,90.0,20.0,3.0,0.007874015748031496
5582,22.0,1.0,0.0,1.0,0.0,85.0,21.0,3.0,0.09448818897637795
5583,4.0,1.0,0.0,0.0,1.0,82.0,21.0,6.0,0.015748031496062992
5584,1.0,1.0,0.0,0.0,0.0,109.0,21.0,6.0,0.0
5585,1.0,1.0,0.0,0.0,0.0,171.0,21.0,6.0,0.0
5586,4.0,1.0,0.0,0.0,0.0,114.0,22.0,6.0,0.015748031496062992
5587,74.0,1.0,0.0,0.0,1.0,225.0,7.0,1.0,0.23622047244094488
5588,35.0,1.0,0.0,0.0,0.0,612.0,21.0,4.0,0.11811023622047244
5589,12.0,1.0,0.0,0.0,1.0,170.0,10.0,6.0,0.047244094488188976
5590,47.0,1.0,0.0,0.0,0.0,90.0,11.0,6.0,0.14173228346456693
5591,50.0,1.0,0.0,0.0,1.0,131.0,11.0,6.0,0.2283464566929134
5592,1.0,1.0,0.0,0.0,0.0,163.0,9.0,1.0,0.0
5593,6.0,1.0,0.0,0.0,0.0,163.0,9.0,1.0,0.023622047244094488
5594,36.0,1.0,0.0,0.0,0.0,163.0,10.0,1.0,0.11023622047244094
5595,3.0,1.0,0.0,0.0,1.0,238.0,14.0,2.0,0.007874015748031496
5596,3.0,1.0,0.0,0.0,0.0,84.0,19.0,2.0,0.0
5597,1.0,1.0,0.0,0.0,0.0,256.0,19.0,2.0,0.0
5598,6.0,1.0,0.0,0.0,0.0,2429.0,19.0,2.0,0.03937007874015748
5599,3.0,1.0,0.0,0.0,0.0,349.0,12.0,3.0,0.0
5600,7.0,1.0,0.0,0.0,0.0,157.0,15.0,3.0,0.03937007874015748
5601,10.0,1.0,0.0,0.0,0.0,131.0,8.0,4.0,0.047244094488188976
5602,54.0,1.0,0.0,0.0,1.0,206.0,19.0,4.0,0.15748031496062992
5603,2.0,1.0,0.0,0.0,0.0,105.0,12.0,6.0,0.007874015748031496
5604,9.0,1.0,0.0,0.0,1.0,860.0,19.0,6.0,0.047244094488188976
5605,7.0,1.0,0.0,0.0,1.0,124.0,22.0,6.0,0.031496062992125984
5606,1.0,1.0,0.0,0.0,1.0,126.0,11.0,0.0,0.0
5607,2.0,1.0,0.0,0.0,0.0,121.0,11.0,0.0,0.007874015748031496
5608,13.0,1.0,0.0,0.0,0.0,121.0,13.0,0.0,0.06299212598425197
5609,2.0,1.0,0.0,0.0,0.0,100.0,18.0,0.0,0.007874015748031496
5610,5.0,1.0,0.0,0.0,0.0,104.0,18.0,0.0,0.031496062992125984
5611,9.0,1.0,0.0,0.0,0.0,143.0,22.0,0.0,0.03937007874015748
5612,9.0,1.0,0.0,0.0,1.0,237.0,18.0,1.0,0.023622047244094488
5613,21.0,1.0,0.0,0.0,0.0,111.0,21.0,1.0,0.07086614173228346
5614,3.0,1.0,0.0,0.0,1.0,161.0,20.0,2.0,0.015748031496062992
5615,8.0,1.0,0.0,0.0,1.0,115.0,3.0,3.0,0.047244094488188976
5616,22.0,1.0,0.0,0.0,0.0,107.0,11.0,3.0,0.05511811023622047
5617,10.0,1.0,0.0,0.0,1.0,190.0,19.0,3.0,0.047244094488188976
5618,4.0,1.0,0.0,0.0,0.0,189.0,20.0,3.0,0.007874015748031496
5619,13.0,1.0,0.0,0.0,0.0,127.0,21.0,3.0,0.07086614173228346
5620,9.0,1.0,0.0,0.0,0.0,84.0,9.0,4.0,0.03937007874015748
5621,6.0,1.0,0.0,0.0,0.0,223.0,11.0,4.0,0.015748031496062992
5622,54.0,1.0,0.0,0.0,0.0,86.0,14.0,4.0,0.2047244094488189
5623,9.0,1.0,0.0,0.0,0.0,379.0,8.0,6.0,0.05511811023622047
5624,1.0,1.0,0.0,0.0,0.0,454.0,18.0,6.0,0.0
5625,23.0,1.0,0.0,0.0,0.0,330.0,19.0,6.0,0.13385826771653545
5626,17.0,1.0,0.0,0.0,0.0,433.0,20.0,0.0,0.047244094488188976
5627,47.0,1.0,0.0,0.0,0.0,273.0,18.0,1.0,0.14960629921259844
5628,13.0,1.0,0.0,0.0,0.0,158.0,21.0,2.0,0.031496062992125984
5629,43.0,1.0,0.0,0.0,1.0,137.0,5.0,3.0,0.18110236220472442
5630,16.0,1.0,0.0,0.0,0.0,88.0,11.0,2.0,0.08661417322834646
5631,23.0,1.0,0.0,0.0,1.0,249.0,19.0,2.0,0.12598425196850394
5632,20.0,1.0,0.0,0.0,0.0,206.0,23.0,2.0,0.08661417322834646
5633,43.0,1.0,0.0,0.0,1.0,212.0,10.0,5.0,0.15748031496062992
5634,20.0,1.0,0.0,0.0,0.0,142.0,11.0,5.0,0.07874015748031496
5635,26.0,1.0,0.0,0.0,1.0,125.0,18.0,5.0,0.031496062992125984
5636,27.0,1.0,0.0,0.0,0.0,249.0,21.0,5.0,0.12598425196850394
5637,8.0,1.0,0.0,0.0,0.0,189.0,15.0,1.0,0.047244094488188976
5638,1.0,1.0,0.0,0.0,0.0,102.0,8.0,3.0,0.0
5639,13.0,1.0,0.0,0.0,0.0,252.0,8.0,3.0,0.07874015748031496
5640,2.0,1.0,0.0,0.0,0.0,141.0,16.0,3.0,0.0
5641,25.0,1.0,0.0,0.0,0.0,125.0,16.0,3.0,0.12598425196850394
5642,2.0,1.0,0.0,0.0,0.0,96.0,19.0,6.0,0.0
5643,33.0,1.0,0.0,1.0,0.0,169.0,20.0,6.0,0.10236220472440945
5644,2.0,1.0,0.0,0.0,0.0,227.0,18.0,1.0,0.007874015748031496
5645,29.0,1.0,0.0,0.0,0.0,246.0,19.0,1.0,0.12598425196850394
5646,7.0,1.0,0.0,0.0,1.0,184.0,11.0,4.0,0.023622047244094488
5647,3.0,1.0,0.0,0.0,0.0,91.0,15.0,4.0,0.007874015748031496
5648,21.0,1.0,0.0,0.0,0.0,212.0,20.0,4.0,0.08661417322834646
5649,11.0,1.0,0.0,0.0,0.0,87.0,20.0,0.0,0.015748031496062992
5650,10.0,1.0,0.0,0.0,1.0,113.0,23.0,0.0,0.05511811023622047
5651,13.0,1.0,0.0,0.0,0.0,183.0,12.0,2.0,0.031496062992125984
5652,1.0,1.0,0.0,0.0,0.0,152.0,20.0,2.0,0.0
5653,1.0,1.0,0.0,0.0,0.0,107.0,20.0,2.0,0.0
5654,6.0,1.0,0.0,0.0,0.0,86.0,20.0,2.0,0.023622047244094488
5655,10.0,1.0,0.0,0.0,0.0,370.0,7.0,5.0,0.047244094488188976
5656,1.0,1.0,0.0,0.0,0.0,519.0,11.0,5.0,0.0
5657,1.0,1.0,0.0,0.0,0.0,324.0,13.0,5.0,0.0
5658,39.0,1.0,0.0,0.0,0.0,324.0,13.0,5.0,0.12598425196850394
5659,8.0,1.0,0.0,0.0,0.0,233.0,17.0,0.0,0.015748031496062992
5660,4.0,1.0,0.0,0.0,0.0,86.0,18.0,0.0,0.015748031496062992
5661,1.0,1.0,0.0,0.0,1.0,393.0,19.0,0.0,0.0
5662,1.0,1.0,0.0,0.0,1.0,393.0,19.0,0.0,0.0
5663,8.0,1.0,0.0,0.0,0.0,511.0,19.0,0.0,0.0
5664,15.0,1.0,0.0,0.0,1.0,140.0,20.0,0.0,0.047244094488188976
5665,6.0,1.0,0.0,0.0,0.0,480.0,23.0,0.0,0.0
5666,19.0,1.0,0.0,0.0,1.0,137.0,6.0,2.0,0.07086614173228346
5667,15.0,1.0,0.0,0.0,0.0,353.0,16.0,2.0,0.05511811023622047
5668,32.0,1.0,0.0,0.0,0.0,330.0,19.0,2.0,0.015748031496062992
5669,49.0,1.0,0.0,0.0,0.0,107.0,7.0,3.0,0.031496062992125984
5670,6.0,1.0,0.0,0.0,0.0,88.0,19.0,3.0,0.023622047244094488
5671,2.0,1.0,0.0,0.0,1.0,108.0,22.0,3.0,0.0
5672,15.0,1.0,0.0,0.0,0.0,300.0,23.0,3.0,0.047244094488188976
5673,12.0,1.0,0.0,0.0,0.0,572.0,13.0,4.0,0.06299212598425197
5674,15.0,1.0,0.0,0.0,1.0,66.0,18.0,4.0,0.05511811023622047
5675,1.0,1.0,0.0,0.0,1.0,1060.0,7.0,5.0,0.0
5676,2.0,1.0,0.0,0.0,0.0,444.0,7.0,5.0,0.007874015748031496
5677,4.0,1.0,0.0,0.0,1.0,492.0,10.0,5.0,0.023622047244094488
5678,12.0,1.0,0.0,0.0,1.0,374.0,13.0,5.0,0.03937007874015748
5679,17.0,1.0,0.0,0.0,0.0,152.0,19.0,5.0,0.05511811023622047
5680,17.0,1.0,0.0,0.0,0.0,93.0,21.0,5.0,0.08661417322834646
5681,6.0,1.0,0.0,0.0,0.0,190.0,9.0,6.0,0.031496062992125984
5682,9.0,1.0,0.0,0.0,0.0,424.0,22.0,6.0,0.047244094488188976
5683,77.0,1.0,0.0,0.0,0.0,181.0,10.0,0.0,0.23622047244094488
5684,6.0,1.0,0.0,0.0,1.0,100.0,10.0,3.0,0.023622047244094488
5685,2.0,1.0,0.0,0.0,0.0,301.0,13.0,3.0,0.007874015748031496
5686,4.0,1.0,0.0,0.0,0.0,126.0,13.0,3.0,0.023622047244094488
5687,34.0,1.0,0.0,1.0,0.0,97.0,14.0,3.0,0.08661417322834646
5688,11.0,1.0,0.0,0.0,0.0,541.0,8.0,4.0,0.031496062992125984
5689,7.0,1.0,0.0,1.0,1.0,395.0,14.0,4.0,0.031496062992125984
5690,26.0,1.0,0.0,1.0,0.0,153.0,17.0,4.0,0.07874015748031496
5691,5.0,1.0,0.0,0.0,0.0,216.0,20.0,5.0,0.031496062992125984
5692,1.0,1.0,0.0,0.0,1.0,1060.0,9.0,6.0,0.0
5693,2.0,1.0,0.0,0.0,0.0,444.0,9.0,6.0,0.007874015748031496
5694,12.0,1.0,0.0,0.0,0.0,107.0,9.0,6.0,0.05511811023622047
5695,10.0,1.0,0.0,0.0,0.0,115.0,15.0,6.0,0.05511811023622047
5696,7.0,1.0,0.0,0.0,1.0,538.0,21.0,6.0,0.031496062992125984
5697,6.0,3.0,0.0,0.0,0.0,24.0,13.0,1.0,0.2857142857142857
5698,44.0,3.0,0.0,0.0,0.0,279.0,14.0,1.0,0.42857142857142855
5699,51.0,3.0,0.0,0.0,0.0,88.0,19.0,3.0,0.5714285714285714
5700,14.0,3.0,0.0,0.0,0.0,164.0,8.0,1.0,0.42857142857142855
5701,33.0,3.0,0.0,0.0,0.0,153.0,14.0,0.0,0.42857142857142855
5702,8.0,2.0,0.0,0.0,1.0,23.0,17.0,1.0,0.25
5703,3.0,2.0,0.0,0.0,0.0,225.0,7.0,4.0,0.041666666666666664
5704,3.0,2.0,0.0,0.0,0.0,91.0,21.0,3.0,0.041666666666666664
5705,22.0,2.0,0.0,0.0,0.0,198.0,16.0,2.0,0.2916666666666667
5706,11.0,2.0,0.0,0.0,0.0,87.0,16.0,4.0,0.20833333333333334
5707,20.0,2.0,0.0,0.0,0.0,298.0,15.0,1.0,0.041666666666666664
5708,40.0,2.0,0.0,0.0,0.0,272.0,13.0,5.0,0.2916666666666667
5709,1.0,2.0,0.0,0.0,0.0,151.0,13.0,1.0,0.0
5710,26.0,2.0,0.0,0.0,0.0,344.0,21.0,2.0,0.16666666666666666
5711,3.0,2.0,0.0,0.0,0.0,145.0,13.0,2.0,0.08333333333333333
5712,3.0,2.0,0.0,0.0,0.0,321.0,16.0,3.0,0.041666666666666664
5713,5.0,2.0,0.0,0.0,0.0,321.0,16.0,4.0,0.08333333333333333
5714,7.0,2.0,0.0,0.0,1.0,199.0,22.0,0.0,0.16666666666666666
5715,3.0,2.0,0.0,1.0,0.0,94.0,21.0,5.0,0.041666666666666664
5716,6.0,2.0,0.0,0.0,0.0,658.0,19.0,1.0,0.08333333333333333
5717,2.0,2.0,0.0,0.0,0.0,355.0,19.0,4.0,0.0
5718,2.0,2.0,0.0,0.0,0.0,210.0,22.0,4.0,0.0
5719,23.0,2.0,0.0,0.0,0.0,527.0,19.0,5.0,0.20833333333333334
5720,14.0,2.0,0.0,0.0,0.0,527.0,22.0,0.0,0.20833333333333334
5721,1.0,2.0,0.0,0.0,1.0,114.0,11.0,6.0,0.0
5722,23.0,2.0,0.0,0.0,0.0,469.0,15.0,6.0,0.08333333333333333
5723,1.0,2.0,0.0,0.0,0.0,342.0,15.0,5.0,0.0
5724,1.0,2.0,0.0,0.0,0.0,341.0,19.0,5.0,0.0
5725,1.0,2.0,0.0,0.0,0.0,367.0,11.0,6.0,0.0
5726,32.0,3.0,0.0,0.0,0.0,14.0,19.0,2.0,0.4
5727,31.0,3.0,0.0,0.0,0.0,106.0,17.0,0.0,0.3333333333333333
5728,19.0,3.0,0.0,0.0,0.0,122.0,19.0,6.0,0.3333333333333333
5729,86.0,3.0,0.0,0.0,0.0,91.0,13.0,3.0,0.4666666666666667
5730,78.0,3.0,0.0,0.0,1.0,88.0,19.0,6.0,0.6666666666666666
5731,35.0,3.0,0.0,1.0,0.0,466.0,16.0,1.0,0.4666666666666667
5732,2.0,3.0,0.0,0.0,1.0,93.0,21.0,1.0,0.06666666666666667
5733,24.0,3.0,0.0,0.0,0.0,333.0,21.0,1.0,0.6
5734,115.0,3.0,0.0,0.0,0.0,97.0,21.0,2.0,0.6666666666666666
5735,20.0,3.0,0.0,0.0,1.0,87.0,21.0,3.0,0.4666666666666667
5736,47.0,3.0,0.0,0.0,1.0,17.0,4.0,3.0,0.45454545454545453
5737,2.0,3.0,0.0,0.0,1.0,107.0,20.0,2.0,0.0
5738,16.0,3.0,0.0,0.0,1.0,91.0,10.0,5.0,0.13636363636363635
5739,4.0,3.0,0.0,0.0,0.0,111.0,13.0,5.0,0.045454545454545456
5740,3.0,3.0,0.0,0.0,0.0,87.0,13.0,5.0,0.09090909090909091
5741,4.0,3.0,0.0,0.0,1.0,93.0,13.0,5.0,0.045454545454545456
5742,2.0,3.0,0.0,0.0,0.0,88.0,13.0,5.0,0.045454545454545456
5743,4.0,3.0,0.0,0.0,1.0,90.0,13.0,5.0,0.045454545454545456
5744,15.0,3.0,0.0,0.0,0.0,119.0,13.0,5.0,0.22727272727272727
5745,126.0,3.0,0.0,0.0,0.0,102.0,19.0,2.0,0.7272727272727273
5746,56.0,3.0,0.0,0.0,0.0,132.0,17.0,2.0,0.45454545454545453
5747,33.0,3.0,0.0,0.0,1.0,94.0,11.0,4.0,0.36363636363636365
5748,60.0,3.0,0.0,0.0,1.0,88.0,20.0,2.0,0.5454545454545454
5749,29.0,3.0,0.0,0.0,1.0,93.0,13.0,2.0,0.2727272727272727
5750,6.0,3.0,0.0,0.0,0.0,137.0,16.0,2.0,0.13636363636363635
5751,3.0,3.0,0.0,0.0,0.0,89.0,17.0,2.0,0.09090909090909091
5752,1.0,3.0,0.0,0.0,1.0,84.0,18.0,2.0,0.0
5753,34.0,3.0,0.0,0.0,0.0,98.0,18.0,2.0,0.4090909090909091
5754,8.0,3.0,0.0,0.0,0.0,90.0,20.0,0.0,0.045454545454545456
5755,33.0,3.0,0.0,0.0,0.0,89.0,21.0,0.0,0.3181818181818182
5756,4.0,3.0,0.0,0.0,0.0,164.0,20.0,3.0,0.09090909090909091
5757,4.0,3.0,0.0,0.0,0.0,152.0,20.0,3.0,0.045454545454545456
5758,3.0,3.0,0.0,0.0,0.0,194.0,14.0,6.0,0.045454545454545456
5759,30.0,3.0,0.0,0.0,1.0,96.0,14.0,6.0,0.36363636363636365
5760,32.0,3.0,0.0,0.0,0.0,101.0,19.0,0.0,0.36363636363636365
5761,15.0,3.0,0.0,0.0,1.0,98.0,16.0,5.0,0.36363636363636365
5762,11.0,3.0,0.0,0.0,0.0,109.0,20.0,2.0,0.09090909090909091
5763,6.0,3.0,0.0,0.0,0.0,97.0,23.0,2.0,0.09090909090909091
5764,42.0,3.0,0.0,0.0,0.0,138.0,23.0,2.0,0.3181818181818182
5765,17.0,1.0,1.0,0.0,0.0,0.0,13.0,1.0,0.1111111111111111
5766,8.0,1.0,0.0,0.0,0.0,658.0,15.0,3.0,0.07407407407407407
5767,36.0,1.0,0.0,0.0,0.0,146.0,15.0,3.0,0.14814814814814814
5768,6.0,1.0,0.0,0.0,0.0,658.0,18.0,3.0,0.037037037037037035
5769,1.0,1.0,0.0,0.0,0.0,348.0,22.0,3.0,0.0
5770,10.0,1.0,0.0,0.0,0.0,226.0,22.0,3.0,0.09259259259259259
5771,2.0,1.0,0.0,0.0,0.0,95.0,11.0,5.0,0.0
5772,7.0,1.0,0.0,0.0,0.0,167.0,11.0,5.0,0.07407407407407407
5773,1.0,1.0,0.0,0.0,0.0,299.0,18.0,1.0,0.0
5774,10.0,1.0,0.0,0.0,1.0,121.0,19.0,1.0,0.037037037037037035
5775,14.0,1.0,0.0,0.0,0.0,154.0,22.0,1.0,0.12962962962962962
5776,4.0,1.0,0.0,0.0,1.0,400.0,19.0,1.0,0.0
5777,3.0,1.0,0.0,0.0,1.0,400.0,19.0,1.0,0.0
5778,22.0,1.0,0.0,0.0,1.0,400.0,19.0,1.0,0.12962962962962962
5779,7.0,1.0,0.0,0.0,0.0,150.0,14.0,4.0,0.09259259259259259
5780,71.0,1.0,0.0,0.0,0.0,191.0,21.0,4.0,0.37037037037037035
5781,16.0,1.0,0.0,0.0,0.0,126.0,10.0,2.0,0.09259259259259259
5782,1.0,1.0,0.0,0.0,0.0,229.0,22.0,2.0,0.0
5783,15.0,1.0,0.0,0.0,1.0,161.0,22.0,2.0,0.18518518518518517
5784,5.0,1.0,0.0,0.0,1.0,86.0,16.0,4.0,0.037037037037037035
5785,7.0,1.0,0.0,0.0,0.0,106.0,16.0,4.0,0.07407407407407407
5786,14.0,1.0,0.0,0.0,0.0,86.0,6.0,0.0,0.2222222222222222
5787,6.0,1.0,0.0,0.0,1.0,133.0,13.0,0.0,0.07407407407407407
5788,2.0,1.0,0.0,0.0,0.0,106.0,20.0,0.0,0.0
5789,15.0,1.0,0.0,0.0,0.0,257.0,20.0,0.0,0.0
5790,3.0,1.0,0.0,0.0,0.0,1155.0,20.0,0.0,0.018518518518518517
5791,5.0,1.0,0.0,0.0,1.0,75.0,21.0,0.0,0.037037037037037035
5792,2.0,1.0,0.0,0.0,0.0,249.0,23.0,0.0,0.018518518518518517
5793,5.0,1.0,0.0,0.0,0.0,252.0,13.0,3.0,0.018518518518518517
5794,11.0,1.0,0.0,0.0,1.0,286.0,14.0,3.0,0.09259259259259259
5795,5.0,1.0,0.0,0.0,0.0,107.0,21.0,3.0,0.07407407407407407
5796,15.0,1.0,0.0,0.0,0.0,171.0,17.0,5.0,0.1111111111111111
5797,1.0,1.0,0.0,0.0,0.0,291.0,11.0,1.0,0.0
5798,4.0,1.0,0.0,0.0,0.0,88.0,11.0,1.0,0.018518518518518517
5799,24.0,1.0,0.0,1.0,0.0,164.0,19.0,1.0,0.14814814814814814
5800,42.0,1.0,0.0,0.0,0.0,106.0,21.0,3.0,0.14814814814814814
5801,2.0,1.0,0.0,0.0,0.0,191.0,5.0,3.0,0.018518518518518517
5802,3.0,1.0,0.0,0.0,0.0,207.0,7.0,3.0,0.0
5803,16.0,1.0,0.0,0.0,1.0,129.0,8.0,3.0,0.16666666666666666
5804,13.0,1.0,0.0,0.0,1.0,156.0,12.0,3.0,0.14814814814814814
5805,25.0,1.0,0.0,0.0,0.0,207.0,14.0,3.0,0.2777777777777778
5806,25.0,1.0,0.0,0.0,1.0,327.0,14.0,4.0,0.09259259259259259
5807,8.0,1.0,0.0,0.0,0.0,89.0,21.0,5.0,0.05555555555555555
5808,43.0,1.0,0.0,0.0,0.0,149.0,13.0,6.0,0.24074074074074073
5809,5.0,1.0,0.0,0.0,0.0,99.0,14.0,1.0,0.018518518518518517
5810,4.0,1.0,0.0,0.0,1.0,184.0,15.0,1.0,0.037037037037037035
5811,2.0,1.0,0.0,0.0,1.0,86.0,18.0,1.0,0.0
5812,1.0,1.0,0.0,0.0,0.0,88.0,18.0,1.0,0.0
5813,2.0,1.0,0.0,0.0,0.0,142.0,18.0,1.0,0.018518518518518517
5814,1.0,1.0,0.0,0.0,0.0,380.0,19.0,1.0,0.0
5815,3.0,1.0,0.0,0.0,0.0,380.0,19.0,1.0,0.0
5816,16.0,1.0,0.0,0.0,0.0,149.0,20.0,1.0,0.12962962962962962
5817,2.0,1.0,0.0,0.0,0.0,376.0,18.0,2.0,0.018518518518518517
5818,86.0,1.0,0.0,0.0,0.0,376.0,20.0,2.0,0.3333333333333333
5819,37.0,1.0,0.0,0.0,0.0,114.0,14.0,3.0,0.07407407407407407
5820,1.0,1.0,0.0,0.0,0.0,154.0,8.0,4.0,0.0
5821,1.0,1.0,0.0,0.0,1.0,204.0,9.0,4.0,0.0
5822,16.0,1.0,0.0,0.0,1.0,94.0,9.0,4.0,0.09259259259259259
5823,47.0,1.0,0.0,0.0,0.0,247.0,16.0,4.0,0.35185185185185186
5824,7.0,1.0,0.0,0.0,0.0,152.0,15.0,0.0,0.07407407407407407
5825,1.0,1.0,0.0,0.0,0.0,185.0,21.0,0.0,0.0
5826,1.0,1.0,0.0,0.0,1.0,151.0,21.0,0.0,0.0
5827,12.0,1.0,0.0,0.0,0.0,93.0,21.0,0.0,0.14814814814814814
5828,4.0,1.0,0.0,0.0,0.0,116.0,19.0,1.0,0.037037037037037035
5829,1.0,1.0,0.0,0.0,0.0,195.0,20.0,1.0,0.0
5830,7.0,1.0,0.0,0.0,1.0,567.0,20.0,1.0,0.05555555555555555
5831,1.0,1.0,0.0,0.0,0.0,960.0,8.0,2.0,0.0
5832,1.0,1.0,0.0,0.0,1.0,166.0,8.0,2.0,0.0
5833,5.0,1.0,0.0,0.0,1.0,567.0,8.0,2.0,0.037037037037037035
5834,100.0,1.0,0.0,0.0,0.0,148.0,11.0,2.0,0.4074074074074074
5835,31.0,1.0,0.0,0.0,0.0,193.0,18.0,4.0,0.3333333333333333
5836,4.0,1.0,0.0,0.0,0.0,127.0,12.0,5.0,0.018518518518518517
5837,14.0,1.0,0.0,0.0,0.0,127.0,13.0,5.0,0.05555555555555555
5838,3.0,1.0,0.0,0.0,0.0,130.0,17.0,6.0,0.037037037037037035
5839,7.0,1.0,0.0,0.0,0.0,469.0,8.0,2.0,0.018518518518518517
5840,14.0,1.0,0.0,1.0,0.0,102.0,11.0,2.0,0.0
5841,1.0,1.0,0.0,0.0,1.0,122.0,14.0,2.0,0.0
5842,7.0,1.0,0.0,0.0,0.0,194.0,14.0,2.0,0.018518518518518517
5843,6.0,1.0,0.0,0.0,0.0,91.0,16.0,2.0,0.037037037037037035
5844,13.0,1.0,0.0,0.0,1.0,92.0,18.0,2.0,0.05555555555555555
5845,10.0,1.0,0.0,0.0,1.0,122.0,9.0,2.0,0.07407407407407407
5846,6.0,1.0,0.0,0.0,0.0,109.0,19.0,2.0,0.018518518518518517
5847,6.0,1.0,0.0,0.0,1.0,606.0,21.0,2.0,0.07407407407407407
5848,6.0,1.0,0.0,0.0,0.0,97.0,9.0,5.0,0.07407407407407407
5849,27.0,1.0,0.0,0.0,1.0,173.0,19.0,5.0,0.05555555555555555
5850,24.0,1.0,0.0,0.0,0.0,103.0,11.0,0.0,0.35185185185185186
5851,4.0,1.0,0.0,0.0,0.0,428.0,22.0,0.0,0.037037037037037035
5852,11.0,1.0,0.0,0.0,0.0,161.0,8.0,3.0,0.037037037037037035
5853,1.0,1.0,0.0,0.0,0.0,415.0,11.0,3.0,0.0
5854,8.0,1.0,0.0,0.0,1.0,229.0,18.0,3.0,0.037037037037037035
5855,38.0,1.0,0.0,0.0,1.0,99.0,5.0,5.0,0.2037037037037037
5856,13.0,1.0,0.0,0.0,0.0,281.0,20.0,4.0,0.1111111111111111
5857,15.0,1.0,0.0,0.0,0.0,253.0,11.0,6.0,0.018518518518518517
5858,8.0,1.0,0.0,0.0,0.0,253.0,13.0,6.0,0.0
5859,3.0,1.0,0.0,0.0,1.0,367.0,22.0,6.0,0.018518518518518517
5860,5.0,1.0,0.0,1.0,0.0,109.0,11.0,2.0,0.037037037037037035
5861,3.0,1.0,0.0,0.0,1.0,112.0,20.0,2.0,0.018518518518518517
5862,8.0,1.0,0.0,1.0,0.0,109.0,22.0,2.0,0.0
5863,2.0,1.0,0.0,0.0,1.0,244.0,23.0,2.0,0.018518518518518517
5864,20.0,1.0,0.0,0.0,1.0,104.0,10.0,4.0,0.16666666666666666
5865,13.0,1.0,0.0,0.0,0.0,114.0,19.0,4.0,0.12962962962962962
5866,3.0,1.0,0.0,1.0,0.0,129.0,16.0,4.0,0.0
5867,12.0,1.0,0.0,0.0,1.0,211.0,20.0,4.0,0.07407407407407407
5868,3.0,1.0,0.0,0.0,0.0,89.0,14.0,5.0,0.018518518518518517
5869,6.0,1.0,0.0,0.0,0.0,406.0,21.0,5.0,0.05555555555555555
5870,1.0,1.0,0.0,0.0,0.0,92.0,18.0,6.0,0.0
5871,6.0,1.0,0.0,0.0,0.0,92.0,18.0,6.0,0.037037037037037035
5872,2.0,1.0,0.0,0.0,1.0,328.0,10.0,0.0,0.0
5873,5.0,1.0,0.0,0.0,1.0,124.0,10.0,0.0,0.018518518518518517
5874,5.0,1.0,0.0,0.0,0.0,209.0,14.0,0.0,0.018518518518518517
5875,32.0,1.0,0.0,0.0,0.0,143.0,20.0,0.0,0.24074074074074073
5876,1.0,1.0,0.0,0.0,0.0,100.0,17.0,1.0,0.0
5877,4.0,1.0,0.0,0.0,0.0,131.0,17.0,1.0,0.0
5878,1.0,1.0,0.0,0.0,1.0,118.0,17.0,1.0,0.0
5879,1.0,1.0,0.0,0.0,0.0,236.0,18.0,1.0,0.0
5880,1.0,1.0,0.0,0.0,1.0,291.0,18.0,1.0,0.0
5881,7.0,1.0,0.0,0.0,0.0,233.0,21.0,1.0,0.0
5882,1.0,1.0,0.0,0.0,1.0,118.0,21.0,1.0,0.0
5883,1.0,1.0,0.0,0.0,0.0,236.0,21.0,1.0,0.0
5884,6.0,1.0,0.0,0.0,1.0,291.0,21.0,1.0,0.037037037037037035
5885,19.0,1.0,0.0,0.0,1.0,111.0,9.0,2.0,0.18518518518518517
5886,2.0,1.0,0.0,0.0,0.0,156.0,20.0,2.0,0.018518518518518517
5887,1.0,1.0,0.0,1.0,0.0,94.0,8.0,3.0,0.0
5888,7.0,1.0,0.0,1.0,0.0,95.0,8.0,3.0,0.09259259259259259
5889,23.0,1.0,0.0,0.0,0.0,159.0,21.0,3.0,0.14814814814814814
5890,63.0,1.0,0.0,0.0,0.0,100.0,10.0,5.0,0.2962962962962963
5891,2.0,1.0,0.0,0.0,0.0,91.0,19.0,0.0,0.0
5892,8.0,1.0,0.0,0.0,1.0,185.0,20.0,0.0,0.05555555555555555
5893,20.0,1.0,0.0,0.0,1.0,195.0,7.0,1.0,0.14814814814814814
5894,6.0,1.0,0.0,0.0,1.0,95.0,6.0,2.0,0.05555555555555555
5895,5.0,1.0,0.0,0.0,0.0,238.0,13.0,2.0,0.037037037037037035
5896,6.0,1.0,0.0,0.0,1.0,145.0,20.0,2.0,0.07407407407407407
5897,1.0,1.0,0.0,0.0,1.0,186.0,15.0,3.0,0.0
5898,1.0,1.0,0.0,0.0,0.0,153.0,20.0,3.0,0.0
5899,5.0,1.0,0.0,0.0,1.0,205.0,22.0,3.0,0.018518518518518517
5900,15.0,1.0,0.0,0.0,1.0,236.0,10.0,4.0,0.18518518518518517
5901,3.0,1.0,0.0,0.0,0.0,226.0,21.0,4.0,0.0
5902,1.0,1.0,0.0,0.0,1.0,107.0,21.0,4.0,0.0
5903,1.0,1.0,0.0,0.0,0.0,215.0,22.0,4.0,0.0
5904,1.0,1.0,0.0,0.0,0.0,340.0,22.0,4.0,0.0
5905,23.0,1.0,0.0,0.0,0.0,340.0,22.0,4.0,0.12962962962962962
5906,16.0,1.0,0.0,0.0,0.0,212.0,17.0,5.0,0.07407407407407407
5907,3.0,1.0,0.0,0.0,0.0,165.0,9.0,6.0,0.018518518518518517
5908,5.0,1.0,0.0,0.0,0.0,257.0,10.0,6.0,0.037037037037037035
5909,9.0,1.0,0.0,1.0,0.0,91.0,16.0,6.0,0.07407407407407407
5910,25.0,1.0,0.0,0.0,1.0,186.0,7.0,0.0,0.14814814814814814
5911,9.0,1.0,0.0,0.0,0.0,178.0,21.0,0.0,0.07407407407407407
5912,9.0,1.0,0.0,0.0,0.0,158.0,9.0,1.0,0.1111111111111111
5913,29.0,1.0,0.0,0.0,0.0,209.0,16.0,1.0,0.2222222222222222
5914,7.0,1.0,0.0,0.0,0.0,120.0,22.0,0.0,0.037037037037037035
5915,32.0,1.0,0.0,0.0,0.0,122.0,23.0,0.0,0.07407407407407407
5916,27.0,1.0,0.0,0.0,0.0,95.0,11.0,3.0,0.2222222222222222
5917,25.0,1.0,0.0,0.0,0.0,89.0,19.0,3.0,0.12962962962962962
5918,16.0,1.0,0.0,0.0,1.0,113.0,21.0,3.0,0.12962962962962962
5919,1.0,1.0,0.0,0.0,1.0,115.0,16.0,3.0,0.0
5920,27.0,1.0,0.0,0.0,1.0,115.0,16.0,3.0,0.14814814814814814
5921,5.0,1.0,0.0,0.0,0.0,134.0,20.0,3.0,0.05555555555555555
5922,21.0,1.0,0.0,0.0,1.0,102.0,7.0,6.0,0.18518518518518517
5923,4.0,1.0,0.0,0.0,1.0,95.0,14.0,6.0,0.037037037037037035
5924,12.0,1.0,0.0,0.0,0.0,85.0,17.0,6.0,0.09259259259259259
5925,9.0,1.0,0.0,0.0,0.0,171.0,14.0,1.0,0.09259259259259259
5926,4.0,1.0,0.0,0.0,0.0,208.0,21.0,1.0,0.037037037037037035
5927,9.0,1.0,0.0,0.0,0.0,124.0,9.0,4.0,0.09259259259259259
5928,1.0,1.0,0.0,0.0,1.0,154.0,13.0,6.0,0.0
5929,14.0,1.0,0.0,0.0,0.0,193.0,13.0,6.0,0.12962962962962962
5930,1.0,1.0,0.0,0.0,1.0,133.0,20.0,6.0,0.0
5931,5.0,1.0,0.0,0.0,0.0,154.0,20.0,6.0,0.018518518518518517
5932,22.0,1.0,0.0,0.0,0.0,232.0,21.0,6.0,0.24074074074074073
5933,1.0,1.0,0.0,0.0,1.0,218.0,16.0,2.0,0.0
5934,1.0,1.0,0.0,0.0,1.0,256.0,16.0,2.0,0.0
5935,49.0,1.0,0.0,0.0,0.0,601.0,17.0,2.0,0.35185185185185186
5936,40.0,1.0,0.0,0.0,1.0,232.0,14.0,0.0,0.16666666666666666
5937,51.0,1.0,0.0,0.0,1.0,97.0,18.0,0.0,0.25925925925925924
5938,8.0,1.0,0.0,0.0,0.0,165.0,15.0,5.0,0.018518518518518517
5939,32.0,1.0,0.0,0.0,0.0,127.0,10.0,0.0,0.25925925925925924
5940,29.0,1.0,0.0,0.0,0.0,349.0,22.0,1.0,0.16666666666666666
5941,20.0,1.0,0.0,0.0,0.0,96.0,10.0,2.0,0.1111111111111111
5942,18.0,1.0,0.0,0.0,1.0,163.0,14.0,2.0,0.12962962962962962
5943,1.0,1.0,0.0,0.0,0.0,94.0,19.0,3.0,0.0
5944,1.0,1.0,0.0,0.0,0.0,127.0,20.0,3.0,0.0
5945,14.0,1.0,0.0,0.0,0.0,91.0,20.0,3.0,0.037037037037037035
5946,4.0,1.0,0.0,0.0,0.0,92.0,20.0,3.0,0.018518518518518517
5947,5.0,1.0,0.0,0.0,1.0,76.0,21.0,3.0,0.05555555555555555
5948,15.0,1.0,0.0,0.0,1.0,133.0,22.0,3.0,0.09259259259259259
5949,3.0,1.0,0.0,0.0,1.0,133.0,6.0,4.0,0.037037037037037035
5950,3.0,1.0,0.0,0.0,0.0,125.0,8.0,4.0,0.018518518518518517
5951,14.0,1.0,0.0,0.0,0.0,342.0,8.0,4.0,0.16666666666666666
5952,5.0,1.0,0.0,0.0,1.0,122.0,20.0,4.0,0.037037037037037035
5953,23.0,1.0,0.0,0.0,0.0,584.0,7.0,5.0,0.05555555555555555
5954,28.0,1.0,0.0,0.0,0.0,107.0,12.0,5.0,0.16666666666666666
5955,2.0,1.0,0.0,0.0,0.0,159.0,19.0,6.0,0.0
5956,1.0,1.0,0.0,0.0,0.0,237.0,19.0,6.0,0.0
5957,1.0,1.0,0.0,0.0,0.0,262.0,19.0,6.0,0.0
5958,2.0,1.0,0.0,0.0,0.0,240.0,19.0,6.0,0.0
5959,1.0,1.0,0.0,0.0,1.0,216.0,19.0,6.0,0.0
5960,1.0,1.0,0.0,0.0,0.0,294.0,19.0,6.0,0.0
5961,6.0,1.0,0.0,0.0,0.0,106.0,19.0,6.0,0.07407407407407407
5962,8.0,1.0,0.0,0.0,0.0,94.0,23.0,6.0,0.09259259259259259
5963,33.0,1.0,0.0,0.0,0.0,190.0,12.0,0.0,0.18518518518518517
5964,3.0,1.0,0.0,0.0,0.0,173.0,21.0,0.0,0.037037037037037035
5965,61.0,1.0,0.0,0.0,0.0,159.0,7.0,1.0,0.24074074074074073
5966,1.0,1.0,0.0,0.0,0.0,180.0,14.0,3.0,0.0
5967,30.0,1.0,0.0,0.0,0.0,231.0,16.0,3.0,0.18518518518518517
5968,17.0,1.0,0.0,1.0,0.0,384.0,22.0,4.0,0.09259259259259259
5969,12.0,1.0,0.0,0.0,1.0,96.0,21.0,5.0,0.1111111111111111
5970,20.0,1.0,0.0,0.0,1.0,100.0,20.0,6.0,0.1111111111111111
5971,10.0,1.0,0.0,1.0,1.0,232.0,13.0,0.0,0.1111111111111111
5972,19.0,1.0,0.0,0.0,0.0,389.0,22.0,0.0,0.1111111111111111
5973,1.0,1.0,0.0,0.0,1.0,246.0,10.0,2.0,0.0
5974,17.0,1.0,0.0,0.0,0.0,178.0,12.0,2.0,0.2037037037037037
5975,36.0,1.0,0.0,0.0,0.0,138.0,20.0,2.0,0.24074074074074073
5976,27.0,1.0,0.0,0.0,1.0,111.0,7.0,4.0,0.2962962962962963
5977,1.0,1.0,0.0,0.0,0.0,321.0,19.0,4.0,0.0
5978,39.0,1.0,0.0,0.0,0.0,217.0,20.0,4.0,0.25925925925925924
5979,16.0,1.0,0.0,0.0,0.0,152.0,0.0,4.0,0.12962962962962962
5980,1.0,1.0,0.0,0.0,1.0,193.0,7.0,4.0,0.0
5981,7.0,1.0,0.0,0.0,0.0,146.0,7.0,4.0,0.018518518518518517
5982,1.0,1.0,0.0,0.0,0.0,91.0,9.0,4.0,0.0
5983,13.0,1.0,0.0,0.0,0.0,219.0,10.0,4.0,0.09259259259259259
5984,1.0,1.0,0.0,0.0,0.0,109.0,20.0,4.0,0.0
5985,1.0,1.0,0.0,1.0,0.0,399.0,21.0,4.0,0.0
5986,146.0,1.0,0.0,0.0,0.0,327.0,21.0,4.0,0.5185185185185185
5987,25.0,1.0,0.0,0.0,0.0,185.0,20.0,5.0,0.09259259259259259
5988,21.0,1.0,0.0,0.0,1.0,201.0,21.0,0.0,0.1111111111111111
5989,28.0,1.0,0.0,0.0,0.0,146.0,14.0,3.0,0.14814814814814814
5990,1.0,1.0,0.0,0.0,0.0,281.0,12.0,6.0,0.0
5991,2.0,1.0,0.0,0.0,0.0,281.0,12.0,6.0,0.0
5992,16.0,1.0,0.0,0.0,1.0,217.0,15.0,6.0,0.16666666666666666
5993,4.0,1.0,0.0,0.0,0.0,129.0,16.0,1.0,0.037037037037037035
5994,4.0,1.0,0.0,0.0,0.0,100.0,8.0,4.0,0.037037037037037035
5995,3.0,1.0,0.0,0.0,0.0,2211.0,16.0,4.0,0.018518518518518517
5996,6.0,1.0,0.0,0.0,0.0,127.0,18.0,4.0,0.037037037037037035
5997,6.0,1.0,0.0,0.0,1.0,105.0,22.0,4.0,0.07407407407407407
5998,2.0,1.0,0.0,0.0,0.0,222.0,14.0,6.0,0.0
5999,15.0,1.0,0.0,0.0,0.0,142.0,21.0,6.0,0.12962962962962962
6000,1.0,1.0,0.0,0.0,1.0,107.0,12.0,3.0,0.0
6001,10.0,1.0,0.0,0.0,1.0,107.0,12.0,3.0,0.09259259259259259
6002,20.0,1.0,0.0,0.0,1.0,98.0,18.0,3.0,0.12962962962962962
6003,47.0,1.0,0.0,0.0,1.0,110.0,22.0,4.0,0.24074074074074073
6004,7.0,1.0,0.0,0.0,0.0,91.0,16.0,5.0,0.07407407407407407
6005,4.0,1.0,0.0,0.0,0.0,3207.0,22.0,6.0,0.037037037037037035
6006,9.0,1.0,0.0,0.0,0.0,98.0,0.0,0.0,0.09259259259259259
6007,15.0,1.0,0.0,0.0,0.0,3207.0,9.0,0.0,0.07407407407407407
6008,1.0,1.0,0.0,0.0,1.0,101.0,14.0,0.0,0.0
6009,1.0,1.0,0.0,0.0,0.0,168.0,15.0,0.0,0.0
6010,2.0,1.0,0.0,0.0,0.0,168.0,15.0,0.0,0.0
6011,8.0,1.0,0.0,0.0,0.0,93.0,17.0,0.0,0.05555555555555555
6012,9.0,1.0,0.0,0.0,0.0,153.0,8.0,1.0,0.037037037037037035
6013,50.0,1.0,0.0,0.0,0.0,110.0,18.0,1.0,0.2962962962962963
6014,5.0,1.0,0.0,0.0,0.0,92.0,16.0,2.0,0.05555555555555555
6015,26.0,1.0,0.0,0.0,1.0,301.0,19.0,2.0,0.3148148148148148
6016,1.0,1.0,0.0,0.0,0.0,363.0,20.0,4.0,0.0
6017,2.0,1.0,0.0,0.0,1.0,114.0,20.0,4.0,0.0
6018,3.0,1.0,0.0,0.0,1.0,165.0,20.0,4.0,0.0
6019,27.0,1.0,0.0,0.0,1.0,179.0,21.0,4.0,0.1111111111111111
6020,2.0,1.0,0.0,0.0,0.0,314.0,7.0,6.0,0.0
6021,3.0,1.0,0.0,0.0,1.0,305.0,7.0,6.0,0.037037037037037035
6022,10.0,1.0,0.0,0.0,0.0,453.0,10.0,6.0,0.1111111111111111
6023,54.0,1.0,0.0,0.0,1.0,144.0,10.0,0.0,0.3148148148148148
6024,3.0,1.0,0.0,1.0,1.0,97.0,21.0,0.0,0.018518518518518517
6025,28.0,1.0,0.0,1.0,0.0,101.0,9.0,1.0,0.14814814814814814
6026,14.0,1.0,0.0,0.0,0.0,117.0,8.0,2.0,0.1111111111111111
6027,18.0,1.0,0.0,0.0,0.0,278.0,16.0,2.0,0.16666666666666666
6028,1.0,1.0,0.0,0.0,0.0,97.0,14.0,3.0,0.0
6029,1.0,1.0,0.0,0.0,0.0,149.0,14.0,3.0,0.0
6030,10.0,1.0,0.0,0.0,0.0,154.0,15.0,3.0,0.16666666666666666
6031,2.0,1.0,0.0,0.0,0.0,170.0,8.0,4.0,0.0
6032,4.0,1.0,0.0,0.0,0.0,170.0,9.0,4.0,0.018518518518518517
6033,1.0,1.0,0.0,0.0,0.0,96.0,11.0,4.0,0.0
6034,50.0,1.0,0.0,0.0,0.0,96.0,11.0,4.0,0.25925925925925924
6035,2.0,1.0,0.0,0.0,0.0,95.0,16.0,5.0,0.018518518518518517
6036,4.0,1.0,0.0,0.0,0.0,1327.0,12.0,6.0,0.05555555555555555
6037,8.0,1.0,0.0,0.0,1.0,208.0,16.0,6.0,0.05555555555555555
6038,1.0,1.0,0.0,0.0,0.0,93.0,22.0,6.0,0.0
6039,9.0,1.0,0.0,0.0,1.0,336.0,22.0,6.0,0.09259259259259259
6040,8.0,1.0,0.0,0.0,1.0,330.0,11.0,2.0,0.09259259259259259
6041,5.0,1.0,0.0,0.0,1.0,202.0,18.0,2.0,0.037037037037037035
6042,46.0,1.0,0.0,0.0,1.0,113.0,9.0,5.0,0.14814814814814814
6043,32.0,1.0,0.0,0.0,0.0,104.0,11.0,5.0,0.12962962962962962
6044,13.0,1.0,0.0,0.0,0.0,636.0,19.0,5.0,0.05555555555555555
6045,6.0,1.0,0.0,0.0,0.0,177.0,19.0,5.0,0.0
6046,1.0,1.0,0.0,0.0,0.0,170.0,9.0,1.0,0.0
6047,24.0,1.0,0.0,0.0,0.0,85.0,9.0,1.0,0.2222222222222222
6048,1.0,1.0,0.0,0.0,0.0,123.0,16.0,1.0,0.0
6049,7.0,1.0,0.0,0.0,0.0,123.0,16.0,1.0,0.05555555555555555
6050,3.0,1.0,0.0,0.0,1.0,168.0,18.0,1.0,0.018518518518518517
6051,1.0,1.0,0.0,0.0,1.0,208.0,22.0,1.0,0.0
6052,6.0,1.0,0.0,0.0,1.0,94.0,22.0,1.0,0.0
6053,5.0,1.0,0.0,0.0,0.0,109.0,22.0,1.0,0.0
6054,9.0,1.0,0.0,0.0,0.0,420.0,4.0,3.0,0.07407407407407407
6055,3.0,1.0,0.0,0.0,0.0,115.0,10.0,3.0,0.037037037037037035
6056,16.0,1.0,0.0,0.0,0.0,144.0,12.0,3.0,0.12962962962962962
6057,12.0,1.0,0.0,0.0,0.0,93.0,11.0,6.0,0.12962962962962962
6058,11.0,1.0,0.0,0.0,0.0,91.0,15.0,6.0,0.12962962962962962
6059,22.0,1.0,0.0,0.0,0.0,105.0,11.0,1.0,0.18518518518518517
6060,18.0,1.0,0.0,0.0,0.0,140.0,16.0,4.0,0.12962962962962962
6061,1.0,1.0,0.0,0.0,1.0,124.0,10.0,0.0,0.0
6062,4.0,1.0,0.0,0.0,0.0,140.0,10.0,0.0,0.05555555555555555
6063,2.0,1.0,0.0,0.0,0.0,90.0,22.0,0.0,0.0
6064,37.0,1.0,0.0,0.0,1.0,332.0,0.0,2.0,0.24074074074074073
6065,1.0,1.0,0.0,0.0,1.0,124.0,13.0,0.0,0.0
6066,9.0,1.0,0.0,0.0,0.0,140.0,13.0,0.0,0.09259259259259259
6067,9.0,1.0,0.0,1.0,1.0,393.0,21.0,0.0,0.05555555555555555
6068,1.0,1.0,0.0,0.0,0.0,183.0,17.0,5.0,0.0
6069,12.0,1.0,0.0,0.0,0.0,201.0,17.0,5.0,0.09259259259259259
6070,4.0,1.0,0.0,0.0,0.0,95.0,14.0,0.0,0.05555555555555555
6071,4.0,1.0,0.0,0.0,0.0,98.0,7.0,1.0,0.037037037037037035
6072,2.0,1.0,0.0,0.0,0.0,191.0,16.0,1.0,0.018518518518518517
6073,3.0,1.0,0.0,0.0,0.0,182.0,7.0,2.0,0.018518518518518517
6074,1.0,1.0,0.0,0.0,0.0,167.0,11.0,2.0,0.0
6075,1.0,1.0,0.0,0.0,0.0,167.0,11.0,2.0,0.0
6076,1.0,1.0,0.0,0.0,0.0,167.0,11.0,2.0,0.0
6077,1.0,1.0,0.0,0.0,0.0,167.0,11.0,2.0,0.0
6078,1.0,1.0,0.0,0.0,1.0,670.0,12.0,2.0,0.0
6079,5.0,1.0,0.0,0.0,1.0,127.0,13.0,2.0,0.037037037037037035
6080,5.0,1.0,0.0,0.0,0.0,114.0,20.0,2.0,0.05555555555555555
6081,10.0,1.0,0.0,0.0,0.0,107.0,9.0,3.0,0.1111111111111111
6082,9.0,1.0,0.0,0.0,0.0,214.0,20.0,3.0,0.07407407407407407
6083,3.0,1.0,0.0,0.0,0.0,316.0,9.0,4.0,0.0
6084,4.0,1.0,0.0,0.0,1.0,184.0,9.0,4.0,0.018518518518518517
6085,1.0,1.0,0.0,0.0,0.0,112.0,15.0,4.0,0.0
6086,25.0,1.0,0.0,0.0,1.0,167.0,19.0,4.0,0.12962962962962962
6087,4.0,1.0,0.0,0.0,0.0,270.0,8.0,0.0,0.037037037037037035
6088,2.0,1.0,0.0,0.0,0.0,103.0,21.0,0.0,0.0
6089,8.0,1.0,0.0,0.0,0.0,112.0,21.0,0.0,0.018518518518518517
6090,4.0,1.0,0.0,0.0,0.0,174.0,21.0,0.0,0.0
6091,137.0,1.0,0.0,0.0,0.0,174.0,21.0,0.0,0.2962962962962963
6092,1.0,1.0,0.0,0.0,0.0,99.0,10.0,2.0,0.0
6093,1.0,1.0,0.0,0.0,0.0,277.0,10.0,2.0,0.0
6094,1.0,1.0,0.0,0.0,0.0,155.0,10.0,2.0,0.0
6095,24.0,1.0,0.0,0.0,0.0,229.0,10.0,2.0,0.14814814814814814
6096,33.0,1.0,0.0,0.0,1.0,226.0,9.0,3.0,0.2777777777777778
6097,10.0,1.0,0.0,0.0,1.0,146.0,19.0,3.0,0.018518518518518517
6098,10.0,1.0,0.0,0.0,1.0,275.0,21.0,3.0,0.05555555555555555
6099,59.0,1.0,0.0,0.0,1.0,114.0,10.0,4.0,0.24074074074074073
6100,3.0,1.0,0.0,0.0,0.0,85.0,18.0,4.0,0.0
6101,9.0,1.0,0.0,0.0,0.0,346.0,18.0,4.0,0.037037037037037035
6102,1.0,1.0,0.0,0.0,0.0,87.0,22.0,4.0,0.0
6103,13.0,1.0,0.0,0.0,0.0,95.0,22.0,4.0,0.09259259259259259
6104,10.0,1.0,0.0,0.0,0.0,87.0,11.0,5.0,0.05555555555555555
6105,2.0,1.0,0.0,1.0,0.0,92.0,20.0,5.0,0.018518518518518517
6106,9.0,1.0,0.0,1.0,0.0,92.0,21.0,5.0,0.05555555555555555
6107,12.0,1.0,0.0,0.0,0.0,138.0,16.0,6.0,0.05555555555555555
6108,30.0,1.0,0.0,0.0,0.0,1151.0,23.0,6.0,0.2962962962962963
6109,3.0,1.0,0.0,0.0,1.0,265.0,19.0,0.0,0.018518518518518517
6110,9.0,1.0,0.0,0.0,1.0,262.0,9.0,1.0,0.037037037037037035
6111,17.0,1.0,0.0,0.0,1.0,262.0,12.0,1.0,0.16666666666666666
6112,15.0,1.0,0.0,0.0,1.0,200.0,17.0,1.0,0.07407407407407407
6113,27.0,1.0,0.0,0.0,0.0,85.0,20.0,1.0,0.14814814814814814
6114,1.0,1.0,0.0,1.0,1.0,93.0,14.0,2.0,0.0
6115,7.0,1.0,0.0,0.0,1.0,204.0,15.0,2.0,0.037037037037037035
6116,2.0,1.0,0.0,0.0,1.0,218.0,20.0,2.0,0.0
6117,6.0,1.0,0.0,0.0,0.0,214.0,20.0,2.0,0.037037037037037035
6118,42.0,1.0,0.0,0.0,0.0,148.0,7.0,3.0,0.3148148148148148
6119,2.0,1.0,0.0,0.0,1.0,127.0,18.0,3.0,0.018518518518518517
6120,10.0,1.0,0.0,0.0,0.0,158.0,22.0,3.0,0.1111111111111111
6121,5.0,1.0,0.0,0.0,0.0,150.0,20.0,6.0,0.05555555555555555
6122,15.0,1.0,0.0,0.0,1.0,121.0,8.0,6.0,0.12962962962962962
6123,6.0,1.0,0.0,0.0,0.0,112.0,11.0,6.0,0.09259259259259259
6124,11.0,1.0,0.0,0.0,0.0,139.0,19.0,6.0,0.09259259259259259
6125,21.0,1.0,0.0,0.0,0.0,139.0,20.0,6.0,0.2037037037037037
6126,18.0,1.0,0.0,0.0,0.0,89.0,21.0,2.0,0.09259259259259259
6127,36.0,1.0,0.0,0.0,1.0,276.0,13.0,4.0,0.07407407407407407
6128,2.0,1.0,0.0,1.0,0.0,96.0,19.0,4.0,0.018518518518518517
6129,6.0,1.0,0.0,0.0,1.0,203.0,6.0,0.0,0.09259259259259259
6130,50.0,1.0,0.0,0.0,0.0,113.0,13.0,0.0,0.37037037037037035
6131,1.0,1.0,0.0,0.0,0.0,111.0,20.0,5.0,0.0
6132,8.0,1.0,0.0,0.0,0.0,142.0,20.0,5.0,0.09259259259259259
6133,4.0,1.0,0.0,0.0,0.0,142.0,15.0,1.0,0.037037037037037035
6134,3.0,1.0,0.0,0.0,0.0,169.0,19.0,1.0,0.018518518518518517
6135,1.0,1.0,0.0,0.0,1.0,266.0,19.0,1.0,0.0
6136,30.0,1.0,0.0,1.0,0.0,232.0,21.0,1.0,0.2037037037037037
6137,5.0,1.0,0.0,0.0,1.0,154.0,8.0,6.0,0.037037037037037035
6138,7.0,1.0,0.0,1.0,0.0,279.0,18.0,6.0,0.07407407407407407
6139,6.0,1.0,0.0,0.0,0.0,121.0,8.0,1.0,0.018518518518518517
6140,32.0,1.0,0.0,0.0,0.0,293.0,13.0,1.0,0.16666666666666666
6141,7.0,1.0,0.0,0.0,1.0,164.0,21.0,1.0,0.05555555555555555
6142,1.0,1.0,0.0,0.0,0.0,275.0,7.0,2.0,0.0
6143,2.0,1.0,0.0,0.0,0.0,92.0,7.0,2.0,0.0
6144,4.0,1.0,0.0,0.0,0.0,120.0,7.0,2.0,0.037037037037037035
6145,6.0,1.0,0.0,0.0,0.0,207.0,7.0,2.0,0.05555555555555555
6146,12.0,1.0,0.0,0.0,0.0,191.0,12.0,2.0,0.12962962962962962
6147,7.0,1.0,0.0,0.0,0.0,399.0,16.0,2.0,0.05555555555555555
6148,2.0,1.0,0.0,1.0,0.0,384.0,19.0,2.0,0.0
6149,4.0,1.0,0.0,1.0,1.0,175.0,19.0,2.0,0.0
6150,1.0,1.0,0.0,0.0,0.0,232.0,6.0,3.0,0.0
6151,1.0,1.0,0.0,0.0,0.0,218.0,7.0,3.0,0.0
6152,22.0,1.0,0.0,0.0,0.0,218.0,7.0,3.0,0.14814814814814814
6153,1.0,1.0,0.0,0.0,0.0,218.0,14.0,3.0,0.0
6154,2.0,1.0,0.0,0.0,0.0,218.0,14.0,3.0,0.0
6155,1.0,1.0,0.0,0.0,0.0,218.0,14.0,3.0,0.0
6156,7.0,1.0,0.0,0.0,0.0,218.0,14.0,3.0,0.05555555555555555
6157,5.0,1.0,0.0,0.0,0.0,110.0,20.0,3.0,0.05555555555555555
6158,22.0,1.0,0.0,0.0,0.0,342.0,9.0,4.0,0.2037037037037037
6159,11.0,1.0,0.0,0.0,1.0,117.0,15.0,4.0,0.05555555555555555
6160,25.0,1.0,0.0,1.0,1.0,124.0,8.0,5.0,0.14814814814814814
6161,22.0,1.0,0.0,0.0,1.0,117.0,13.0,5.0,0.18518518518518517
6162,4.0,1.0,0.0,0.0,0.0,359.0,13.0,6.0,0.037037037037037035
6163,25.0,1.0,0.0,0.0,1.0,399.0,20.0,6.0,0.2037037037037037
6164,1.0,1.0,0.0,1.0,1.0,212.0,21.0,0.0,0.0
6165,3.0,1.0,0.0,0.0,0.0,236.0,22.0,0.0,0.0
6166,2.0,1.0,0.0,0.0,0.0,107.0,10.0,1.0,0.0
6167,9.0,1.0,0.0,1.0,0.0,225.0,10.0,1.0,0.09259259259259259
6168,8.0,1.0,0.0,0.0,0.0,108.0,16.0,1.0,0.1111111111111111
6169,26.0,1.0,0.0,0.0,0.0,228.0,17.0,1.0,0.16666666666666666
6170,1.0,1.0,0.0,0.0,0.0,405.0,13.0,2.0,0.0
6171,1.0,1.0,0.0,0.0,1.0,84.0,13.0,2.0,0.0
6172,7.0,1.0,0.0,0.0,0.0,199.0,13.0,2.0,0.07407407407407407
6173,13.0,1.0,0.0,1.0,0.0,96.0,20.0,2.0,0.14814814814814814
6174,18.0,1.0,0.0,1.0,0.0,261.0,11.0,3.0,0.037037037037037035
6175,7.0,1.0,0.0,0.0,0.0,273.0,16.0,3.0,0.037037037037037035
6176,48.0,1.0,0.0,0.0,0.0,152.0,20.0,3.0,0.3148148148148148
6177,2.0,1.0,0.0,0.0,1.0,91.0,23.0,4.0,0.0
6178,44.0,1.0,0.0,0.0,1.0,190.0,23.0,4.0,0.25925925925925924
6179,23.0,1.0,0.0,0.0,0.0,110.0,19.0,5.0,0.14814814814814814
6180,5.0,1.0,0.0,0.0,0.0,111.0,13.0,6.0,0.037037037037037035
6181,39.0,1.0,0.0,0.0,0.0,323.0,17.0,6.0,0.16666666666666666
6182,17.0,1.0,0.0,0.0,1.0,89.0,15.0,1.0,0.07407407407407407
6183,1.0,1.0,0.0,0.0,0.0,136.0,20.0,1.0,0.0
6184,13.0,1.0,0.0,0.0,0.0,238.0,20.0,1.0,0.1111111111111111
6185,1.0,1.0,0.0,0.0,0.0,87.0,12.0,2.0,0.0
6186,4.0,1.0,0.0,0.0,0.0,117.0,12.0,2.0,0.018518518518518517
6187,22.0,1.0,0.0,0.0,0.0,260.0,18.0,2.0,0.12962962962962962
6188,25.0,1.0,0.0,0.0,0.0,200.0,20.0,3.0,0.07407407407407407
6189,7.0,1.0,0.0,0.0,0.0,89.0,20.0,4.0,0.05555555555555555
6190,12.0,1.0,0.0,0.0,1.0,983.0,7.0,4.0,0.05555555555555555
6191,1.0,1.0,0.0,0.0,1.0,188.0,14.0,4.0,0.0
6192,1.0,1.0,0.0,0.0,0.0,451.0,14.0,4.0,0.0
6193,21.0,1.0,0.0,0.0,0.0,238.0,14.0,4.0,0.14814814814814814
6194,1.0,1.0,0.0,0.0,0.0,452.0,14.0,0.0,0.0
6195,3.0,1.0,0.0,0.0,0.0,448.0,14.0,0.0,0.037037037037037035
6196,7.0,1.0,0.0,0.0,1.0,122.0,23.0,0.0,0.07407407407407407
6197,1.0,1.0,0.0,0.0,0.0,86.0,12.0,0.0,0.0
6198,1.0,1.0,0.0,0.0,1.0,188.0,12.0,0.0,0.0
6199,2.0,1.0,0.0,0.0,0.0,86.0,12.0,0.0,0.0
6200,27.0,1.0,0.0,0.0,1.0,188.0,12.0,0.0,0.16666666666666666
6201,7.0,1.0,0.0,0.0,1.0,206.0,13.0,3.0,0.037037037037037035
6202,2.0,1.0,0.0,0.0,1.0,94.0,14.0,3.0,0.0
6203,16.0,1.0,0.0,0.0,0.0,664.0,15.0,3.0,0.07407407407407407
6204,27.0,1.0,0.0,0.0,0.0,647.0,20.0,3.0,0.07407407407407407
6205,10.0,1.0,0.0,0.0,0.0,102.0,13.0,5.0,0.037037037037037035
6206,10.0,1.0,0.0,0.0,0.0,134.0,15.0,5.0,0.05555555555555555
6207,11.0,1.0,0.0,0.0,0.0,405.0,18.0,5.0,0.018518518518518517
6208,2.0,1.0,0.0,0.0,0.0,150.0,21.0,5.0,0.018518518518518517
6209,14.0,1.0,0.0,0.0,1.0,185.0,21.0,5.0,0.07407407407407407
6210,5.0,1.0,0.0,0.0,0.0,147.0,12.0,1.0,0.037037037037037035
6211,1.0,1.0,0.0,0.0,0.0,186.0,14.0,1.0,0.0
6212,28.0,1.0,0.0,0.0,0.0,201.0,15.0,1.0,0.05555555555555555
6213,9.0,1.0,0.0,0.0,1.0,511.0,20.0,1.0,0.037037037037037035
6214,1.0,1.0,0.0,0.0,0.0,114.0,10.0,3.0,0.0
6215,7.0,1.0,0.0,0.0,0.0,174.0,11.0,3.0,0.09259259259259259
6216,7.0,1.0,0.0,0.0,0.0,260.0,15.0,3.0,0.07407407407407407
6217,30.0,1.0,0.0,0.0,0.0,162.0,22.0,3.0,0.16666666666666666
6218,19.0,1.0,0.0,0.0,0.0,428.0,23.0,6.0,0.12962962962962962
6219,7.0,1.0,0.0,0.0,0.0,244.0,15.0,4.0,0.07407407407407407
6220,1.0,1.0,0.0,0.0,0.0,421.0,22.0,4.0,0.0
6221,10.0,1.0,0.0,0.0,0.0,507.0,5.0,0.0,0.037037037037037035
6222,3.0,1.0,0.0,0.0,0.0,104.0,10.0,0.0,0.018518518518518517
6223,1.0,1.0,0.0,0.0,1.0,160.0,11.0,0.0,0.0
6224,36.0,1.0,0.0,0.0,0.0,421.0,11.0,0.0,0.2037037037037037
6225,1.0,1.0,0.0,0.0,0.0,250.0,10.0,2.0,0.0
6226,3.0,1.0,0.0,0.0,0.0,114.0,10.0,2.0,0.0
6227,1.0,1.0,0.0,0.0,0.0,165.0,10.0,2.0,0.0
6228,2.0,1.0,0.0,0.0,1.0,160.0,12.0,2.0,0.0
6229,1.0,1.0,0.0,0.0,0.0,109.0,12.0,2.0,0.0
6230,1.0,1.0,0.0,0.0,0.0,250.0,12.0,2.0,0.0
6231,2.0,1.0,0.0,0.0,0.0,114.0,12.0,2.0,0.018518518518518517
6232,1.0,1.0,0.0,0.0,0.0,244.0,15.0,2.0,0.0
6233,1.0,1.0,0.0,0.0,0.0,311.0,16.0,2.0,0.0
6234,2.0,1.0,0.0,0.0,0.0,311.0,16.0,2.0,0.018518518518518517
6235,1.0,1.0,0.0,0.0,0.0,365.0,17.0,2.0,0.0
6236,2.0,1.0,0.0,0.0,0.0,365.0,17.0,2.0,0.018518518518518517
6237,1.0,1.0,0.0,0.0,1.0,102.0,20.0,2.0,0.0
6238,29.0,1.0,0.0,0.0,0.0,405.0,20.0,2.0,0.09259259259259259
6239,8.0,1.0,0.0,0.0,0.0,163.0,18.0,3.0,0.037037037037037035
6240,2.0,1.0,0.0,0.0,0.0,179.0,19.0,3.0,0.018518518518518517
6241,10.0,1.0,0.0,0.0,0.0,90.0,19.0,3.0,0.05555555555555555
6242,1.0,1.0,0.0,0.0,0.0,287.0,9.0,4.0,0.0
6243,1.0,1.0,0.0,0.0,0.0,154.0,10.0,4.0,0.0
6244,7.0,1.0,0.0,1.0,0.0,203.0,11.0,4.0,0.05555555555555555
6245,24.0,1.0,0.0,0.0,0.0,98.0,5.0,5.0,0.09259259259259259
6246,18.0,1.0,0.0,0.0,1.0,104.0,22.0,5.0,0.09259259259259259
6247,4.0,1.0,0.0,0.0,0.0,145.0,20.0,6.0,0.037037037037037035
6248,19.0,1.0,0.0,0.0,0.0,1339.0,11.0,0.0,0.09259259259259259
6249,1.0,1.0,0.0,1.0,0.0,226.0,15.0,1.0,0.0
6250,14.0,1.0,0.0,1.0,0.0,226.0,15.0,1.0,0.09259259259259259
6251,2.0,1.0,0.0,1.0,1.0,160.0,8.0,3.0,0.0
6252,1.0,1.0,0.0,1.0,1.0,160.0,8.0,3.0,0.0
6253,5.0,1.0,0.0,0.0,1.0,672.0,12.0,3.0,0.05555555555555555
6254,1.0,1.0,0.0,0.0,0.0,319.0,15.0,3.0,0.0
6255,29.0,1.0,0.0,0.0,0.0,351.0,17.0,3.0,0.12962962962962962
6256,6.0,1.0,0.0,0.0,0.0,500.0,13.0,4.0,0.018518518518518517
6257,18.0,1.0,0.0,0.0,0.0,125.0,16.0,4.0,0.12962962962962962
6258,8.0,1.0,0.0,0.0,0.0,220.0,18.0,5.0,0.09259259259259259
6259,6.0,1.0,0.0,0.0,0.0,723.0,23.0,5.0,0.037037037037037035
6260,2.0,1.0,0.0,0.0,1.0,237.0,20.0,6.0,0.0
6261,9.0,1.0,0.0,0.0,0.0,173.0,23.0,6.0,0.07407407407407407
6262,2.0,1.0,0.0,0.0,0.0,109.0,9.0,0.0,0.0
6263,23.0,1.0,0.0,0.0,1.0,171.0,9.0,0.0,0.2962962962962963
6264,15.0,1.0,0.0,0.0,0.0,99.0,16.0,0.0,0.1111111111111111
6265,20.0,1.0,0.0,0.0,0.0,152.0,14.0,1.0,0.07407407407407407
6266,15.0,1.0,0.0,0.0,0.0,244.0,12.0,2.0,0.12962962962962962
6267,16.0,1.0,0.0,0.0,0.0,120.0,9.0,3.0,0.1111111111111111
6268,2.0,1.0,0.0,0.0,1.0,97.0,20.0,3.0,0.0
6269,1.0,1.0,0.0,0.0,0.0,207.0,20.0,3.0,0.0
6270,7.0,1.0,0.0,0.0,1.0,171.0,20.0,3.0,0.0
6271,10.0,1.0,0.0,0.0,0.0,109.0,8.0,4.0,0.018518518518518517
6272,23.0,1.0,0.0,0.0,0.0,144.0,15.0,4.0,0.16666666666666666
6273,43.0,1.0,0.0,0.0,1.0,181.0,12.0,6.0,0.4074074074074074
6274,4.0,1.0,0.0,0.0,0.0,287.0,12.0,1.0,0.018518518518518517
6275,2.0,1.0,0.0,0.0,1.0,104.0,19.0,1.0,0.0
6276,2.0,1.0,0.0,0.0,1.0,171.0,10.0,4.0,0.0
6277,49.0,1.0,0.0,0.0,0.0,192.0,10.0,4.0,0.2962962962962963
6278,3.0,1.0,0.0,0.0,0.0,115.0,18.0,4.0,0.018518518518518517
6279,31.0,1.0,0.0,0.0,1.0,104.0,22.0,4.0,0.09259259259259259
6280,1.0,1.0,0.0,0.0,0.0,192.0,15.0,4.0,0.0
6281,68.0,1.0,0.0,1.0,0.0,147.0,15.0,4.0,0.25925925925925924
6282,46.0,1.0,0.0,0.0,0.0,148.0,19.0,5.0,0.3148148148148148
6283,10.0,1.0,0.0,0.0,1.0,133.0,20.0,0.0,0.05555555555555555
6284,4.0,1.0,0.0,0.0,0.0,90.0,18.0,3.0,0.037037037037037035
6285,30.0,1.0,0.0,1.0,0.0,85.0,21.0,3.0,0.2222222222222222
6286,11.0,1.0,0.0,0.0,0.0,337.0,14.0,1.0,0.05555555555555555
6287,1.0,1.0,0.0,0.0,1.0,222.0,20.0,1.0,0.0
6288,1.0,1.0,0.0,0.0,1.0,213.0,20.0,1.0,0.0
6289,1.0,1.0,0.0,0.0,1.0,222.0,20.0,1.0,0.0
6290,16.0,1.0,0.0,0.0,1.0,213.0,20.0,1.0,0.07407407407407407
6291,8.0,1.0,0.0,0.0,0.0,101.0,13.0,4.0,0.07407407407407407
6292,2.0,1.0,0.0,0.0,0.0,173.0,15.0,4.0,0.018518518518518517
6293,4.0,1.0,0.0,0.0,0.0,104.0,17.0,4.0,0.05555555555555555
6294,13.0,1.0,0.0,0.0,0.0,294.0,19.0,4.0,0.07407407407407407
6295,56.0,1.0,0.0,0.0,1.0,191.0,9.0,6.0,0.2777777777777778
6296,34.0,1.0,0.0,0.0,1.0,200.0,14.0,6.0,0.2962962962962963
6297,36.0,1.0,0.0,1.0,0.0,170.0,19.0,1.0,0.3148148148148148
6298,4.0,1.0,0.0,0.0,1.0,276.0,20.0,2.0,0.018518518518518517
6299,4.0,1.0,0.0,0.0,0.0,267.0,21.0,2.0,0.0
6300,42.0,1.0,0.0,0.0,1.0,276.0,8.0,3.0,0.24074074074074073
6301,17.0,1.0,0.0,0.0,0.0,150.0,11.0,4.0,0.12962962962962962
6302,1.0,1.0,0.0,0.0,0.0,196.0,20.0,4.0,0.0
6303,21.0,1.0,0.0,0.0,0.0,188.0,20.0,4.0,0.07407407407407407
6304,13.0,1.0,0.0,0.0,0.0,141.0,10.0,5.0,0.1111111111111111
6305,26.0,1.0,0.0,0.0,1.0,143.0,11.0,5.0,0.2777777777777778
6306,5.0,1.0,0.0,1.0,0.0,333.0,19.0,5.0,0.05555555555555555
6307,11.0,1.0,0.0,0.0,1.0,90.0,22.0,5.0,0.09259259259259259
6308,1.0,1.0,0.0,0.0,0.0,108.0,17.0,6.0,0.0
6309,5.0,1.0,0.0,0.0,1.0,837.0,19.0,6.0,0.05555555555555555
6310,4.0,1.0,0.0,0.0,0.0,1385.0,6.0,0.0,0.037037037037037035
6311,3.0,1.0,0.0,0.0,0.0,358.0,7.0,0.0,0.037037037037037035
6312,1.0,1.0,0.0,0.0,1.0,215.0,9.0,0.0,0.0
6313,20.0,1.0,0.0,0.0,0.0,129.0,11.0,0.0,0.24074074074074073
6314,1.0,1.0,0.0,0.0,0.0,129.0,12.0,0.0,0.0
6315,20.0,1.0,0.0,0.0,0.0,109.0,12.0,0.0,0.18518518518518517
6316,8.0,1.0,0.0,0.0,0.0,129.0,17.0,0.0,0.07407407407407407
6317,4.0,1.0,0.0,0.0,0.0,185.0,15.0,1.0,0.05555555555555555
6318,4.0,1.0,0.0,0.0,1.0,100.0,9.0,2.0,0.018518518518518517
6319,22.0,1.0,0.0,0.0,0.0,490.0,11.0,2.0,0.2222222222222222
6320,9.0,1.0,0.0,0.0,0.0,343.0,15.0,2.0,0.05555555555555555
6321,9.0,1.0,0.0,0.0,0.0,170.0,23.0,2.0,0.07407407407407407
6322,2.0,1.0,0.0,0.0,0.0,174.0,16.0,3.0,0.0
6323,43.0,1.0,0.0,0.0,0.0,124.0,16.0,3.0,0.18518518518518517
6324,17.0,1.0,0.0,0.0,0.0,110.0,12.0,4.0,0.09259259259259259
6325,89.0,1.0,0.0,0.0,1.0,92.0,15.0,4.0,0.4074074074074074
6326,1.0,1.0,0.0,0.0,1.0,214.0,8.0,0.0,0.0
6327,1.0,1.0,0.0,0.0,1.0,214.0,8.0,0.0,0.0
6328,1.0,1.0,0.0,0.0,0.0,186.0,10.0,0.0,0.0
6329,71.0,1.0,0.0,0.0,1.0,740.0,11.0,0.0,0.3888888888888889
6330,1.0,1.0,0.0,0.0,0.0,327.0,19.0,1.0,0.0
6331,57.0,1.0,0.0,0.0,0.0,107.0,20.0,1.0,0.35185185185185186
6332,25.0,1.0,0.0,0.0,1.0,140.0,5.0,3.0,0.25925925925925924
6333,1.0,1.0,0.0,0.0,0.0,961.0,22.0,3.0,0.0
6334,6.0,1.0,0.0,0.0,0.0,961.0,22.0,3.0,0.05555555555555555
6335,8.0,1.0,0.0,1.0,0.0,203.0,7.0,2.0,0.1111111111111111
6336,12.0,1.0,0.0,0.0,1.0,86.0,10.0,2.0,0.16666666666666666
6337,4.0,1.0,0.0,0.0,1.0,158.0,15.0,2.0,0.018518518518518517
6338,41.0,1.0,0.0,0.0,0.0,135.0,15.0,2.0,0.25925925925925924
6339,8.0,1.0,0.0,0.0,1.0,249.0,21.0,2.0,0.07407407407407407
6340,12.0,1.0,0.0,0.0,0.0,99.0,8.0,5.0,0.1111111111111111
6341,24.0,1.0,0.0,0.0,1.0,253.0,19.0,5.0,0.018518518518518517
6342,3.0,1.0,0.0,0.0,1.0,106.0,18.0,5.0,0.037037037037037035
6343,2.0,1.0,0.0,0.0,0.0,99.0,19.0,5.0,0.0
6344,3.0,1.0,0.0,0.0,0.0,116.0,19.0,5.0,0.0
6345,3.0,1.0,0.0,0.0,1.0,130.0,22.0,5.0,0.018518518518518517
6346,12.0,1.0,0.0,0.0,1.0,127.0,8.0,1.0,0.09259259259259259
6347,8.0,1.0,0.0,0.0,1.0,244.0,9.0,3.0,0.037037037037037035
6348,36.0,1.0,0.0,0.0,1.0,442.0,11.0,3.0,0.16666666666666666
6349,5.0,1.0,0.0,0.0,0.0,174.0,5.0,6.0,0.037037037037037035
6350,33.0,1.0,0.0,0.0,1.0,94.0,11.0,6.0,0.35185185185185186
6351,3.0,1.0,0.0,0.0,0.0,153.0,15.0,1.0,0.037037037037037035
6352,14.0,1.0,0.0,0.0,0.0,1152.0,22.0,1.0,0.018518518518518517
6353,2.0,1.0,0.0,0.0,0.0,128.0,7.0,4.0,0.0
6354,52.0,1.0,0.0,0.0,0.0,96.0,11.0,4.0,0.3148148148148148
6355,1.0,1.0,0.0,0.0,0.0,158.0,22.0,0.0,0.0
6356,1.0,1.0,0.0,0.0,0.0,353.0,22.0,0.0,0.0
6357,1.0,1.0,0.0,0.0,0.0,340.0,22.0,0.0,0.0
6358,11.0,1.0,0.0,0.0,0.0,340.0,22.0,0.0,0.09259259259259259
6359,2.0,1.0,0.0,0.0,0.0,331.0,21.0,2.0,0.018518518518518517
6360,5.0,1.0,0.0,0.0,0.0,212.0,10.0,5.0,0.018518518518518517
6361,1.0,1.0,0.0,0.0,0.0,99.0,13.0,5.0,0.0
6362,12.0,1.0,0.0,0.0,0.0,93.0,13.0,5.0,0.12962962962962962
6363,15.0,1.0,0.0,0.0,0.0,315.0,20.0,5.0,0.07407407407407407
6364,21.0,1.0,0.0,0.0,1.0,104.0,7.0,2.0,0.2037037037037037
6365,20.0,1.0,0.0,0.0,0.0,299.0,22.0,3.0,0.16666666666666666
6366,25.0,1.0,0.0,1.0,0.0,172.0,13.0,4.0,0.18518518518518517
6367,3.0,1.0,0.0,0.0,0.0,93.0,20.0,4.0,0.018518518518518517
6368,2.0,1.0,0.0,0.0,0.0,109.0,21.0,4.0,0.0
6369,1.0,1.0,0.0,0.0,0.0,98.0,8.0,5.0,0.0
6370,23.0,1.0,0.0,0.0,0.0,197.0,8.0,5.0,0.24074074074074073
6371,3.0,1.0,0.0,0.0,0.0,193.0,18.0,6.0,0.018518518518518517
6372,2.0,1.0,0.0,0.0,0.0,264.0,18.0,6.0,0.018518518518518517
6373,1.0,1.0,0.0,0.0,0.0,430.0,22.0,6.0,0.0
6374,2.0,1.0,0.0,0.0,0.0,117.0,9.0,0.0,0.018518518518518517
6375,18.0,1.0,0.0,0.0,0.0,140.0,11.0,0.0,0.16666666666666666
6376,1.0,1.0,0.0,0.0,0.0,98.0,15.0,1.0,0.0
6377,2.0,1.0,0.0,0.0,0.0,221.0,21.0,1.0,0.018518518518518517
6378,1.0,1.0,0.0,0.0,0.0,147.0,22.0,1.0,0.0
6379,6.0,1.0,0.0,0.0,0.0,120.0,22.0,1.0,0.0
6380,1.0,1.0,0.0,0.0,1.0,153.0,22.0,1.0,0.0
6381,7.0,1.0,0.0,0.0,0.0,357.0,22.0,1.0,0.09259259259259259
6382,32.0,1.0,0.0,0.0,1.0,118.0,9.0,2.0,0.14814814814814814
6383,1.0,1.0,0.0,0.0,0.0,131.0,17.0,3.0,0.0
6384,2.0,1.0,0.0,0.0,0.0,131.0,17.0,3.0,0.0
6385,3.0,1.0,0.0,0.0,1.0,140.0,17.0,3.0,0.018518518518518517
6386,13.0,1.0,0.0,0.0,0.0,186.0,19.0,3.0,0.14814814814814814
6387,3.0,1.0,0.0,0.0,0.0,240.0,8.0,5.0,0.0
6388,47.0,1.0,0.0,0.0,0.0,175.0,9.0,5.0,0.4074074074074074
6389,7.0,1.0,0.0,0.0,0.0,115.0,15.0,6.0,0.07407407407407407
6390,7.0,2.0,1.0,0.0,0.0,0.0,15.0,1.0,0.16666666666666666
6391,2.0,2.0,0.0,0.0,0.0,102.0,21.0,3.0,0.03333333333333333
6392,3.0,2.0,0.0,0.0,0.0,124.0,7.0,4.0,0.06666666666666667
6393,1.0,2.0,0.0,0.0,0.0,346.0,14.0,4.0,0.0
6394,2.0,2.0,0.0,0.0,0.0,132.0,12.0,5.0,0.0
6395,5.0,2.0,0.0,0.0,0.0,337.0,13.0,0.0,0.06666666666666667
6396,16.0,2.0,0.0,0.0,0.0,301.0,14.0,4.0,0.1
6397,11.0,2.0,0.0,0.0,1.0,199.0,22.0,0.0,0.26666666666666666
6398,3.0,2.0,0.0,0.0,0.0,117.0,19.0,2.0,0.03333333333333333
6399,1.0,2.0,0.0,0.0,0.0,271.0,15.0,5.0,0.0
6400,2.0,2.0,0.0,0.0,0.0,263.0,15.0,5.0,0.03333333333333333
6401,2.0,2.0,0.0,1.0,0.0,94.0,21.0,5.0,0.0
6402,13.0,2.0,0.0,1.0,0.0,94.0,21.0,5.0,0.16666666666666666
6403,1.0,2.0,0.0,0.0,0.0,408.0,19.0,1.0,0.0
6404,3.0,2.0,0.0,0.0,0.0,658.0,19.0,1.0,0.03333333333333333
6405,1.0,2.0,0.0,0.0,0.0,288.0,20.0,4.0,0.0
6406,9.0,2.0,0.0,0.0,0.0,288.0,20.0,4.0,0.13333333333333333
6407,1.0,2.0,0.0,0.0,0.0,355.0,19.0,4.0,0.0
6408,3.0,2.0,0.0,0.0,0.0,218.0,20.0,4.0,0.03333333333333333
6409,4.0,2.0,0.0,0.0,0.0,210.0,22.0,4.0,0.06666666666666667
6410,3.0,2.0,0.0,0.0,0.0,527.0,19.0,5.0,0.06666666666666667
6411,3.0,2.0,0.0,0.0,0.0,3179.0,20.0,6.0,0.03333333333333333
6412,1.0,2.0,0.0,0.0,0.0,822.0,8.0,0.0,0.0
6413,55.0,2.0,0.0,0.0,0.0,1758.0,8.0,0.0,0.5
6414,40.0,2.0,0.0,0.0,0.0,527.0,22.0,0.0,0.4666666666666667
6415,9.0,2.0,0.0,0.0,0.0,230.0,15.0,4.0,0.13333333333333333
6416,1.0,2.0,0.0,0.0,1.0,114.0,11.0,6.0,0.0
6417,7.0,2.0,0.0,0.0,0.0,469.0,15.0,6.0,0.13333333333333333
6418,2.0,2.0,0.0,0.0,0.0,794.0,18.0,2.0,0.03333333333333333
6419,5.0,2.0,0.0,0.0,0.0,759.0,19.0,3.0,0.1
6420,1.0,2.0,0.0,0.0,0.0,342.0,15.0,5.0,0.0
6421,3.0,2.0,0.0,0.0,0.0,341.0,19.0,5.0,0.06666666666666667
6422,5.0,2.0,0.0,0.0,0.0,367.0,11.0,6.0,0.06666666666666667
6423,8.0,3.0,0.0,0.0,1.0,17.0,4.0,3.0,0.1111111111111111
6424,35.0,3.0,0.0,0.0,0.0,99.0,19.0,5.0,0.3333333333333333
6425,8.0,3.0,0.0,0.0,1.0,91.0,10.0,5.0,0.1111111111111111
6426,5.0,3.0,0.0,0.0,0.0,257.0,20.0,2.0,0.2222222222222222
6427,4.0,3.0,0.0,0.0,0.0,98.0,13.0,5.0,0.1111111111111111
6428,8.0,3.0,0.0,0.0,0.0,165.0,13.0,5.0,0.1111111111111111
6429,19.0,3.0,0.0,0.0,1.0,90.0,13.0,5.0,0.2222222222222222
6430,33.0,3.0,0.0,0.0,1.0,108.0,15.0,5.0,0.4444444444444444
6431,66.0,3.0,0.0,0.0,0.0,119.0,21.0,2.0,0.5555555555555556
6432,50.0,3.0,0.0,0.0,0.0,92.0,11.0,4.0,0.4444444444444444
6433,21.0,3.0,0.0,0.0,0.0,162.0,23.0,3.0,0.2222222222222222
6434,9.0,3.0,0.0,0.0,0.0,194.0,14.0,6.0,0.0
6435,27.0,3.0,0.0,0.0,0.0,134.0,16.0,5.0,0.3333333333333333
6436,7.0,2.0,0.0,0.0,0.0,4.0,15.0,4.0,0.0
6437,4.0,2.0,0.0,0.0,0.0,106.0,15.0,4.0,0.024096385542168676
6438,12.0,2.0,0.0,0.0,0.0,175.0,15.0,4.0,0.04819277108433735
6439,12.0,2.0,0.0,0.0,1.0,278.0,18.0,4.0,0.07228915662650602
6440,1.0,2.0,0.0,0.0,0.0,132.0,21.0,4.0,0.0
6441,18.0,2.0,0.0,0.0,0.0,138.0,21.0,4.0,0.08433734939759036
6442,16.0,2.0,0.0,0.0,0.0,149.0,11.0,5.0,0.08433734939759036
6443,65.0,2.0,0.0,0.0,0.0,128.0,22.0,5.0,0.18072289156626506
6444,8.0,2.0,0.0,0.0,0.0,250.0,14.0,0.0,0.04819277108433735
6445,14.0,2.0,0.0,0.0,0.0,211.0,14.0,0.0,0.024096385542168676
6446,5.0,2.0,0.0,0.0,0.0,101.0,16.0,0.0,0.024096385542168676
6447,1.0,2.0,0.0,0.0,0.0,117.0,16.0,0.0,0.0
6448,2.0,2.0,0.0,0.0,0.0,111.0,16.0,0.0,0.0
6449,53.0,2.0,0.0,0.0,0.0,114.0,18.0,0.0,0.1927710843373494
6450,17.0,2.0,0.0,0.0,0.0,97.0,11.0,2.0,0.08433734939759036
6451,8.0,2.0,0.0,0.0,0.0,116.0,15.0,2.0,0.04819277108433735
6452,2.0,2.0,0.0,0.0,1.0,135.0,15.0,2.0,0.012048192771084338
6453,61.0,2.0,0.0,0.0,0.0,131.0,15.0,2.0,0.26506024096385544
6454,2.0,2.0,0.0,0.0,0.0,102.0,8.0,4.0,0.012048192771084338
6455,32.0,2.0,0.0,0.0,0.0,103.0,9.0,4.0,0.14457831325301204
6456,8.0,2.0,0.0,0.0,1.0,120.0,19.0,4.0,0.04819277108433735
6457,32.0,2.0,0.0,0.0,0.0,189.0,20.0,4.0,0.08433734939759036
6458,5.0,2.0,0.0,0.0,1.0,115.0,20.0,5.0,0.024096385542168676
6459,11.0,2.0,0.0,0.0,0.0,89.0,20.0,5.0,0.03614457831325301
6460,1.0,2.0,0.0,0.0,1.0,171.0,21.0,6.0,0.0
6461,12.0,2.0,0.0,0.0,0.0,127.0,22.0,6.0,0.024096385542168676
6462,2.0,2.0,0.0,0.0,1.0,149.0,14.0,0.0,0.012048192771084338
6463,20.0,2.0,0.0,0.0,0.0,89.0,14.0,0.0,0.07228915662650602
6464,2.0,2.0,0.0,0.0,1.0,119.0,19.0,0.0,0.012048192771084338
6465,6.0,2.0,0.0,0.0,1.0,161.0,19.0,0.0,0.03614457831325301
6466,2.0,2.0,0.0,0.0,0.0,107.0,19.0,0.0,0.012048192771084338
6467,21.0,2.0,0.0,0.0,0.0,87.0,19.0,0.0,0.060240963855421686
6468,21.0,2.0,0.0,0.0,0.0,89.0,20.0,0.0,0.07228915662650602
6469,5.0,2.0,0.0,1.0,0.0,152.0,20.0,0.0,0.024096385542168676
6470,13.0,2.0,0.0,0.0,1.0,137.0,20.0,0.0,0.060240963855421686
6471,4.0,2.0,0.0,0.0,0.0,147.0,21.0,0.0,0.024096385542168676
6472,1.0,2.0,0.0,0.0,0.0,121.0,22.0,0.0,0.0
6473,1.0,2.0,0.0,0.0,0.0,105.0,9.0,1.0,0.0
6474,1.0,2.0,0.0,0.0,1.0,143.0,10.0,1.0,0.0
6475,71.0,2.0,0.0,0.0,0.0,108.0,10.0,1.0,0.21686746987951808
6476,4.0,2.0,0.0,0.0,0.0,191.0,20.0,3.0,0.012048192771084338
6477,7.0,2.0,0.0,0.0,1.0,86.0,20.0,3.0,0.024096385542168676
6478,16.0,2.0,0.0,0.0,0.0,143.0,11.0,4.0,0.12048192771084337
6479,55.0,2.0,0.0,0.0,0.0,109.0,6.0,0.0,0.14457831325301204
6480,27.0,2.0,0.0,0.0,0.0,135.0,20.0,1.0,0.0963855421686747
6481,47.0,2.0,0.0,0.0,1.0,91.0,13.0,3.0,0.07228915662650602
6482,1.0,2.0,0.0,0.0,0.0,168.0,18.0,4.0,0.0
6483,6.0,2.0,0.0,0.0,0.0,96.0,18.0,4.0,0.03614457831325301
6484,1.0,2.0,0.0,0.0,0.0,168.0,20.0,4.0,0.0
6485,1.0,2.0,0.0,0.0,1.0,120.0,20.0,4.0,0.0
6486,5.0,2.0,0.0,0.0,1.0,141.0,20.0,4.0,0.024096385542168676
6487,60.0,2.0,0.0,0.0,0.0,168.0,20.0,4.0,0.1927710843373494
6488,1.0,2.0,0.0,0.0,0.0,97.0,12.0,0.0,0.0
6489,7.0,2.0,0.0,0.0,0.0,97.0,12.0,0.0,0.0
6490,2.0,2.0,0.0,0.0,0.0,97.0,12.0,0.0,0.012048192771084338
6491,9.0,2.0,0.0,0.0,0.0,109.0,13.0,0.0,0.024096385542168676
6492,4.0,2.0,0.0,0.0,0.0,207.0,14.0,0.0,0.024096385542168676
6493,50.0,2.0,0.0,0.0,0.0,105.0,15.0,0.0,0.10843373493975904
6494,18.0,2.0,0.0,0.0,0.0,99.0,10.0,3.0,0.04819277108433735
6495,5.0,2.0,0.0,0.0,0.0,144.0,14.0,3.0,0.012048192771084338
6496,1.0,2.0,0.0,0.0,1.0,92.0,14.0,3.0,0.0
6497,1.0,2.0,0.0,0.0,0.0,90.0,14.0,3.0,0.0
6498,6.0,2.0,0.0,0.0,0.0,126.0,14.0,3.0,0.012048192771084338
6499,18.0,2.0,0.0,0.0,0.0,170.0,14.0,3.0,0.04819277108433735
6500,4.0,2.0,0.0,0.0,0.0,367.0,12.0,6.0,0.0
6501,7.0,2.0,0.0,0.0,0.0,161.0,12.0,6.0,0.060240963855421686
6502,5.0,2.0,0.0,0.0,0.0,100.0,13.0,0.0,0.012048192771084338
6503,5.0,2.0,0.0,1.0,0.0,102.0,21.0,0.0,0.012048192771084338
6504,4.0,2.0,0.0,0.0,0.0,238.0,9.0,1.0,0.012048192771084338
6505,34.0,2.0,0.0,0.0,0.0,121.0,10.0,1.0,0.1566265060240964
6506,16.0,2.0,0.0,0.0,0.0,165.0,12.0,2.0,0.060240963855421686
6507,2.0,2.0,0.0,0.0,0.0,327.0,14.0,2.0,0.012048192771084338
6508,7.0,2.0,0.0,0.0,1.0,97.0,14.0,2.0,0.04819277108433735
6509,28.0,2.0,0.0,0.0,0.0,99.0,15.0,2.0,0.1927710843373494
6510,29.0,2.0,0.0,0.0,1.0,104.0,9.0,3.0,0.13253012048192772
6511,1.0,2.0,0.0,1.0,0.0,250.0,17.0,3.0,0.0
6512,66.0,2.0,0.0,1.0,0.0,250.0,17.0,3.0,0.1927710843373494
6513,57.0,2.0,0.0,0.0,0.0,163.0,13.0,1.0,0.14457831325301204
6514,1.0,2.0,0.0,0.0,1.0,189.0,17.0,6.0,0.0
6515,29.0,2.0,0.0,1.0,0.0,92.0,10.0,0.0,0.12048192771084337
6516,3.0,2.0,0.0,1.0,0.0,144.0,14.0,1.0,0.024096385542168676
6517,8.0,2.0,0.0,0.0,0.0,105.0,19.0,1.0,0.07228915662650602
6518,10.0,2.0,0.0,0.0,0.0,337.0,18.0,2.0,0.0963855421686747
6519,13.0,2.0,0.0,0.0,0.0,197.0,14.0,3.0,0.08433734939759036
6520,1.0,2.0,0.0,0.0,0.0,122.0,21.0,6.0,0.0
6521,17.0,2.0,0.0,0.0,0.0,122.0,21.0,6.0,0.04819277108433735
6522,2.0,2.0,0.0,0.0,0.0,1143.0,11.0,3.0,0.0
6523,16.0,2.0,0.0,0.0,1.0,98.0,11.0,3.0,0.060240963855421686
6524,12.0,2.0,0.0,0.0,1.0,331.0,12.0,3.0,0.060240963855421686
6525,17.0,2.0,0.0,0.0,1.0,298.0,8.0,4.0,0.04819277108433735
6526,8.0,2.0,0.0,0.0,0.0,224.0,11.0,0.0,0.03614457831325301
6527,4.0,2.0,0.0,0.0,0.0,121.0,19.0,0.0,0.024096385542168676
6528,14.0,2.0,0.0,0.0,1.0,88.0,19.0,0.0,0.0963855421686747
6529,1.0,2.0,0.0,0.0,1.0,159.0,19.0,3.0,0.0
6530,10.0,2.0,0.0,0.0,1.0,201.0,19.0,3.0,0.060240963855421686
6531,29.0,2.0,0.0,0.0,0.0,107.0,10.0,5.0,0.14457831325301204
6532,7.0,2.0,0.0,0.0,0.0,110.0,12.0,1.0,0.03614457831325301
6533,47.0,2.0,0.0,0.0,0.0,183.0,13.0,1.0,0.26506024096385544
6534,5.0,2.0,0.0,0.0,1.0,319.0,15.0,1.0,0.03614457831325301
6535,2.0,2.0,0.0,0.0,0.0,346.0,19.0,1.0,0.012048192771084338
6536,1.0,2.0,0.0,0.0,1.0,111.0,19.0,1.0,0.0
6537,4.0,2.0,0.0,0.0,0.0,142.0,19.0,1.0,0.03614457831325301
6538,37.0,2.0,0.0,0.0,1.0,357.0,20.0,1.0,0.1566265060240964
6539,9.0,2.0,0.0,0.0,1.0,100.0,12.0,2.0,0.060240963855421686
6540,2.0,2.0,0.0,0.0,0.0,264.0,9.0,4.0,0.012048192771084338
6541,31.0,2.0,0.0,0.0,1.0,85.0,9.0,4.0,0.12048192771084337
6542,2.0,2.0,0.0,0.0,0.0,95.0,9.0,5.0,0.012048192771084338
6543,3.0,2.0,0.0,0.0,0.0,105.0,11.0,0.0,0.024096385542168676
6544,2.0,2.0,0.0,0.0,0.0,226.0,17.0,0.0,0.012048192771084338
6545,1.0,2.0,0.0,0.0,0.0,149.0,17.0,0.0,0.0
6546,34.0,2.0,0.0,0.0,0.0,86.0,17.0,0.0,0.0963855421686747
6547,1.0,2.0,0.0,0.0,0.0,106.0,17.0,3.0,0.0
6548,3.0,2.0,0.0,0.0,0.0,329.0,19.0,3.0,0.0
6549,3.0,2.0,0.0,0.0,0.0,112.0,19.0,3.0,0.012048192771084338
6550,7.0,2.0,0.0,0.0,0.0,158.0,19.0,3.0,0.012048192771084338
6551,17.0,2.0,0.0,0.0,0.0,112.0,20.0,3.0,0.060240963855421686
6552,39.0,2.0,0.0,0.0,1.0,130.0,21.0,3.0,0.1566265060240964
6553,5.0,2.0,0.0,0.0,0.0,382.0,11.0,0.0,0.012048192771084338
6554,14.0,2.0,0.0,0.0,0.0,302.0,12.0,0.0,0.10843373493975904
6555,6.0,2.0,0.0,0.0,0.0,111.0,20.0,1.0,0.03614457831325301
6556,5.0,2.0,0.0,0.0,0.0,111.0,12.0,2.0,0.03614457831325301
6557,1.0,2.0,0.0,0.0,0.0,555.0,10.0,5.0,0.0
6558,2.0,2.0,0.0,0.0,1.0,243.0,10.0,5.0,0.012048192771084338
6559,42.0,2.0,0.0,0.0,0.0,127.0,11.0,5.0,0.21686746987951808
6560,18.0,2.0,0.0,0.0,0.0,85.0,9.0,1.0,0.08433734939759036
6561,48.0,2.0,0.0,0.0,0.0,122.0,20.0,1.0,0.1686746987951807
6562,42.0,2.0,0.0,0.0,1.0,151.0,19.0,4.0,0.21686746987951808
6563,2.0,2.0,0.0,0.0,0.0,160.0,13.0,2.0,0.012048192771084338
6564,12.0,2.0,0.0,0.0,1.0,92.0,15.0,2.0,0.0963855421686747
6565,1.0,2.0,0.0,0.0,1.0,135.0,21.0,2.0,0.0
6566,2.0,2.0,0.0,0.0,0.0,161.0,21.0,2.0,0.012048192771084338
6567,1.0,2.0,0.0,0.0,1.0,338.0,21.0,2.0,0.0
6568,1.0,2.0,0.0,0.0,0.0,454.0,22.0,2.0,0.0
6569,2.0,2.0,0.0,0.0,0.0,166.0,22.0,2.0,0.0
6570,18.0,2.0,0.0,0.0,0.0,253.0,22.0,2.0,0.08433734939759036
6571,13.0,2.0,0.0,0.0,0.0,218.0,19.0,0.0,0.0963855421686747
6572,10.0,2.0,0.0,0.0,0.0,137.0,18.0,2.0,0.060240963855421686
6573,1.0,2.0,0.0,0.0,0.0,139.0,21.0,2.0,0.0
6574,25.0,2.0,0.0,0.0,0.0,88.0,21.0,2.0,0.10843373493975904
6575,5.0,2.0,0.0,0.0,0.0,337.0,13.0,0.0,0.012048192771084338
6576,6.0,2.0,0.0,0.0,0.0,119.0,16.0,0.0,0.03614457831325301
6577,3.0,2.0,0.0,1.0,0.0,147.0,20.0,1.0,0.012048192771084338
6578,2.0,2.0,0.0,0.0,0.0,147.0,20.0,1.0,0.012048192771084338
6579,5.0,2.0,0.0,0.0,0.0,128.0,22.0,1.0,0.024096385542168676
6580,2.0,2.0,0.0,0.0,0.0,90.0,12.0,2.0,0.012048192771084338
6581,2.0,2.0,0.0,0.0,0.0,90.0,17.0,2.0,0.012048192771084338
6582,23.0,2.0,0.0,0.0,0.0,90.0,17.0,2.0,0.14457831325301204
6583,1.0,2.0,0.0,0.0,1.0,389.0,21.0,6.0,0.0
6584,2.0,2.0,0.0,0.0,0.0,233.0,21.0,6.0,0.012048192771084338
6585,8.0,2.0,0.0,0.0,0.0,97.0,21.0,6.0,0.024096385542168676
6586,3.0,2.0,0.0,0.0,0.0,86.0,9.0,0.0,0.012048192771084338
6587,1.0,2.0,0.0,0.0,0.0,110.0,10.0,0.0,0.0
6588,5.0,2.0,0.0,0.0,0.0,235.0,10.0,0.0,0.024096385542168676
6589,20.0,2.0,0.0,0.0,0.0,168.0,12.0,0.0,0.10843373493975904
6590,1.0,2.0,0.0,0.0,1.0,239.0,18.0,3.0,0.0
6591,3.0,2.0,0.0,0.0,0.0,146.0,18.0,3.0,0.024096385542168676
6592,12.0,2.0,0.0,1.0,0.0,94.0,21.0,3.0,0.07228915662650602
6593,1.0,2.0,0.0,0.0,1.0,83.0,8.0,4.0,0.0
6594,11.0,2.0,0.0,0.0,0.0,185.0,9.0,4.0,0.0963855421686747
6595,3.0,2.0,0.0,0.0,1.0,241.0,21.0,4.0,0.024096385542168676
6596,3.0,2.0,0.0,0.0,0.0,98.0,8.0,5.0,0.024096385542168676
6597,9.0,2.0,0.0,0.0,1.0,175.0,15.0,5.0,0.08433734939759036
6598,35.0,2.0,0.0,0.0,1.0,84.0,21.0,1.0,0.1566265060240964
6599,3.0,2.0,0.0,0.0,1.0,77.0,18.0,3.0,0.024096385542168676
6600,6.0,2.0,0.0,0.0,0.0,193.0,16.0,4.0,0.024096385542168676
6601,6.0,2.0,0.0,0.0,1.0,109.0,19.0,0.0,0.03614457831325301
6602,7.0,2.0,0.0,0.0,1.0,208.0,22.0,1.0,0.04819277108433735
6603,12.0,3.0,0.0,0.0,1.0,17.0,4.0,3.0,0.1
6604,76.0,3.0,0.0,0.0,1.0,99.0,17.0,3.0,0.2
6605,11.0,3.0,0.0,0.0,0.0,105.0,15.0,5.0,0.1
6606,6.0,3.0,0.0,0.0,1.0,89.0,20.0,2.0,0.1
6607,28.0,3.0,0.0,0.0,0.0,101.0,20.0,2.0,0.2
6608,26.0,3.0,0.0,0.0,0.0,264.0,18.0,2.0,0.2
6609,26.0,3.0,0.0,0.0,0.0,176.0,21.0,2.0,0.2
6610,1.0,3.0,0.0,0.0,0.0,156.0,21.0,2.0,0.0
6611,2.0,3.0,0.0,0.0,1.0,89.0,21.0,2.0,0.0
6612,6.0,3.0,0.0,0.0,0.0,202.0,21.0,2.0,0.1
6613,85.0,3.0,0.0,0.0,0.0,139.0,21.0,2.0,0.3
6614,1.0,3.0,0.0,0.0,0.0,209.0,11.0,3.0,0.0
6615,17.0,3.0,0.0,0.0,0.0,88.0,11.0,3.0,0.3
6616,10.0,3.0,0.0,0.0,1.0,85.0,11.0,4.0,0.2
6617,4.0,3.0,0.0,0.0,0.0,86.0,15.0,4.0,0.1
6618,30.0,3.0,0.0,0.0,1.0,92.0,15.0,4.0,0.4
6619,4.0,3.0,0.0,0.0,0.0,150.0,22.0,2.0,0.1
6620,46.0,3.0,0.0,0.0,0.0,94.0,22.0,2.0,0.4
6621,1.0,3.0,0.0,0.0,1.0,318.0,23.0,4.0,0.0
6622,12.0,3.0,0.0,0.0,1.0,230.0,23.0,4.0,0.3
6623,15.0,3.0,0.0,0.0,0.0,114.0,20.0,3.0,0.3
6624,5.0,3.0,0.0,0.0,0.0,88.0,13.0,2.0,0.2
6625,59.0,3.0,0.0,0.0,0.0,118.0,14.0,2.0,0.6
6626,2.0,3.0,0.0,0.0,0.0,301.0,19.0,3.0,0.0
6627,4.0,3.0,0.0,0.0,0.0,93.0,19.0,3.0,0.2
6628,6.0,3.0,0.0,0.0,0.0,98.0,19.0,3.0,0.2
6629,25.0,3.0,0.0,0.0,0.0,108.0,20.0,3.0,0.3
6630,21.0,3.0,0.0,0.0,0.0,134.0,16.0,5.0,0.4
6631,45.0,3.0,0.0,0.0,0.0,193.0,0.0,3.0,0.6
6632,44.0,3.0,0.0,0.0,0.0,129.0,18.0,2.0,0.4
6633,1.0,2.0,0.0,0.0,0.0,95.0,17.0,1.0,0.0
6634,43.0,2.0,0.0,0.0,0.0,123.0,17.0,1.0,0.19607843137254902
6635,86.0,2.0,0.0,0.0,0.0,109.0,21.0,2.0,0.3137254901960784
6636,5.0,2.0,0.0,0.0,0.0,199.0,10.0,4.0,0.0784313725490196
6637,6.0,2.0,0.0,0.0,0.0,221.0,12.0,4.0,0.0784313725490196
6638,6.0,2.0,0.0,0.0,1.0,183.0,15.0,4.0,0.0392156862745098
6639,4.0,2.0,0.0,0.0,0.0,99.0,17.0,0.0,0.0196078431372549
6640,1.0,2.0,0.0,0.0,1.0,125.0,17.0,0.0,0.0
6641,11.0,2.0,0.0,0.0,0.0,97.0,17.0,0.0,0.0784313725490196
6642,4.0,2.0,0.0,0.0,0.0,108.0,10.0,5.0,0.058823529411764705
6643,6.0,2.0,0.0,0.0,1.0,143.0,12.0,5.0,0.058823529411764705
6644,2.0,2.0,0.0,0.0,0.0,189.0,12.0,1.0,0.0
6645,2.0,2.0,0.0,0.0,1.0,458.0,12.0,1.0,0.0
6646,2.0,2.0,0.0,0.0,0.0,172.0,12.0,1.0,0.0196078431372549
6647,6.0,2.0,0.0,0.0,0.0,225.0,15.0,3.0,0.058823529411764705
6648,1.0,2.0,0.0,0.0,0.0,125.0,10.0,5.0,0.0
6649,2.0,2.0,0.0,0.0,0.0,133.0,14.0,6.0,0.0
6650,1.0,2.0,0.0,0.0,0.0,168.0,22.0,6.0,0.0
6651,8.0,2.0,0.0,0.0,1.0,130.0,9.0,1.0,0.0784313725490196
6652,1.0,2.0,0.0,1.0,0.0,241.0,11.0,0.0,0.0
6653,23.0,2.0,0.0,0.0,0.0,219.0,22.0,1.0,0.0392156862745098
6654,3.0,2.0,0.0,1.0,0.0,118.0,6.0,3.0,0.0196078431372549
6655,24.0,2.0,0.0,0.0,0.0,133.0,9.0,3.0,0.0392156862745098
6656,3.0,2.0,0.0,0.0,0.0,186.0,10.0,5.0,0.0
6657,12.0,2.0,0.0,0.0,0.0,98.0,7.0,6.0,0.0196078431372549
6658,11.0,2.0,0.0,0.0,0.0,169.0,11.0,6.0,0.0784313725490196
6659,3.0,2.0,0.0,0.0,1.0,147.0,22.0,2.0,0.0196078431372549
6660,7.0,2.0,0.0,0.0,0.0,97.0,22.0,2.0,0.058823529411764705
6661,2.0,2.0,0.0,1.0,0.0,159.0,12.0,5.0,0.0
6662,2.0,2.0,0.0,1.0,0.0,218.0,16.0,5.0,0.0196078431372549
6663,3.0,2.0,0.0,0.0,0.0,152.0,16.0,5.0,0.0196078431372549
6664,2.0,2.0,0.0,1.0,0.0,179.0,21.0,1.0,0.0196078431372549
6665,13.0,2.0,0.0,0.0,0.0,297.0,9.0,4.0,0.0392156862745098
6666,2.0,2.0,0.0,0.0,0.0,198.0,16.0,2.0,0.0
6667,46.0,2.0,0.0,0.0,0.0,428.0,6.0,4.0,0.11764705882352941
6668,16.0,2.0,0.0,0.0,0.0,214.0,20.0,2.0,0.058823529411764705
6669,17.0,2.0,0.0,0.0,0.0,177.0,20.0,5.0,0.058823529411764705
6670,3.0,2.0,0.0,0.0,0.0,88.0,10.0,5.0,0.0196078431372549
6671,18.0,2.0,0.0,0.0,1.0,106.0,5.0,3.0,0.0784313725490196
6672,68.0,2.0,0.0,0.0,1.0,106.0,6.0,6.0,0.0392156862745098
6673,93.0,2.0,0.0,0.0,0.0,155.0,6.0,5.0,0.0784313725490196
6674,1.0,2.0,0.0,0.0,0.0,286.0,6.0,3.0,0.0
6675,1.0,2.0,0.0,0.0,0.0,122.0,6.0,3.0,0.0
6676,9.0,2.0,0.0,0.0,1.0,162.0,6.0,3.0,0.0196078431372549
6677,45.0,2.0,0.0,0.0,0.0,175.0,5.0,4.0,0.0392156862745098
6678,1.0,2.0,0.0,0.0,0.0,145.0,10.0,4.0,0.0
6679,38.0,2.0,0.0,0.0,0.0,130.0,10.0,4.0,0.0392156862745098
6680,4.0,2.0,0.0,0.0,0.0,122.0,7.0,3.0,0.0392156862745098
6681,34.0,2.0,0.0,1.0,0.0,119.0,21.0,3.0,0.0392156862745098
6682,3.0,2.0,0.0,0.0,0.0,96.0,14.0,4.0,0.0
6683,3.0,2.0,0.0,0.0,0.0,96.0,15.0,4.0,0.0392156862745098
6684,6.0,2.0,0.0,0.0,1.0,112.0,20.0,4.0,0.0196078431372549
6685,26.0,2.0,0.0,0.0,1.0,291.0,5.0,5.0,0.0392156862745098
6686,54.0,2.0,0.0,0.0,0.0,352.0,5.0,0.0,0.0392156862745098
6687,84.0,2.0,0.0,0.0,0.0,527.0,5.0,3.0,0.11764705882352941
6688,11.0,2.0,0.0,0.0,0.0,174.0,6.0,4.0,0.0
6689,7.0,2.0,0.0,0.0,1.0,105.0,21.0,5.0,0.0
6690,33.0,2.0,0.0,0.0,1.0,470.0,6.0,6.0,0.0196078431372549
6691,1.0,2.0,0.0,0.0,0.0,526.0,19.0,0.0,0.0
6692,15.0,2.0,0.0,0.0,0.0,151.0,19.0,0.0,0.0392156862745098
6693,19.0,2.0,0.0,0.0,1.0,339.0,21.0,1.0,0.09803921568627451
6694,18.0,2.0,0.0,0.0,0.0,88.0,8.0,5.0,0.0196078431372549
6695,30.0,2.0,0.0,0.0,1.0,233.0,5.0,1.0,0.0
6696,7.0,2.0,0.0,0.0,0.0,99.0,18.0,3.0,0.0392156862745098
6697,8.0,2.0,0.0,0.0,0.0,112.0,22.0,3.0,0.0392156862745098
6698,1.0,2.0,0.0,0.0,0.0,137.0,5.0,1.0,0.0
6699,17.0,2.0,0.0,0.0,1.0,322.0,5.0,1.0,0.0
6700,2.0,2.0,0.0,0.0,0.0,105.0,5.0,1.0,0.0
6701,3.0,2.0,0.0,0.0,1.0,186.0,21.0,1.0,0.0
6702,1.0,2.0,0.0,1.0,0.0,152.0,22.0,1.0,0.0
6703,7.0,2.0,0.0,1.0,0.0,152.0,22.0,1.0,0.0196078431372549
6704,6.0,2.0,0.0,0.0,0.0,174.0,20.0,4.0,0.0
6705,1.0,2.0,0.0,0.0,0.0,275.0,12.0,0.0,0.0
6706,4.0,2.0,0.0,0.0,1.0,217.0,12.0,0.0,0.0196078431372549
6707,40.0,2.0,0.0,0.0,1.0,233.0,5.0,2.0,0.0196078431372549
6708,18.0,2.0,0.0,0.0,0.0,112.0,18.0,0.0,0.0196078431372549
6709,23.0,2.0,0.0,0.0,0.0,201.0,5.0,1.0,0.0392156862745098
6710,18.0,2.0,0.0,0.0,0.0,145.0,20.0,1.0,0.0784313725490196
6711,5.0,2.0,0.0,0.0,0.0,93.0,5.0,3.0,0.0
6712,15.0,2.0,0.0,0.0,1.0,97.0,5.0,4.0,0.0196078431372549
6713,53.0,2.0,0.0,0.0,0.0,236.0,6.0,6.0,0.0196078431372549
6714,6.0,2.0,0.0,0.0,1.0,131.0,21.0,1.0,0.0196078431372549
6715,1.0,2.0,0.0,0.0,0.0,157.0,21.0,2.0,0.0
6716,53.0,2.0,0.0,0.0,1.0,103.0,21.0,2.0,0.0392156862745098
6717,2.0,2.0,0.0,0.0,1.0,357.0,6.0,6.0,0.0
6718,21.0,2.0,0.0,0.0,1.0,159.0,6.0,6.0,0.0196078431372549
6719,4.0,2.0,0.0,0.0,0.0,1056.0,22.0,1.0,0.0
6720,1.0,2.0,0.0,0.0,0.0,179.0,6.0,2.0,0.0
6721,22.0,2.0,0.0,0.0,0.0,252.0,7.0,3.0,0.11764705882352941
6722,95.0,2.0,0.0,0.0,0.0,231.0,10.0,3.0,0.0196078431372549
6723,11.0,2.0,0.0,0.0,0.0,161.0,5.0,6.0,0.0
6724,2.0,2.0,0.0,0.0,0.0,218.0,22.0,6.0,0.0
6725,85.0,2.0,0.0,0.0,0.0,182.0,22.0,6.0,0.09803921568627451
6726,25.0,2.0,0.0,0.0,0.0,266.0,21.0,5.0,0.058823529411764705
6727,131.0,2.0,0.0,0.0,1.0,195.0,18.0,6.0,0.09803921568627451
6728,2.0,2.0,0.0,0.0,1.0,104.0,6.0,6.0,0.0
6729,82.0,2.0,0.0,0.0,0.0,159.0,6.0,6.0,0.0392156862745098
6730,13.0,2.0,0.0,0.0,0.0,97.0,20.0,5.0,0.0196078431372549
6731,97.0,2.0,0.0,0.0,0.0,238.0,6.0,6.0,0.17647058823529413
6732,1.0,2.0,0.0,0.0,1.0,127.0,5.0,3.0,0.0
6733,4.0,2.0,0.0,0.0,0.0,101.0,5.0,3.0,0.0
6734,16.0,2.0,0.0,0.0,1.0,220.0,6.0,3.0,0.0784313725490196
6735,8.0,2.0,0.0,0.0,0.0,102.0,22.0,3.0,0.0196078431372549
6736,1.0,2.0,0.0,0.0,1.0,100.0,6.0,6.0,0.0
6737,9.0,2.0,0.0,0.0,1.0,131.0,6.0,6.0,0.0
6738,22.0,2.0,0.0,0.0,0.0,159.0,6.0,1.0,0.0196078431372549
6739,27.0,2.0,0.0,0.0,0.0,133.0,23.0,1.0,0.0392156862745098
6740,10.0,2.0,0.0,0.0,1.0,160.0,16.0,6.0,0.0196078431372549
6741,16.0,2.0,0.0,0.0,0.0,162.0,21.0,6.0,0.058823529411764705
6742,34.0,2.0,0.0,0.0,1.0,108.0,8.0,2.0,0.0392156862745098
6743,39.0,2.0,0.0,0.0,0.0,277.0,23.0,2.0,0.0392156862745098
6744,6.0,2.0,0.0,0.0,1.0,95.0,22.0,5.0,0.0
6745,6.0,2.0,0.0,0.0,0.0,290.0,22.0,5.0,0.0392156862745098
6746,14.0,2.0,0.0,0.0,1.0,278.0,9.0,0.0,0.0
6747,2.0,2.0,0.0,0.0,1.0,243.0,17.0,0.0,0.0196078431372549
6748,31.0,2.0,0.0,0.0,0.0,320.0,22.0,0.0,0.0196078431372549
6749,45.0,2.0,0.0,0.0,0.0,416.0,23.0,3.0,0.0392156862745098
6750,18.0,2.0,0.0,0.0,0.0,283.0,14.0,5.0,0.0784313725490196
6751,74.0,2.0,0.0,0.0,1.0,217.0,17.0,6.0,0.13725490196078433
6752,1.0,2.0,0.0,0.0,0.0,92.0,19.0,2.0,0.0
6753,4.0,2.0,0.0,0.0,0.0,106.0,20.0,2.0,0.0196078431372549
6754,15.0,2.0,0.0,0.0,0.0,92.0,23.0,2.0,0.0392156862745098
6755,19.0,2.0,0.0,0.0,0.0,142.0,13.0,3.0,0.0392156862745098
6756,16.0,2.0,0.0,0.0,0.0,85.0,9.0,4.0,0.0
6757,10.0,2.0,0.0,0.0,0.0,270.0,18.0,4.0,0.0
6758,6.0,2.0,0.0,0.0,0.0,109.0,7.0,6.0,0.0
6759,32.0,2.0,0.0,0.0,0.0,132.0,5.0,0.0,0.0392156862745098
6760,12.0,2.0,0.0,0.0,0.0,298.0,17.0,1.0,0.0196078431372549
6761,1.0,2.0,0.0,0.0,1.0,94.0,23.0,2.0,0.0
6762,1.0,2.0,0.0,0.0,1.0,104.0,23.0,2.0,0.0
6763,7.0,2.0,0.0,0.0,1.0,98.0,23.0,2.0,0.0
6764,2.0,2.0,0.0,0.0,0.0,140.0,6.0,3.0,0.0
6765,39.0,2.0,0.0,0.0,0.0,161.0,6.0,3.0,0.11764705882352941
6766,4.0,2.0,0.0,0.0,0.0,301.0,21.0,6.0,0.0196078431372549
6767,20.0,2.0,0.0,0.0,0.0,96.0,23.0,6.0,0.0196078431372549
6768,1.0,2.0,0.0,0.0,0.0,371.0,22.0,0.0,0.0
6769,30.0,2.0,0.0,0.0,0.0,205.0,6.0,1.0,0.0
6770,8.0,2.0,0.0,0.0,0.0,184.0,18.0,1.0,0.0196078431372549
6771,11.0,2.0,0.0,0.0,0.0,130.0,19.0,1.0,0.0196078431372549
6772,3.0,2.0,0.0,0.0,0.0,129.0,21.0,1.0,0.0
6773,15.0,2.0,0.0,0.0,0.0,537.0,21.0,1.0,0.0
6774,2.0,2.0,0.0,0.0,0.0,304.0,21.0,1.0,0.0
6775,23.0,2.0,0.0,0.0,0.0,129.0,21.0,1.0,0.0392156862745098
6776,2.0,2.0,0.0,1.0,0.0,100.0,8.0,2.0,0.0
6777,41.0,2.0,0.0,1.0,0.0,94.0,8.0,2.0,0.0196078431372549
6778,26.0,2.0,0.0,0.0,0.0,646.0,18.0,2.0,0.058823529411764705
6779,1.0,2.0,0.0,0.0,0.0,260.0,20.0,1.0,0.0
6780,5.0,2.0,0.0,0.0,0.0,92.0,20.0,1.0,0.0196078431372549
6781,5.0,2.0,0.0,0.0,1.0,217.0,5.0,4.0,0.0196078431372549
6782,22.0,2.0,0.0,0.0,0.0,127.0,8.0,4.0,0.0196078431372549
6783,30.0,2.0,0.0,0.0,0.0,271.0,8.0,4.0,0.0196078431372549
6784,2.0,2.0,0.0,0.0,0.0,195.0,20.0,0.0,0.0
6785,1.0,2.0,0.0,0.0,0.0,129.0,20.0,0.0,0.0
6786,42.0,2.0,0.0,0.0,0.0,176.0,20.0,0.0,0.0392156862745098
6787,7.0,2.0,0.0,0.0,0.0,135.0,10.0,5.0,0.0392156862745098
6788,31.0,2.0,0.0,0.0,1.0,90.0,17.0,5.0,0.0392156862745098
6789,4.0,2.0,0.0,0.0,0.0,371.0,6.0,0.0,0.0196078431372549
6790,27.0,2.0,0.0,0.0,1.0,109.0,8.0,0.0,0.0
6791,1.0,2.0,0.0,0.0,0.0,406.0,20.0,0.0,0.0
6792,3.0,2.0,0.0,0.0,1.0,109.0,20.0,0.0,0.0
6793,4.0,2.0,0.0,0.0,0.0,113.0,8.0,3.0,0.0
6794,5.0,2.0,0.0,0.0,0.0,248.0,8.0,3.0,0.0
6795,9.0,2.0,0.0,0.0,0.0,352.0,8.0,3.0,0.0
6796,10.0,2.0,0.0,0.0,1.0,139.0,8.0,3.0,0.0
6797,25.0,2.0,0.0,0.0,0.0,234.0,22.0,3.0,0.0784313725490196
6798,30.0,2.0,0.0,0.0,0.0,108.0,18.0,4.0,0.058823529411764705
6799,8.0,2.0,0.0,0.0,0.0,120.0,18.0,1.0,0.0
6800,10.0,2.0,0.0,0.0,1.0,128.0,18.0,2.0,0.0392156862745098
6801,28.0,2.0,0.0,0.0,0.0,179.0,6.0,4.0,0.0196078431372549
6802,1.0,2.0,0.0,0.0,0.0,128.0,9.0,4.0,0.0
6803,1.0,2.0,0.0,0.0,1.0,160.0,9.0,4.0,0.0
6804,35.0,2.0,0.0,0.0,0.0,175.0,9.0,4.0,0.0196078431372549
6805,1.0,2.0,0.0,0.0,0.0,85.0,6.0,5.0,0.0
6806,4.0,2.0,0.0,0.0,1.0,89.0,6.0,5.0,0.0196078431372549
6807,1.0,2.0,0.0,0.0,1.0,171.0,22.0,5.0,0.0
6808,1.0,2.0,0.0,0.0,1.0,157.0,22.0,5.0,0.0
6809,2.0,2.0,0.0,0.0,1.0,145.0,22.0,5.0,0.0
6810,11.0,2.0,0.0,0.0,1.0,112.0,22.0,5.0,0.0
6811,13.0,2.0,0.0,0.0,0.0,338.0,7.0,6.0,0.0784313725490196
6812,4.0,2.0,0.0,0.0,0.0,141.0,21.0,0.0,0.0392156862745098
6813,13.0,2.0,0.0,0.0,0.0,133.0,8.0,1.0,0.0784313725490196
6814,1.0,2.0,0.0,0.0,0.0,339.0,17.0,2.0,0.0
6815,33.0,2.0,0.0,0.0,1.0,217.0,22.0,2.0,0.0784313725490196
6816,1.0,2.0,0.0,0.0,0.0,179.0,5.0,5.0,0.0
6817,3.0,2.0,0.0,0.0,0.0,243.0,5.0,5.0,0.0196078431372549
6818,7.0,2.0,0.0,0.0,0.0,106.0,6.0,5.0,0.0196078431372549
6819,33.0,2.0,0.0,0.0,0.0,301.0,14.0,5.0,0.0392156862745098
6820,86.0,2.0,0.0,0.0,1.0,204.0,20.0,0.0,0.17647058823529413
6821,12.0,2.0,0.0,0.0,0.0,105.0,8.0,5.0,0.0392156862745098
6822,2.0,2.0,0.0,0.0,0.0,143.0,20.0,1.0,0.0
6823,16.0,2.0,0.0,0.0,1.0,113.0,22.0,1.0,0.0392156862745098
6824,9.0,2.0,0.0,0.0,0.0,120.0,6.0,6.0,0.0
6825,3.0,2.0,0.0,0.0,1.0,127.0,8.0,6.0,0.0
6826,1.0,2.0,0.0,0.0,0.0,132.0,9.0,6.0,0.0
6827,8.0,2.0,0.0,0.0,1.0,113.0,9.0,6.0,0.0
6828,30.0,2.0,0.0,0.0,0.0,96.0,5.0,1.0,0.0196078431372549
6829,8.0,2.0,0.0,0.0,0.0,179.0,5.0,0.0,0.0196078431372549
6830,2.0,2.0,0.0,0.0,1.0,227.0,5.0,5.0,0.0
6831,48.0,2.0,0.0,0.0,1.0,227.0,7.0,5.0,0.0196078431372549
6832,4.0,2.0,0.0,0.0,1.0,157.0,23.0,5.0,0.0
6833,2.0,2.0,0.0,0.0,0.0,129.0,8.0,0.0,0.0
6834,10.0,2.0,0.0,0.0,0.0,151.0,8.0,0.0,0.0
6835,5.0,2.0,0.0,0.0,0.0,151.0,9.0,1.0,0.0
6836,72.0,2.0,0.0,0.0,0.0,123.0,9.0,1.0,0.0392156862745098
6837,26.0,2.0,0.0,0.0,0.0,201.0,6.0,4.0,0.0784313725490196
6838,1.0,2.0,0.0,0.0,1.0,195.0,23.0,5.0,0.0
6839,19.0,2.0,0.0,0.0,1.0,193.0,23.0,5.0,0.0196078431372549
6840,25.0,2.0,0.0,0.0,0.0,160.0,9.0,6.0,0.0196078431372549
6841,2.0,2.0,0.0,0.0,0.0,151.0,5.0,1.0,0.0
6842,1.0,2.0,0.0,1.0,1.0,443.0,17.0,1.0,0.0
6843,33.0,2.0,0.0,1.0,0.0,145.0,17.0,1.0,0.058823529411764705
6844,1.0,2.0,0.0,1.0,0.0,397.0,18.0,2.0,0.0
6845,6.0,2.0,0.0,1.0,0.0,145.0,18.0,2.0,0.0392156862745098
6846,2.0,2.0,0.0,0.0,0.0,88.0,8.0,3.0,0.0
6847,46.0,2.0,0.0,0.0,1.0,182.0,17.0,3.0,0.058823529411764705
6848,10.0,2.0,0.0,0.0,1.0,136.0,7.0,5.0,0.0196078431372549
6849,1.0,2.0,0.0,0.0,0.0,529.0,5.0,6.0,0.0
6850,18.0,2.0,0.0,0.0,1.0,110.0,5.0,6.0,0.0196078431372549
6851,25.0,2.0,0.0,0.0,0.0,166.0,11.0,0.0,0.0392156862745098
6852,8.0,2.0,0.0,0.0,0.0,358.0,15.0,3.0,0.0196078431372549
6853,1.0,2.0,0.0,0.0,0.0,1122.0,4.0,4.0,0.0
6854,5.0,2.0,0.0,0.0,0.0,120.0,4.0,4.0,0.0
6855,7.0,2.0,0.0,0.0,0.0,2968.0,5.0,4.0,0.0392156862745098
6856,1.0,2.0,0.0,0.0,0.0,96.0,18.0,4.0,0.0
6857,14.0,2.0,0.0,0.0,1.0,192.0,18.0,4.0,0.0
6858,60.0,2.0,0.0,0.0,0.0,742.0,23.0,4.0,0.0196078431372549
6859,7.0,2.0,0.0,0.0,1.0,234.0,18.0,3.0,0.0196078431372549
6860,13.0,2.0,0.0,0.0,0.0,146.0,17.0,6.0,0.0392156862745098
6861,3.0,2.0,0.0,0.0,0.0,86.0,17.0,6.0,0.0
6862,38.0,2.0,0.0,0.0,0.0,86.0,21.0,6.0,0.0784313725490196
6863,7.0,2.0,0.0,0.0,1.0,107.0,7.0,0.0,0.0196078431372549
6864,65.0,2.0,0.0,0.0,0.0,297.0,9.0,2.0,0.0196078431372549
6865,2.0,2.0,0.0,0.0,1.0,154.0,17.0,2.0,0.0
6866,30.0,2.0,0.0,0.0,0.0,164.0,20.0,2.0,0.0392156862745098
6867,6.0,2.0,0.0,0.0,0.0,226.0,20.0,1.0,0.0
6868,15.0,2.0,0.0,0.0,0.0,226.0,20.0,1.0,0.0196078431372549
6869,6.0,2.0,0.0,0.0,0.0,2968.0,6.0,1.0,0.0196078431372549
6870,1.0,2.0,0.0,0.0,0.0,224.0,14.0,1.0,0.0
6871,25.0,2.0,0.0,0.0,0.0,242.0,21.0,1.0,0.0784313725490196
6872,40.0,2.0,0.0,0.0,0.0,105.0,9.0,5.0,0.0196078431372549
6873,64.0,2.0,0.0,0.0,0.0,141.0,6.0,2.0,0.09803921568627451
6874,3.0,2.0,0.0,0.0,0.0,102.0,10.0,6.0,0.0
6875,9.0,2.0,0.0,0.0,0.0,102.0,18.0,6.0,0.0784313725490196
6876,7.0,2.0,0.0,0.0,0.0,166.0,13.0,3.0,0.058823529411764705
6877,7.0,2.0,0.0,0.0,1.0,117.0,22.0,6.0,0.0784313725490196
6878,46.0,2.0,0.0,0.0,1.0,168.0,5.0,5.0,0.0784313725490196
6879,13.0,2.0,0.0,0.0,1.0,168.0,5.0,3.0,0.11764705882352941
6880,5.0,2.0,0.0,0.0,0.0,98.0,10.0,2.0,0.0392156862745098
6881,2.0,2.0,0.0,0.0,0.0,337.0,13.0,0.0,0.0196078431372549
6882,6.0,2.0,0.0,0.0,0.0,113.0,5.0,2.0,0.0
6883,14.0,2.0,0.0,0.0,0.0,175.0,15.0,1.0,0.0392156862745098
6884,7.0,2.0,0.0,1.0,0.0,108.0,5.0,0.0,0.0784313725490196
6885,15.0,2.0,0.0,0.0,0.0,181.0,6.0,2.0,0.13725490196078433
6886,5.0,2.0,0.0,1.0,0.0,94.0,21.0,5.0,0.0392156862745098
6887,18.0,2.0,0.0,0.0,0.0,104.0,19.0,0.0,0.058823529411764705
6888,1.0,2.0,0.0,0.0,0.0,128.0,17.0,6.0,0.0
6889,24.0,2.0,0.0,0.0,0.0,110.0,17.0,6.0,0.0196078431372549
6890,27.0,2.0,0.0,1.0,0.0,112.0,15.0,4.0,0.0784313725490196
6891,7.0,2.0,0.0,0.0,0.0,98.0,22.0,3.0,0.058823529411764705
6892,50.0,2.0,0.0,0.0,0.0,96.0,7.0,0.0,0.17647058823529413
6893,26.0,2.0,0.0,0.0,0.0,412.0,9.0,3.0,0.11764705882352941
6894,13.0,2.0,0.0,0.0,0.0,230.0,19.0,5.0,0.058823529411764705
6895,8.0,2.0,0.0,0.0,0.0,264.0,13.0,6.0,0.0784313725490196
6896,28.0,1.0,0.0,0.0,1.0,18.0,20.0,4.0,0.7333333333333333
6897,4.0,1.0,0.0,0.0,0.0,152.0,7.0,2.0,0.13333333333333333
6898,1.0,1.0,0.0,0.0,0.0,160.0,20.0,2.0,0.0
6899,1.0,1.0,1.0,0.0,0.0,0.0,20.0,2.0,0.0
6900,6.0,1.0,0.0,0.0,0.0,145.0,20.0,2.0,0.125
6901,2.0,1.0,0.0,0.0,0.0,264.0,14.0,5.0,0.0
6902,9.0,1.0,0.0,0.0,0.0,112.0,10.0,0.0,0.125
6903,25.0,1.0,0.0,0.0,0.0,284.0,15.0,2.0,0.625
6904,3.0,1.0,0.0,0.0,0.0,125.0,16.0,2.0,0.0
6905,2.0,1.0,0.0,0.0,0.0,117.0,17.0,3.0,0.0625
6906,1.0,1.0,0.0,0.0,0.0,190.0,21.0,4.0,0.0
6907,12.0,1.0,0.0,1.0,0.0,95.0,12.0,5.0,0.125
6908,11.0,1.0,0.0,1.0,0.0,95.0,15.0,2.0,0.3125
6909,3.0,1.0,0.0,0.0,0.0,88.0,11.0,3.0,0.125
6910,17.0,1.0,0.0,0.0,0.0,322.0,21.0,6.0,0.1875
6911,1.0,1.0,0.0,0.0,0.0,265.0,20.0,2.0,0.0
6912,5.0,1.0,0.0,0.0,0.0,109.0,16.0,3.0,0.1875
6913,2.0,1.0,0.0,0.0,1.0,153.0,20.0,3.0,0.0625
6914,1.0,1.0,0.0,0.0,0.0,89.0,10.0,4.0,0.0
6915,6.0,1.0,0.0,0.0,0.0,336.0,16.0,2.0,0.0625
6916,4.0,1.0,0.0,0.0,0.0,168.0,16.0,0.0,0.0625
6917,51.0,3.0,0.0,0.0,0.0,22.0,16.0,6.0,0.5185185185185185
6918,1.0,3.0,0.0,0.0,0.0,111.0,14.0,6.0,0.0
6919,1.0,3.0,0.0,0.0,0.0,111.0,16.0,6.0,0.0
6920,1.0,3.0,0.0,0.0,0.0,92.0,17.0,6.0,0.0
6921,17.0,3.0,0.0,0.0,0.0,179.0,18.0,0.0,0.25925925925925924
6922,19.0,3.0,0.0,0.0,0.0,141.0,18.0,3.0,0.2222222222222222
6923,13.0,3.0,0.0,0.0,0.0,168.0,2.0,4.0,0.14814814814814814
6924,22.0,3.0,0.0,0.0,0.0,168.0,19.0,4.0,0.07407407407407407
6925,17.0,3.0,0.0,0.0,1.0,83.0,19.0,2.0,0.18518518518518517
6926,7.0,3.0,0.0,0.0,1.0,111.0,18.0,2.0,0.07407407407407407
6927,26.0,3.0,0.0,0.0,1.0,117.0,12.0,1.0,0.25925925925925924
6928,13.0,3.0,0.0,0.0,1.0,89.0,15.0,5.0,0.2222222222222222
6929,1.0,3.0,0.0,0.0,0.0,112.0,23.0,5.0,0.0
6930,1.0,3.0,0.0,0.0,0.0,108.0,23.0,5.0,0.0
6931,14.0,3.0,0.0,0.0,1.0,145.0,0.0,6.0,0.25925925925925924
6932,13.0,3.0,0.0,0.0,0.0,95.0,13.0,4.0,0.2222222222222222
6933,18.0,3.0,0.0,0.0,1.0,159.0,17.0,0.0,0.25925925925925924
6934,5.0,3.0,0.0,0.0,1.0,95.0,23.0,2.0,0.07407407407407407
6935,51.0,3.0,0.0,0.0,1.0,303.0,18.0,4.0,0.2962962962962963
6936,5.0,3.0,0.0,0.0,0.0,262.0,18.0,6.0,0.037037037037037035
6937,16.0,3.0,0.0,0.0,1.0,123.0,12.0,2.0,0.18518518518518517
6938,12.0,3.0,0.0,0.0,0.0,173.0,16.0,2.0,0.18518518518518517
6939,1.0,3.0,0.0,0.0,0.0,107.0,23.0,5.0,0.0
6940,27.0,3.0,0.0,0.0,0.0,89.0,9.0,1.0,0.2222222222222222
6941,9.0,3.0,0.0,0.0,1.0,114.0,19.0,2.0,0.14814814814814814
6942,11.0,3.0,0.0,0.0,1.0,75.0,16.0,3.0,0.18518518518518517
6943,109.0,3.0,0.0,1.0,1.0,76.0,15.0,5.0,0.6296296296296297
6944,17.0,3.0,0.0,0.0,1.0,260.0,13.0,4.0,0.2962962962962963
6945,33.0,3.0,0.0,1.0,0.0,144.0,16.0,4.0,0.48148148148148145
6946,65.0,3.0,0.0,0.0,1.0,99.0,18.0,3.0,0.5555555555555556
6947,12.0,3.0,0.0,0.0,0.0,219.0,19.0,2.0,0.1111111111111111
6948,22.0,3.0,0.0,0.0,0.0,181.0,15.0,4.0,0.3333333333333333
6949,10.0,3.0,0.0,0.0,0.0,161.0,19.0,2.0,0.25925925925925924
6950,17.0,1.0,1.0,0.0,0.0,0.0,14.0,1.0,0.2857142857142857
6951,24.0,1.0,0.0,0.0,0.0,322.0,21.0,6.0,0.5238095238095238
6952,2.0,1.0,0.0,0.0,1.0,151.0,10.0,6.0,0.0
6953,13.0,1.0,0.0,0.0,0.0,211.0,10.0,6.0,0.38095238095238093
6954,11.0,3.0,0.0,0.0,0.0,24.0,15.0,1.0,0.28
6955,24.0,3.0,0.0,0.0,0.0,111.0,16.0,3.0,0.32
6956,22.0,3.0,0.0,0.0,0.0,104.0,21.0,2.0,0.32
6957,44.0,3.0,0.0,0.0,1.0,102.0,8.0,5.0,0.52
6958,2.0,3.0,0.0,0.0,0.0,141.0,18.0,3.0,0.04
6959,25.0,3.0,0.0,0.0,0.0,114.0,18.0,3.0,0.48
6960,13.0,3.0,0.0,0.0,1.0,83.0,19.0,2.0,0.28
6961,1.0,3.0,0.0,0.0,0.0,164.0,14.0,5.0,0.0
6962,2.0,3.0,0.0,0.0,1.0,111.0,14.0,5.0,0.04
6963,1.0,3.0,0.0,0.0,0.0,145.0,14.0,5.0,0.0
6964,4.0,3.0,0.0,0.0,0.0,91.0,15.0,5.0,0.04
6965,2.0,3.0,0.0,0.0,1.0,117.0,12.0,1.0,0.04
6966,10.0,3.0,0.0,0.0,0.0,126.0,13.0,1.0,0.16
6967,8.0,3.0,0.0,0.0,1.0,93.0,21.0,3.0,0.24
6968,38.0,3.0,0.0,0.0,0.0,101.0,9.0,2.0,0.36
6969,8.0,3.0,0.0,0.0,0.0,96.0,16.0,4.0,0.2
6970,19.0,3.0,0.0,0.0,0.0,112.0,17.0,0.0,0.28
6971,9.0,3.0,0.0,0.0,0.0,140.0,22.0,3.0,0.24
6972,13.0,3.0,0.0,0.0,1.0,107.0,21.0,4.0,0.24
6973,2.0,3.0,0.0,0.0,0.0,86.0,19.0,2.0,0.04
6974,8.0,3.0,0.0,0.0,1.0,161.0,20.0,2.0,0.24
6975,19.0,3.0,0.0,0.0,1.0,148.0,16.0,6.0,0.36
6976,3.0,3.0,0.0,0.0,0.0,173.0,16.0,2.0,0.08
6977,23.0,3.0,0.0,0.0,0.0,98.0,17.0,2.0,0.36
6978,52.0,3.0,0.0,0.0,1.0,114.0,19.0,2.0,0.48
6979,1.0,3.0,0.0,0.0,0.0,90.0,19.0,3.0,0.0
6980,28.0,3.0,0.0,0.0,0.0,94.0,19.0,3.0,0.4
6981,15.0,3.0,0.0,0.0,0.0,94.0,19.0,2.0,0.2
6982,26.0,3.0,0.0,0.0,0.0,93.0,16.0,3.0,0.4
6983,84.0,3.0,0.0,0.0,1.0,89.0,19.0,1.0,0.48
6984,4.0,3.0,0.0,0.0,1.0,260.0,13.0,4.0,0.04
6985,87.0,3.0,0.0,0.0,0.0,204.0,15.0,4.0,0.52
6986,32.0,3.0,0.0,0.0,1.0,152.0,18.0,6.0,0.48
6987,2.0,3.0,0.0,0.0,0.0,91.0,18.0,2.0,0.04
6988,1.0,3.0,0.0,0.0,0.0,118.0,19.0,2.0,0.0
6989,2.0,3.0,0.0,0.0,0.0,132.0,19.0,2.0,0.04
6990,13.0,3.0,0.0,0.0,0.0,254.0,21.0,2.0,0.2
6991,12.0,3.0,0.0,0.0,0.0,181.0,15.0,4.0,0.28
6992,19.0,3.0,0.0,0.0,1.0,318.0,18.0,0.0,0.28
6993,7.0,2.0,0.0,0.0,1.0,21.0,16.0,2.0,0.046511627906976744
6994,13.0,2.0,0.0,0.0,0.0,95.0,20.0,3.0,0.05813953488372093
6995,6.0,2.0,0.0,0.0,1.0,86.0,21.0,3.0,0.023255813953488372
6996,1.0,2.0,0.0,1.0,0.0,98.0,22.0,3.0,0.0
6997,11.0,2.0,0.0,0.0,1.0,137.0,22.0,3.0,0.08139534883720931
6998,8.0,2.0,0.0,0.0,0.0,110.0,8.0,4.0,0.046511627906976744
6999,22.0,2.0,0.0,0.0,1.0,150.0,10.0,4.0,0.10465116279069768
7000,3.0,2.0,0.0,0.0,0.0,304.0,17.0,4.0,0.011627906976744186
7001,6.0,2.0,0.0,0.0,0.0,137.0,20.0,4.0,0.03488372093023256
7002,101.0,2.0,0.0,1.0,0.0,357.0,23.0,4.0,0.22093023255813954
7003,11.0,2.0,0.0,0.0,0.0,343.0,16.0,3.0,0.11627906976744186
7004,11.0,2.0,0.0,0.0,0.0,129.0,19.0,4.0,0.06976744186046512
7005,36.0,2.0,0.0,0.0,0.0,100.0,10.0,6.0,0.16279069767441862
7006,2.0,2.0,0.0,0.0,0.0,143.0,16.0,3.0,0.011627906976744186
7007,41.0,2.0,0.0,0.0,1.0,101.0,21.0,3.0,0.12790697674418605
7008,71.0,2.0,0.0,0.0,1.0,357.0,20.0,2.0,0.20930232558139536
7009,2.0,2.0,0.0,0.0,0.0,631.0,5.0,3.0,0.011627906976744186
7010,57.0,2.0,0.0,0.0,1.0,126.0,10.0,6.0,0.09302325581395349
7011,7.0,2.0,0.0,0.0,0.0,186.0,15.0,5.0,0.03488372093023256
7012,17.0,2.0,0.0,1.0,0.0,141.0,8.0,6.0,0.11627906976744186
7013,34.0,2.0,0.0,0.0,0.0,90.0,11.0,2.0,0.1511627906976744
7014,62.0,2.0,0.0,0.0,0.0,170.0,21.0,4.0,0.16279069767441862
7015,36.0,2.0,0.0,0.0,0.0,157.0,10.0,1.0,0.13953488372093023
7016,1.0,2.0,0.0,0.0,0.0,108.0,17.0,3.0,0.0
7017,1.0,2.0,0.0,0.0,1.0,114.0,17.0,3.0,0.0
7018,41.0,2.0,0.0,0.0,0.0,157.0,18.0,3.0,0.1744186046511628
7019,14.0,2.0,0.0,0.0,0.0,129.0,19.0,6.0,0.11627906976744186
7020,6.0,2.0,0.0,0.0,0.0,112.0,22.0,6.0,0.03488372093023256
7021,5.0,2.0,0.0,0.0,1.0,137.0,23.0,6.0,0.046511627906976744
7022,49.0,2.0,0.0,0.0,0.0,123.0,0.0,0.0,0.22093023255813954
7023,1.0,2.0,0.0,0.0,0.0,159.0,10.0,6.0,0.0
7024,35.0,2.0,0.0,0.0,0.0,134.0,10.0,6.0,0.1511627906976744
7025,1.0,2.0,0.0,0.0,0.0,117.0,20.0,6.0,0.0
7026,42.0,2.0,0.0,0.0,1.0,204.0,20.0,6.0,0.1511627906976744
7027,4.0,2.0,0.0,0.0,0.0,90.0,14.0,0.0,0.023255813953488372
7028,28.0,2.0,0.0,0.0,0.0,193.0,12.0,3.0,0.11627906976744186
7029,21.0,2.0,0.0,0.0,0.0,240.0,9.0,5.0,0.06976744186046512
7030,17.0,2.0,0.0,0.0,0.0,319.0,20.0,5.0,0.10465116279069768
7031,10.0,2.0,0.0,0.0,0.0,165.0,21.0,5.0,0.10465116279069768
7032,2.0,2.0,0.0,0.0,1.0,103.0,10.0,6.0,0.011627906976744186
7033,2.0,2.0,0.0,0.0,1.0,103.0,11.0,6.0,0.011627906976744186
7034,2.0,2.0,0.0,0.0,0.0,1211.0,10.0,0.0,0.011627906976744186
7035,26.0,2.0,0.0,0.0,0.0,106.0,11.0,0.0,0.12790697674418605
7036,11.0,2.0,0.0,0.0,0.0,527.0,14.0,2.0,0.023255813953488372
7037,8.0,2.0,0.0,0.0,0.0,212.0,12.0,3.0,0.023255813953488372
7038,12.0,2.0,0.0,0.0,1.0,137.0,22.0,3.0,0.046511627906976744
7039,38.0,2.0,0.0,0.0,0.0,88.0,0.0,5.0,0.22093023255813954
7040,8.0,2.0,0.0,0.0,1.0,108.0,10.0,2.0,0.05813953488372093
7041,48.0,2.0,0.0,0.0,0.0,221.0,11.0,3.0,0.05813953488372093
7042,24.0,2.0,0.0,0.0,0.0,96.0,13.0,4.0,0.05813953488372093
7043,31.0,2.0,0.0,0.0,0.0,317.0,15.0,6.0,0.12790697674418605
7044,1.0,2.0,0.0,0.0,0.0,125.0,14.0,2.0,0.0
7045,7.0,2.0,0.0,0.0,1.0,410.0,18.0,2.0,0.023255813953488372
7046,21.0,2.0,0.0,0.0,0.0,88.0,22.0,2.0,0.06976744186046512
7047,4.0,2.0,0.0,0.0,1.0,111.0,10.0,4.0,0.03488372093023256
7048,3.0,2.0,0.0,0.0,0.0,221.0,23.0,4.0,0.023255813953488372
7049,25.0,2.0,0.0,0.0,1.0,135.0,9.0,2.0,0.09302325581395349
7050,14.0,2.0,0.0,0.0,1.0,185.0,21.0,0.0,0.03488372093023256
7051,40.0,2.0,0.0,0.0,0.0,390.0,22.0,3.0,0.18604651162790697
7052,15.0,2.0,0.0,0.0,0.0,247.0,10.0,6.0,0.09302325581395349
7053,3.0,2.0,0.0,0.0,0.0,99.0,10.0,2.0,0.011627906976744186
7054,22.0,2.0,0.0,0.0,0.0,87.0,14.0,2.0,0.10465116279069768
7055,14.0,2.0,0.0,0.0,1.0,357.0,9.0,4.0,0.08139534883720931
7056,2.0,2.0,0.0,0.0,0.0,659.0,18.0,4.0,0.011627906976744186
7057,1.0,2.0,0.0,0.0,0.0,164.0,19.0,4.0,0.0
7058,22.0,2.0,0.0,0.0,0.0,93.0,19.0,4.0,0.09302325581395349
7059,2.0,2.0,0.0,0.0,1.0,89.0,22.0,6.0,0.011627906976744186
7060,1.0,2.0,0.0,0.0,0.0,166.0,22.0,6.0,0.0
7061,66.0,2.0,0.0,0.0,1.0,105.0,23.0,6.0,0.19767441860465115
7062,54.0,2.0,0.0,0.0,0.0,474.0,22.0,4.0,0.19767441860465115
7063,5.0,2.0,0.0,0.0,0.0,175.0,17.0,2.0,0.0
7064,66.0,2.0,0.0,0.0,0.0,106.0,18.0,2.0,0.22093023255813954
7065,20.0,2.0,0.0,1.0,0.0,134.0,8.0,5.0,0.10465116279069768
7066,20.0,2.0,0.0,0.0,0.0,163.0,20.0,1.0,0.09302325581395349
7067,18.0,2.0,0.0,0.0,0.0,143.0,21.0,4.0,0.1511627906976744
7068,1.0,2.0,0.0,0.0,1.0,101.0,9.0,6.0,0.0
7069,42.0,2.0,0.0,0.0,0.0,91.0,12.0,6.0,0.18604651162790697
7070,1.0,2.0,0.0,1.0,0.0,152.0,21.0,4.0,0.0
7071,3.0,2.0,0.0,1.0,0.0,150.0,21.0,4.0,0.023255813953488372
7072,1.0,2.0,0.0,0.0,0.0,85.0,22.0,4.0,0.0
7073,31.0,2.0,0.0,1.0,0.0,150.0,22.0,4.0,0.06976744186046512
7074,10.0,2.0,0.0,0.0,0.0,142.0,20.0,6.0,0.06976744186046512
7075,32.0,2.0,0.0,0.0,0.0,206.0,21.0,1.0,0.10465116279069768
7076,1.0,2.0,0.0,0.0,0.0,331.0,21.0,2.0,0.0
7077,52.0,2.0,0.0,0.0,0.0,287.0,21.0,2.0,0.20930232558139536
7078,1.0,2.0,0.0,0.0,0.0,246.0,9.0,6.0,0.0
7079,12.0,2.0,0.0,0.0,0.0,128.0,9.0,6.0,0.03488372093023256
7080,2.0,2.0,0.0,0.0,0.0,295.0,14.0,4.0,0.0
7081,7.0,2.0,0.0,0.0,1.0,243.0,18.0,4.0,0.011627906976744186
7082,7.0,2.0,0.0,0.0,0.0,845.0,9.0,4.0,0.023255813953488372
7083,2.0,2.0,0.0,0.0,0.0,145.0,12.0,5.0,0.0
7084,2.0,2.0,0.0,0.0,0.0,86.0,18.0,5.0,0.011627906976744186
7085,1.0,2.0,0.0,0.0,1.0,107.0,8.0,6.0,0.0
7086,4.0,2.0,0.0,0.0,0.0,158.0,8.0,6.0,0.011627906976744186
7087,12.0,2.0,0.0,0.0,0.0,94.0,18.0,6.0,0.03488372093023256
7088,2.0,2.0,0.0,0.0,0.0,289.0,7.0,1.0,0.0
7089,5.0,2.0,0.0,0.0,0.0,87.0,9.0,1.0,0.011627906976744186
7090,27.0,2.0,0.0,0.0,0.0,231.0,17.0,1.0,0.05813953488372093
7091,3.0,2.0,0.0,0.0,0.0,258.0,13.0,4.0,0.011627906976744186
7092,2.0,2.0,0.0,0.0,0.0,229.0,17.0,4.0,0.011627906976744186
7093,3.0,2.0,0.0,0.0,1.0,481.0,7.0,5.0,0.0
7094,14.0,2.0,0.0,0.0,0.0,586.0,14.0,5.0,0.06976744186046512
7095,2.0,2.0,0.0,0.0,0.0,129.0,17.0,6.0,0.011627906976744186
7096,61.0,2.0,0.0,0.0,1.0,245.0,18.0,6.0,0.09302325581395349
7097,12.0,2.0,0.0,0.0,1.0,96.0,22.0,2.0,0.03488372093023256
7098,2.0,2.0,0.0,0.0,1.0,186.0,19.0,3.0,0.0
7099,1.0,2.0,0.0,1.0,0.0,764.0,21.0,3.0,0.0
7100,20.0,2.0,0.0,0.0,1.0,192.0,21.0,3.0,0.06976744186046512
7101,10.0,2.0,0.0,0.0,0.0,142.0,16.0,4.0,0.05813953488372093
7102,27.0,2.0,0.0,0.0,0.0,96.0,10.0,0.0,0.08139534883720931
7103,20.0,2.0,0.0,0.0,0.0,89.0,20.0,0.0,0.08139534883720931
7104,4.0,2.0,0.0,0.0,0.0,183.0,21.0,6.0,0.011627906976744186
7105,12.0,2.0,0.0,0.0,0.0,207.0,9.0,2.0,0.05813953488372093
7106,54.0,2.0,0.0,0.0,1.0,127.0,19.0,5.0,0.1511627906976744
7107,10.0,2.0,0.0,0.0,1.0,220.0,15.0,3.0,0.046511627906976744
7108,2.0,2.0,0.0,0.0,0.0,105.0,7.0,5.0,0.0
7109,1.0,2.0,0.0,0.0,0.0,152.0,8.0,5.0,0.0
7110,13.0,2.0,0.0,0.0,0.0,96.0,12.0,5.0,0.05813953488372093
7111,22.0,2.0,0.0,0.0,0.0,124.0,14.0,1.0,0.09302325581395349
7112,1.0,2.0,0.0,0.0,0.0,92.0,18.0,6.0,0.0
7113,46.0,2.0,0.0,0.0,0.0,337.0,13.0,0.0,0.23255813953488372
7114,7.0,2.0,0.0,0.0,0.0,87.0,9.0,2.0,0.05813953488372093
7115,42.0,2.0,0.0,0.0,0.0,114.0,13.0,2.0,0.06976744186046512
7116,3.0,2.0,0.0,1.0,0.0,94.0,21.0,5.0,0.011627906976744186
7117,29.0,2.0,0.0,0.0,0.0,95.0,13.0,0.0,0.05813953488372093
7118,4.0,2.0,0.0,1.0,0.0,100.0,21.0,6.0,0.023255813953488372
7119,5.0,2.0,0.0,0.0,1.0,190.0,9.0,1.0,0.03488372093023256
7120,1.0,2.0,0.0,0.0,0.0,92.0,22.0,4.0,0.0
7121,55.0,2.0,0.0,0.0,0.0,286.0,9.0,6.0,0.1744186046511628
7122,10.0,2.0,0.0,0.0,0.0,132.0,14.0,0.0,0.06976744186046512
7123,17.0,2.0,0.0,0.0,0.0,100.0,7.0,2.0,0.05813953488372093
7124,1.0,2.0,0.0,1.0,1.0,144.0,21.0,5.0,0.0
7125,12.0,2.0,0.0,1.0,1.0,141.0,21.0,5.0,0.046511627906976744
7126,3.0,2.0,0.0,0.0,0.0,232.0,22.0,0.0,0.023255813953488372
7127,3.0,2.0,0.0,0.0,0.0,106.0,9.0,1.0,0.0
7128,37.0,2.0,0.0,0.0,1.0,409.0,10.0,2.0,0.19767441860465115
7129,1.0,2.0,0.0,0.0,0.0,232.0,11.0,5.0,0.0
7130,1.0,2.0,0.0,0.0,0.0,193.0,11.0,5.0,0.0
7131,2.0,2.0,0.0,0.0,0.0,100.0,14.0,5.0,0.011627906976744186
7132,1.0,2.0,0.0,0.0,1.0,141.0,22.0,5.0,0.0
7133,1.0,2.0,0.0,0.0,0.0,103.0,22.0,5.0,0.0
7134,8.0,2.0,0.0,0.0,1.0,169.0,22.0,5.0,0.03488372093023256
7135,6.0,1.0,1.0,0.0,0.0,0.0,9.0,1.0,0.041237113402061855
7136,12.0,1.0,0.0,0.0,0.0,207.0,17.0,2.0,0.07216494845360824
7137,5.0,1.0,0.0,0.0,0.0,86.0,19.0,2.0,0.030927835051546393
7138,8.0,1.0,0.0,0.0,0.0,170.0,14.0,4.0,0.020618556701030927
7139,3.0,1.0,0.0,0.0,0.0,268.0,16.0,6.0,0.010309278350515464
7140,1.0,1.0,0.0,0.0,0.0,94.0,17.0,6.0,0.0
7141,19.0,1.0,0.0,0.0,1.0,353.0,18.0,6.0,0.09278350515463918
7142,11.0,1.0,0.0,0.0,0.0,126.0,8.0,5.0,0.07216494845360824
7143,23.0,1.0,0.0,0.0,1.0,243.0,7.0,1.0,0.05154639175257732
7144,27.0,1.0,0.0,0.0,0.0,146.0,12.0,1.0,0.12371134020618557
7145,4.0,1.0,0.0,0.0,0.0,192.0,20.0,1.0,0.0
7146,7.0,1.0,0.0,0.0,0.0,190.0,20.0,1.0,0.030927835051546393
7147,7.0,1.0,0.0,0.0,0.0,216.0,20.0,1.0,0.020618556701030927
7148,1.0,1.0,0.0,0.0,0.0,119.0,21.0,1.0,0.0
7149,17.0,1.0,0.0,0.0,1.0,606.0,21.0,1.0,0.07216494845360824
7150,13.0,1.0,0.0,0.0,0.0,109.0,9.0,2.0,0.030927835051546393
7151,5.0,1.0,0.0,0.0,0.0,143.0,11.0,2.0,0.020618556701030927
7152,5.0,1.0,0.0,0.0,0.0,110.0,12.0,2.0,0.010309278350515464
7153,2.0,1.0,0.0,0.0,1.0,606.0,13.0,2.0,0.010309278350515464
7154,26.0,1.0,0.0,0.0,0.0,305.0,18.0,2.0,0.10309278350515463
7155,3.0,1.0,0.0,0.0,0.0,733.0,18.0,3.0,0.010309278350515464
7156,1.0,1.0,0.0,0.0,0.0,162.0,21.0,3.0,0.0
7157,3.0,1.0,0.0,0.0,1.0,427.0,21.0,3.0,0.020618556701030927
7158,5.0,1.0,0.0,0.0,0.0,413.0,22.0,3.0,0.041237113402061855
7159,1.0,1.0,0.0,0.0,1.0,160.0,13.0,4.0,0.0
7160,20.0,1.0,0.0,0.0,0.0,348.0,13.0,4.0,0.09278350515463918
7161,48.0,1.0,0.0,0.0,0.0,99.0,22.0,4.0,0.13402061855670103
7162,39.0,1.0,0.0,0.0,0.0,160.0,20.0,6.0,0.10309278350515463
7163,91.0,1.0,0.0,0.0,0.0,270.0,12.0,1.0,0.26804123711340205
7164,16.0,1.0,0.0,0.0,0.0,254.0,21.0,3.0,0.041237113402061855
7165,16.0,1.0,0.0,1.0,0.0,129.0,13.0,4.0,0.08247422680412371
7166,14.0,1.0,0.0,0.0,0.0,223.0,20.0,4.0,0.05154639175257732
7167,5.0,1.0,0.0,0.0,0.0,88.0,17.0,5.0,0.0
7168,15.0,1.0,0.0,0.0,0.0,422.0,17.0,5.0,0.041237113402061855
7169,2.0,1.0,0.0,0.0,1.0,117.0,17.0,6.0,0.010309278350515464
7170,1.0,1.0,0.0,0.0,0.0,85.0,11.0,0.0,0.0
7171,12.0,1.0,0.0,0.0,1.0,345.0,12.0,0.0,0.020618556701030927
7172,4.0,1.0,0.0,0.0,0.0,135.0,21.0,0.0,0.010309278350515464
7173,4.0,1.0,0.0,0.0,0.0,112.0,8.0,1.0,0.020618556701030927
7174,2.0,1.0,0.0,0.0,0.0,100.0,10.0,1.0,0.0
7175,3.0,1.0,0.0,0.0,0.0,103.0,12.0,1.0,0.010309278350515464
7176,5.0,1.0,0.0,0.0,0.0,100.0,19.0,1.0,0.010309278350515464
7177,7.0,1.0,0.0,0.0,0.0,258.0,9.0,2.0,0.030927835051546393
7178,7.0,1.0,0.0,0.0,0.0,121.0,14.0,2.0,0.020618556701030927
7179,3.0,1.0,0.0,0.0,1.0,143.0,16.0,2.0,0.0
7180,4.0,1.0,0.0,0.0,0.0,251.0,19.0,2.0,0.010309278350515464
7181,5.0,1.0,0.0,0.0,0.0,121.0,20.0,2.0,0.030927835051546393
7182,1.0,1.0,0.0,1.0,0.0,94.0,11.0,3.0,0.0
7183,27.0,1.0,0.0,1.0,0.0,100.0,11.0,3.0,0.020618556701030927
7184,7.0,1.0,0.0,0.0,1.0,106.0,22.0,3.0,0.030927835051546393
7185,18.0,1.0,0.0,1.0,0.0,138.0,8.0,4.0,0.05154639175257732
7186,23.0,1.0,0.0,0.0,1.0,221.0,14.0,4.0,0.09278350515463918
7187,11.0,1.0,0.0,0.0,0.0,167.0,17.0,4.0,0.041237113402061855
7188,2.0,1.0,0.0,0.0,1.0,134.0,6.0,5.0,0.010309278350515464
7189,38.0,1.0,0.0,0.0,1.0,90.0,8.0,5.0,0.1134020618556701
7190,29.0,1.0,0.0,0.0,0.0,97.0,8.0,6.0,0.10309278350515463
7191,7.0,1.0,0.0,0.0,0.0,148.0,15.0,0.0,0.030927835051546393
7192,6.0,1.0,0.0,0.0,1.0,92.0,20.0,0.0,0.030927835051546393
7193,14.0,1.0,0.0,0.0,1.0,370.0,6.0,1.0,0.041237113402061855
7194,23.0,1.0,0.0,0.0,0.0,246.0,15.0,1.0,0.09278350515463918
7195,19.0,1.0,0.0,0.0,0.0,213.0,14.0,2.0,0.05154639175257732
7196,20.0,1.0,0.0,1.0,0.0,764.0,20.0,2.0,0.08247422680412371
7197,10.0,1.0,0.0,0.0,0.0,125.0,17.0,3.0,0.041237113402061855
7198,6.0,1.0,0.0,0.0,1.0,285.0,22.0,3.0,0.041237113402061855
7199,10.0,1.0,0.0,0.0,1.0,201.0,10.0,4.0,0.041237113402061855
7200,23.0,1.0,0.0,0.0,0.0,283.0,13.0,4.0,0.010309278350515464
7201,9.0,1.0,0.0,0.0,0.0,96.0,15.0,4.0,0.05154639175257732
7202,4.0,1.0,0.0,0.0,0.0,403.0,19.0,4.0,0.020618556701030927
7203,1.0,1.0,0.0,0.0,1.0,94.0,19.0,4.0,0.0
7204,7.0,1.0,0.0,0.0,1.0,131.0,21.0,4.0,0.041237113402061855
7205,1.0,1.0,0.0,0.0,1.0,212.0,22.0,4.0,0.0
7206,2.0,1.0,0.0,0.0,1.0,160.0,22.0,4.0,0.010309278350515464
7207,13.0,1.0,0.0,0.0,0.0,215.0,22.0,4.0,0.030927835051546393
7208,3.0,1.0,0.0,0.0,0.0,225.0,11.0,5.0,0.0
7209,9.0,1.0,0.0,0.0,0.0,313.0,12.0,5.0,0.041237113402061855
7210,6.0,1.0,0.0,0.0,1.0,100.0,13.0,5.0,0.041237113402061855
7211,2.0,1.0,0.0,0.0,0.0,212.0,20.0,5.0,0.0
7212,1.0,1.0,0.0,0.0,1.0,186.0,21.0,5.0,0.0
7213,3.0,1.0,0.0,0.0,1.0,131.0,21.0,5.0,0.0
7214,3.0,1.0,0.0,0.0,0.0,248.0,10.0,6.0,0.010309278350515464
7215,10.0,1.0,0.0,0.0,0.0,260.0,13.0,6.0,0.041237113402061855
7216,2.0,1.0,0.0,0.0,0.0,133.0,23.0,6.0,0.010309278350515464
7217,2.0,1.0,0.0,0.0,0.0,297.0,7.0,0.0,0.0
7218,8.0,1.0,0.0,0.0,0.0,116.0,8.0,0.0,0.030927835051546393
7219,21.0,1.0,0.0,1.0,0.0,160.0,11.0,0.0,0.08247422680412371
7220,3.0,1.0,0.0,0.0,0.0,129.0,18.0,0.0,0.010309278350515464
7221,5.0,1.0,0.0,0.0,0.0,214.0,22.0,0.0,0.010309278350515464
7222,2.0,1.0,0.0,0.0,0.0,208.0,22.0,0.0,0.010309278350515464
7223,72.0,1.0,0.0,0.0,0.0,212.0,11.0,1.0,0.15463917525773196
7224,14.0,1.0,0.0,0.0,0.0,185.0,15.0,3.0,0.030927835051546393
7225,6.0,1.0,0.0,0.0,1.0,94.0,16.0,4.0,0.010309278350515464
7226,9.0,1.0,0.0,0.0,1.0,181.0,18.0,4.0,0.020618556701030927
7227,1.0,1.0,0.0,0.0,1.0,215.0,20.0,4.0,0.0
7228,6.0,1.0,0.0,0.0,1.0,92.0,20.0,4.0,0.020618556701030927
7229,18.0,1.0,0.0,0.0,0.0,120.0,8.0,5.0,0.041237113402061855
7230,1.0,1.0,0.0,0.0,0.0,195.0,13.0,5.0,0.0
7231,5.0,1.0,0.0,0.0,0.0,641.0,18.0,5.0,0.010309278350515464
7232,7.0,1.0,0.0,0.0,1.0,85.0,18.0,5.0,0.041237113402061855
7233,21.0,1.0,0.0,0.0,1.0,93.0,20.0,5.0,0.10309278350515463
7234,1.0,1.0,0.0,0.0,0.0,130.0,14.0,6.0,0.0
7235,1.0,1.0,0.0,0.0,0.0,170.0,14.0,6.0,0.0
7236,1.0,1.0,0.0,0.0,0.0,185.0,14.0,6.0,0.0
7237,2.0,1.0,0.0,0.0,0.0,102.0,14.0,6.0,0.0
7238,1.0,1.0,0.0,0.0,0.0,162.0,15.0,6.0,0.0
7239,5.0,1.0,0.0,0.0,0.0,117.0,15.0,6.0,0.030927835051546393
7240,1.0,1.0,0.0,0.0,0.0,205.0,17.0,6.0,0.0
7241,8.0,1.0,0.0,0.0,0.0,159.0,17.0,6.0,0.020618556701030927
7242,11.0,1.0,0.0,0.0,0.0,141.0,22.0,6.0,0.041237113402061855
7243,16.0,1.0,0.0,0.0,0.0,148.0,15.0,0.0,0.10309278350515463
7244,6.0,1.0,0.0,0.0,0.0,224.0,20.0,0.0,0.05154639175257732
7245,3.0,1.0,0.0,0.0,1.0,255.0,20.0,0.0,0.020618556701030927
7246,2.0,1.0,0.0,0.0,0.0,102.0,20.0,0.0,0.010309278350515464
7247,9.0,1.0,0.0,0.0,0.0,260.0,21.0,0.0,0.07216494845360824
7248,3.0,1.0,0.0,0.0,1.0,255.0,9.0,1.0,0.020618556701030927
7249,2.0,1.0,0.0,0.0,0.0,357.0,10.0,1.0,0.010309278350515464
7250,2.0,1.0,0.0,0.0,0.0,121.0,11.0,1.0,0.0
7251,4.0,1.0,0.0,0.0,1.0,146.0,12.0,1.0,0.020618556701030927
7252,1.0,1.0,0.0,0.0,0.0,106.0,12.0,1.0,0.0
7253,18.0,1.0,0.0,0.0,0.0,96.0,12.0,1.0,0.061855670103092786
7254,2.0,1.0,0.0,0.0,0.0,148.0,19.0,1.0,0.0
7255,3.0,1.0,0.0,1.0,0.0,329.0,19.0,1.0,0.020618556701030927
7256,1.0,1.0,0.0,0.0,0.0,91.0,19.0,1.0,0.0
7257,3.0,1.0,0.0,0.0,0.0,129.0,19.0,1.0,0.010309278350515464
7258,2.0,1.0,0.0,0.0,0.0,172.0,20.0,1.0,0.010309278350515464
7259,2.0,1.0,0.0,0.0,0.0,148.0,21.0,1.0,0.0
7260,1.0,1.0,0.0,0.0,1.0,158.0,21.0,1.0,0.0
7261,5.0,1.0,0.0,0.0,0.0,147.0,21.0,1.0,0.0
7262,8.0,1.0,0.0,0.0,1.0,158.0,21.0,1.0,0.020618556701030927
7263,4.0,1.0,0.0,0.0,0.0,312.0,9.0,2.0,0.020618556701030927
7264,1.0,1.0,0.0,0.0,0.0,192.0,10.0,2.0,0.0
7265,32.0,1.0,0.0,0.0,0.0,151.0,10.0,2.0,0.08247422680412371
7266,3.0,1.0,0.0,1.0,0.0,95.0,18.0,2.0,0.020618556701030927
7267,13.0,1.0,0.0,0.0,1.0,118.0,20.0,2.0,0.041237113402061855
7268,2.0,1.0,0.0,0.0,0.0,168.0,15.0,3.0,0.010309278350515464
7269,3.0,1.0,0.0,0.0,1.0,160.0,21.0,3.0,0.020618556701030927
7270,2.0,1.0,0.0,0.0,0.0,194.0,6.0,4.0,0.0
7271,1.0,1.0,0.0,0.0,0.0,486.0,9.0,4.0,0.0
7272,5.0,1.0,0.0,0.0,1.0,106.0,10.0,4.0,0.020618556701030927
7273,2.0,1.0,0.0,0.0,1.0,115.0,10.0,4.0,0.0
7274,17.0,1.0,0.0,0.0,1.0,204.0,11.0,4.0,0.041237113402061855
7275,28.0,1.0,0.0,0.0,1.0,230.0,14.0,4.0,0.05154639175257732
7276,30.0,1.0,0.0,0.0,0.0,123.0,16.0,4.0,0.12371134020618557
7277,8.0,1.0,0.0,0.0,0.0,214.0,14.0,5.0,0.05154639175257732
7278,6.0,1.0,0.0,0.0,0.0,125.0,20.0,5.0,0.05154639175257732
7279,6.0,1.0,0.0,0.0,1.0,100.0,8.0,6.0,0.041237113402061855
7280,14.0,1.0,0.0,0.0,0.0,102.0,11.0,6.0,0.05154639175257732
7281,2.0,1.0,0.0,0.0,0.0,459.0,20.0,6.0,0.010309278350515464
7282,8.0,1.0,0.0,0.0,1.0,94.0,21.0,6.0,0.061855670103092786
7283,5.0,1.0,0.0,0.0,0.0,548.0,21.0,6.0,0.041237113402061855
7284,19.0,1.0,0.0,0.0,1.0,230.0,22.0,6.0,0.10309278350515463
7285,1.0,1.0,0.0,0.0,0.0,127.0,12.0,0.0,0.0
7286,7.0,1.0,0.0,0.0,0.0,231.0,12.0,0.0,0.030927835051546393
7287,18.0,1.0,0.0,0.0,1.0,173.0,14.0,0.0,0.05154639175257732
7288,13.0,1.0,0.0,0.0,0.0,341.0,23.0,0.0,0.061855670103092786
7289,1.0,1.0,0.0,0.0,0.0,467.0,13.0,1.0,0.0
7290,2.0,1.0,0.0,0.0,0.0,256.0,14.0,1.0,0.0
7291,90.0,1.0,0.0,0.0,1.0,230.0,15.0,1.0,0.17525773195876287
7292,51.0,1.0,0.0,0.0,1.0,171.0,11.0,2.0,0.07216494845360824
7293,51.0,1.0,0.0,0.0,0.0,383.0,17.0,2.0,0.09278350515463918
7294,4.0,1.0,0.0,0.0,0.0,135.0,10.0,3.0,0.020618556701030927
7295,4.0,1.0,0.0,0.0,0.0,171.0,14.0,3.0,0.020618556701030927
7296,4.0,1.0,0.0,0.0,0.0,160.0,19.0,3.0,0.010309278350515464
7297,8.0,1.0,0.0,0.0,0.0,182.0,19.0,3.0,0.030927835051546393
7298,5.0,1.0,0.0,0.0,0.0,114.0,21.0,3.0,0.030927835051546393
7299,6.0,1.0,0.0,0.0,0.0,303.0,21.0,3.0,0.030927835051546393
7300,17.0,1.0,0.0,0.0,0.0,194.0,7.0,4.0,0.07216494845360824
7301,1.0,1.0,0.0,0.0,0.0,341.0,21.0,4.0,0.0
7302,1.0,1.0,0.0,0.0,0.0,125.0,22.0,4.0,0.0
7303,4.0,1.0,0.0,0.0,0.0,584.0,22.0,4.0,0.020618556701030927
7304,2.0,1.0,0.0,0.0,0.0,87.0,22.0,4.0,0.010309278350515464
7305,2.0,1.0,0.0,0.0,1.0,378.0,7.0,5.0,0.010309278350515464
7306,3.0,1.0,0.0,0.0,1.0,174.0,10.0,5.0,0.020618556701030927
7307,3.0,1.0,0.0,0.0,1.0,225.0,11.0,5.0,0.0
7308,1.0,1.0,0.0,0.0,0.0,108.0,16.0,5.0,0.0
7309,1.0,1.0,0.0,0.0,0.0,255.0,17.0,5.0,0.0
7310,8.0,1.0,0.0,0.0,0.0,115.0,17.0,5.0,0.0
7311,3.0,1.0,0.0,0.0,0.0,89.0,19.0,5.0,0.010309278350515464
7312,1.0,1.0,0.0,0.0,0.0,136.0,20.0,5.0,0.0
7313,2.0,1.0,0.0,0.0,0.0,93.0,20.0,5.0,0.0
7314,3.0,1.0,0.0,0.0,1.0,93.0,6.0,6.0,0.010309278350515464
7315,2.0,1.0,0.0,0.0,1.0,263.0,11.0,6.0,0.0
7316,68.0,1.0,0.0,0.0,0.0,96.0,12.0,6.0,0.13402061855670103
7317,1.0,1.0,0.0,0.0,1.0,87.0,21.0,0.0,0.0
7318,1.0,1.0,0.0,0.0,0.0,125.0,21.0,0.0,0.0
7319,4.0,1.0,0.0,0.0,1.0,178.0,21.0,0.0,0.0
7320,5.0,1.0,0.0,0.0,1.0,309.0,21.0,0.0,0.020618556701030927
7321,6.0,1.0,0.0,0.0,1.0,318.0,22.0,0.0,0.010309278350515464
7322,1.0,1.0,0.0,0.0,0.0,178.0,22.0,0.0,0.0
7323,4.0,1.0,0.0,0.0,0.0,171.0,23.0,0.0,0.010309278350515464
7324,19.0,1.0,0.0,0.0,0.0,147.0,8.0,1.0,0.07216494845360824
7325,15.0,1.0,0.0,0.0,0.0,160.0,14.0,1.0,0.07216494845360824
7326,21.0,1.0,0.0,0.0,0.0,187.0,20.0,1.0,0.07216494845360824
7327,1.0,1.0,0.0,0.0,0.0,111.0,13.0,2.0,0.0
7328,1.0,1.0,0.0,0.0,0.0,271.0,13.0,2.0,0.0
7329,4.0,1.0,0.0,0.0,0.0,321.0,15.0,2.0,0.020618556701030927
7330,3.0,1.0,0.0,0.0,0.0,144.0,20.0,2.0,0.010309278350515464
7331,22.0,1.0,0.0,0.0,0.0,125.0,21.0,2.0,0.061855670103092786
7332,1.0,1.0,0.0,0.0,0.0,88.0,20.0,3.0,0.0
7333,17.0,1.0,0.0,0.0,0.0,120.0,20.0,3.0,0.020618556701030927
7334,6.0,1.0,0.0,0.0,1.0,114.0,9.0,4.0,0.0
7335,12.0,1.0,0.0,0.0,0.0,692.0,13.0,4.0,0.020618556701030927
7336,6.0,1.0,0.0,1.0,0.0,384.0,22.0,4.0,0.020618556701030927
7337,3.0,1.0,0.0,0.0,0.0,178.0,12.0,5.0,0.0
7338,5.0,1.0,0.0,0.0,1.0,230.0,12.0,5.0,0.010309278350515464
7339,18.0,1.0,0.0,0.0,0.0,109.0,13.0,5.0,0.09278350515463918
7340,7.0,1.0,0.0,0.0,0.0,133.0,21.0,5.0,0.020618556701030927
7341,1.0,1.0,0.0,0.0,0.0,223.0,23.0,5.0,0.0
7342,3.0,1.0,0.0,0.0,0.0,111.0,23.0,5.0,0.020618556701030927
7343,5.0,1.0,0.0,0.0,0.0,932.0,5.0,6.0,0.030927835051546393
7344,6.0,1.0,0.0,0.0,0.0,123.0,15.0,6.0,0.030927835051546393
7345,24.0,1.0,0.0,0.0,0.0,547.0,18.0,6.0,0.09278350515463918
7346,2.0,1.0,0.0,0.0,1.0,85.0,19.0,0.0,0.010309278350515464
7347,1.0,1.0,0.0,0.0,0.0,548.0,19.0,0.0,0.0
7348,2.0,1.0,0.0,0.0,0.0,148.0,20.0,0.0,0.0
7349,1.0,1.0,0.0,0.0,0.0,271.0,22.0,0.0,0.0
7350,5.0,1.0,0.0,0.0,1.0,143.0,22.0,0.0,0.020618556701030927
7351,9.0,1.0,0.0,0.0,0.0,221.0,13.0,1.0,0.020618556701030927
7352,11.0,1.0,0.0,0.0,0.0,121.0,21.0,1.0,0.020618556701030927
7353,9.0,1.0,0.0,0.0,1.0,94.0,21.0,1.0,0.041237113402061855
7354,2.0,1.0,0.0,0.0,0.0,152.0,9.0,2.0,0.0
7355,1.0,1.0,0.0,0.0,0.0,114.0,10.0,2.0,0.0
7356,2.0,1.0,0.0,0.0,1.0,118.0,10.0,2.0,0.010309278350515464
7357,14.0,1.0,0.0,0.0,0.0,105.0,16.0,2.0,0.07216494845360824
7358,5.0,1.0,0.0,0.0,0.0,560.0,19.0,2.0,0.020618556701030927
7359,18.0,1.0,0.0,0.0,0.0,139.0,20.0,2.0,0.08247422680412371
7360,4.0,1.0,0.0,0.0,0.0,139.0,8.0,3.0,0.030927835051546393
7361,17.0,1.0,0.0,0.0,1.0,93.0,8.0,3.0,0.05154639175257732
7362,1.0,1.0,0.0,0.0,0.0,196.0,15.0,3.0,0.0
7363,40.0,1.0,0.0,0.0,0.0,197.0,15.0,3.0,0.10309278350515463
7364,7.0,1.0,0.0,0.0,0.0,161.0,14.0,4.0,0.030927835051546393
7365,22.0,1.0,0.0,0.0,0.0,85.0,18.0,4.0,0.05154639175257732
7366,3.0,1.0,0.0,0.0,0.0,393.0,17.0,5.0,0.020618556701030927
7367,3.0,1.0,0.0,0.0,1.0,196.0,20.0,5.0,0.0
7368,38.0,1.0,0.0,0.0,0.0,152.0,20.0,5.0,0.17525773195876287
7369,6.0,1.0,0.0,0.0,0.0,219.0,5.0,0.0,0.030927835051546393
7370,2.0,1.0,0.0,0.0,0.0,120.0,15.0,0.0,0.0
7371,4.0,1.0,0.0,0.0,0.0,120.0,15.0,0.0,0.0
7372,4.0,1.0,0.0,0.0,0.0,161.0,16.0,0.0,0.030927835051546393
7373,2.0,1.0,0.0,0.0,0.0,113.0,19.0,0.0,0.0
7374,1.0,1.0,0.0,1.0,0.0,399.0,19.0,0.0,0.0
7375,4.0,1.0,0.0,0.0,0.0,95.0,20.0,0.0,0.020618556701030927
7376,8.0,1.0,0.0,0.0,0.0,328.0,22.0,0.0,0.041237113402061855
7377,16.0,1.0,0.0,0.0,0.0,139.0,11.0,1.0,0.061855670103092786
7378,18.0,1.0,0.0,0.0,0.0,164.0,16.0,1.0,0.10309278350515463
7379,20.0,1.0,0.0,0.0,0.0,334.0,22.0,1.0,0.12371134020618557
7380,6.0,1.0,0.0,0.0,1.0,84.0,9.0,2.0,0.05154639175257732
7381,28.0,1.0,0.0,0.0,1.0,231.0,12.0,2.0,0.030927835051546393
7382,1.0,1.0,0.0,0.0,0.0,115.0,12.0,2.0,0.0
7383,75.0,1.0,0.0,0.0,0.0,129.0,12.0,2.0,0.09278350515463918
7384,10.0,1.0,0.0,0.0,0.0,334.0,16.0,2.0,0.041237113402061855
7385,45.0,1.0,0.0,0.0,0.0,459.0,20.0,2.0,0.18556701030927836
7386,3.0,1.0,0.0,0.0,0.0,100.0,16.0,3.0,0.020618556701030927
7387,7.0,1.0,0.0,0.0,1.0,105.0,16.0,3.0,0.041237113402061855
7388,4.0,1.0,0.0,0.0,1.0,86.0,17.0,3.0,0.030927835051546393
7389,31.0,1.0,0.0,0.0,0.0,144.0,18.0,3.0,0.13402061855670103
7390,4.0,1.0,0.0,0.0,1.0,187.0,5.0,4.0,0.010309278350515464
7391,14.0,1.0,0.0,0.0,0.0,182.0,7.0,4.0,0.08247422680412371
7392,2.0,1.0,0.0,0.0,0.0,328.0,20.0,4.0,0.0
7393,16.0,1.0,0.0,0.0,0.0,120.0,20.0,4.0,0.061855670103092786
7394,2.0,1.0,0.0,0.0,0.0,187.0,7.0,5.0,0.010309278350515464
7395,1.0,1.0,0.0,0.0,0.0,152.0,7.0,5.0,0.0
7396,3.0,1.0,0.0,0.0,1.0,161.0,11.0,5.0,0.010309278350515464
7397,1.0,1.0,0.0,0.0,0.0,91.0,16.0,5.0,0.0
7398,3.0,1.0,0.0,0.0,0.0,126.0,17.0,5.0,0.010309278350515464
7399,4.0,1.0,0.0,0.0,0.0,180.0,21.0,5.0,0.010309278350515464
7400,2.0,1.0,0.0,0.0,0.0,155.0,9.0,6.0,0.010309278350515464
7401,13.0,1.0,0.0,0.0,0.0,266.0,11.0,6.0,0.030927835051546393
7402,17.0,1.0,0.0,0.0,0.0,86.0,18.0,6.0,0.05154639175257732
7403,7.0,1.0,0.0,0.0,0.0,1744.0,6.0,0.0,0.010309278350515464
7404,5.0,1.0,0.0,0.0,0.0,106.0,10.0,0.0,0.030927835051546393
7405,1.0,1.0,0.0,0.0,0.0,334.0,15.0,0.0,0.0
7406,2.0,1.0,0.0,0.0,0.0,658.0,15.0,0.0,0.010309278350515464
7407,5.0,1.0,0.0,0.0,0.0,129.0,15.0,0.0,0.030927835051546393
7408,2.0,1.0,0.0,0.0,0.0,90.0,19.0,0.0,0.010309278350515464
7409,4.0,1.0,0.0,0.0,0.0,260.0,19.0,0.0,0.010309278350515464
7410,12.0,1.0,0.0,0.0,0.0,100.0,20.0,0.0,0.0
7411,5.0,1.0,0.0,0.0,0.0,134.0,22.0,0.0,0.010309278350515464
7412,5.0,1.0,0.0,0.0,0.0,116.0,11.0,1.0,0.020618556701030927
7413,4.0,1.0,0.0,0.0,0.0,179.0,15.0,1.0,0.030927835051546393
7414,3.0,1.0,0.0,0.0,0.0,168.0,17.0,1.0,0.0
7415,10.0,1.0,0.0,0.0,0.0,223.0,18.0,1.0,0.020618556701030927
7416,6.0,1.0,0.0,1.0,0.0,92.0,20.0,1.0,0.020618556701030927
7417,5.0,1.0,0.0,0.0,1.0,86.0,21.0,1.0,0.020618556701030927
7418,2.0,1.0,0.0,0.0,0.0,1875.0,7.0,2.0,0.010309278350515464
7419,1.0,1.0,0.0,0.0,0.0,93.0,7.0,2.0,0.0
7420,3.0,1.0,0.0,0.0,0.0,105.0,8.0,2.0,0.010309278350515464
7421,9.0,1.0,0.0,0.0,1.0,202.0,10.0,2.0,0.05154639175257732
7422,1.0,1.0,0.0,0.0,0.0,153.0,16.0,2.0,0.0
7423,8.0,1.0,0.0,0.0,0.0,93.0,16.0,2.0,0.020618556701030927
7424,8.0,1.0,0.0,0.0,0.0,367.0,19.0,2.0,0.041237113402061855
7425,9.0,1.0,0.0,0.0,0.0,133.0,8.0,3.0,0.05154639175257732
7426,13.0,1.0,0.0,0.0,0.0,154.0,11.0,3.0,0.1134020618556701
7427,1.0,1.0,0.0,0.0,1.0,95.0,15.0,3.0,0.0
7428,6.0,1.0,0.0,1.0,0.0,228.0,17.0,3.0,0.030927835051546393
7429,1.0,1.0,0.0,0.0,0.0,195.0,18.0,3.0,0.0
7430,4.0,1.0,0.0,0.0,0.0,91.0,19.0,3.0,0.010309278350515464
7431,7.0,1.0,0.0,0.0,0.0,119.0,20.0,3.0,0.030927835051546393
7432,6.0,1.0,0.0,0.0,0.0,163.0,21.0,3.0,0.010309278350515464
7433,1.0,1.0,0.0,0.0,0.0,213.0,7.0,4.0,0.0
7434,2.0,1.0,0.0,0.0,0.0,182.0,7.0,4.0,0.010309278350515464
7435,6.0,1.0,0.0,0.0,0.0,88.0,9.0,4.0,0.030927835051546393
7436,15.0,1.0,0.0,0.0,0.0,166.0,11.0,4.0,0.010309278350515464
7437,4.0,1.0,0.0,0.0,1.0,122.0,19.0,4.0,0.020618556701030927
7438,17.0,1.0,0.0,0.0,1.0,184.0,19.0,4.0,0.07216494845360824
7439,2.0,1.0,0.0,0.0,0.0,182.0,21.0,4.0,0.010309278350515464
7440,2.0,1.0,0.0,0.0,0.0,117.0,22.0,4.0,0.010309278350515464
7441,2.0,1.0,0.0,0.0,0.0,174.0,22.0,4.0,0.0
7442,1.0,1.0,0.0,0.0,0.0,96.0,22.0,4.0,0.0
7443,29.0,1.0,0.0,0.0,0.0,124.0,22.0,4.0,0.08247422680412371
7444,26.0,1.0,0.0,0.0,0.0,372.0,15.0,5.0,0.10309278350515463
7445,12.0,1.0,0.0,0.0,1.0,149.0,21.0,5.0,0.07216494845360824
7446,4.0,1.0,0.0,0.0,0.0,97.0,19.0,6.0,0.010309278350515464
7447,2.0,1.0,0.0,0.0,0.0,3179.0,21.0,6.0,0.010309278350515464
7448,21.0,1.0,0.0,0.0,1.0,477.0,21.0,6.0,0.030927835051546393
7449,11.0,1.0,0.0,0.0,0.0,124.0,9.0,0.0,0.041237113402061855
7450,2.0,1.0,0.0,0.0,0.0,103.0,19.0,0.0,0.010309278350515464
7451,14.0,1.0,0.0,0.0,0.0,113.0,21.0,0.0,0.08247422680412371
7452,2.0,1.0,0.0,0.0,1.0,162.0,9.0,1.0,0.0
7453,3.0,1.0,0.0,0.0,0.0,150.0,9.0,1.0,0.010309278350515464
7454,6.0,1.0,0.0,0.0,1.0,162.0,10.0,1.0,0.010309278350515464
7455,2.0,1.0,0.0,0.0,0.0,200.0,11.0,1.0,0.0
7456,3.0,1.0,0.0,0.0,0.0,200.0,12.0,1.0,0.0
7457,3.0,1.0,0.0,0.0,0.0,132.0,16.0,1.0,0.010309278350515464
7458,4.0,1.0,0.0,0.0,0.0,110.0,17.0,1.0,0.0
7459,5.0,1.0,0.0,0.0,0.0,138.0,18.0,1.0,0.030927835051546393
7460,3.0,1.0,0.0,0.0,0.0,138.0,19.0,1.0,0.010309278350515464
7461,11.0,1.0,0.0,0.0,0.0,230.0,19.0,1.0,0.05154639175257732
7462,3.0,1.0,0.0,0.0,0.0,112.0,15.0,2.0,0.0
7463,16.0,1.0,0.0,0.0,0.0,137.0,19.0,2.0,0.020618556701030927
7464,13.0,1.0,0.0,0.0,1.0,130.0,22.0,2.0,0.020618556701030927
7465,2.0,1.0,0.0,0.0,1.0,130.0,7.0,3.0,0.010309278350515464
7466,2.0,1.0,0.0,0.0,0.0,88.0,8.0,3.0,0.010309278350515464
7467,1.0,1.0,0.0,0.0,1.0,249.0,12.0,3.0,0.0
7468,5.0,1.0,0.0,0.0,0.0,105.0,12.0,3.0,0.020618556701030927
7469,4.0,1.0,0.0,0.0,0.0,317.0,15.0,3.0,0.010309278350515464
7470,4.0,1.0,0.0,0.0,1.0,122.0,20.0,3.0,0.0
7471,6.0,1.0,0.0,0.0,0.0,108.0,23.0,3.0,0.020618556701030927
7472,3.0,1.0,0.0,0.0,0.0,161.0,10.0,4.0,0.010309278350515464
7473,6.0,1.0,0.0,0.0,1.0,97.0,14.0,4.0,0.041237113402061855
7474,7.0,1.0,0.0,0.0,0.0,361.0,18.0,4.0,0.020618556701030927
7475,31.0,1.0,0.0,0.0,0.0,3225.0,19.0,4.0,0.1134020618556701
7476,3.0,1.0,0.0,0.0,1.0,130.0,16.0,5.0,0.0
7477,5.0,1.0,0.0,0.0,0.0,98.0,20.0,5.0,0.020618556701030927
7478,2.0,1.0,0.0,0.0,1.0,109.0,9.0,6.0,0.010309278350515464
7479,11.0,1.0,0.0,0.0,1.0,131.0,13.0,6.0,0.041237113402061855
7480,34.0,1.0,0.0,0.0,1.0,146.0,8.0,0.0,0.14432989690721648
7481,19.0,1.0,0.0,0.0,0.0,180.0,14.0,0.0,0.12371134020618557
7482,11.0,1.0,0.0,0.0,1.0,126.0,20.0,0.0,0.061855670103092786
7483,11.0,1.0,0.0,0.0,0.0,122.0,11.0,1.0,0.010309278350515464
7484,28.0,1.0,0.0,0.0,1.0,245.0,13.0,1.0,0.05154639175257732
7485,14.0,1.0,0.0,0.0,0.0,420.0,9.0,2.0,0.030927835051546393
7486,5.0,1.0,0.0,0.0,0.0,278.0,13.0,2.0,0.010309278350515464
7487,3.0,1.0,0.0,0.0,0.0,232.0,13.0,2.0,0.010309278350515464
7488,8.0,1.0,0.0,0.0,0.0,106.0,13.0,2.0,0.05154639175257732
7489,17.0,1.0,0.0,0.0,0.0,121.0,15.0,2.0,0.041237113402061855
7490,22.0,1.0,0.0,0.0,0.0,151.0,19.0,2.0,0.041237113402061855
7491,5.0,1.0,0.0,0.0,0.0,152.0,17.0,3.0,0.010309278350515464
7492,12.0,1.0,0.0,0.0,1.0,259.0,19.0,3.0,0.041237113402061855
7493,17.0,1.0,0.0,0.0,1.0,126.0,18.0,4.0,0.05154639175257732
7494,9.0,1.0,0.0,0.0,0.0,111.0,8.0,5.0,0.020618556701030927
7495,27.0,1.0,0.0,0.0,0.0,126.0,17.0,5.0,0.030927835051546393
7496,4.0,1.0,0.0,0.0,0.0,159.0,9.0,6.0,0.020618556701030927
7497,14.0,1.0,0.0,0.0,0.0,118.0,10.0,6.0,0.05154639175257732
7498,5.0,1.0,0.0,0.0,0.0,175.0,21.0,6.0,0.010309278350515464
7499,10.0,1.0,0.0,0.0,0.0,150.0,21.0,6.0,0.05154639175257732
7500,38.0,1.0,0.0,0.0,0.0,85.0,13.0,0.0,0.15463917525773196
7501,48.0,1.0,0.0,0.0,0.0,85.0,9.0,1.0,0.09278350515463918
7502,5.0,1.0,0.0,0.0,0.0,132.0,23.0,1.0,0.041237113402061855
7503,13.0,1.0,0.0,0.0,0.0,636.0,7.0,2.0,0.05154639175257732
7504,5.0,1.0,0.0,0.0,0.0,85.0,12.0,2.0,0.020618556701030927
7505,59.0,1.0,0.0,0.0,0.0,319.0,15.0,2.0,0.12371134020618557
7506,1.0,1.0,0.0,0.0,0.0,338.0,16.0,3.0,0.0
7507,1.0,1.0,0.0,0.0,0.0,106.0,17.0,3.0,0.0
7508,24.0,1.0,0.0,0.0,0.0,97.0,17.0,3.0,0.10309278350515463
7509,43.0,1.0,0.0,0.0,1.0,473.0,7.0,4.0,0.14432989690721648
7510,31.0,1.0,0.0,0.0,1.0,896.0,11.0,5.0,0.13402061855670103
7511,8.0,1.0,0.0,0.0,1.0,131.0,17.0,0.0,0.030927835051546393
7512,5.0,1.0,0.0,0.0,0.0,126.0,22.0,0.0,0.030927835051546393
7513,8.0,1.0,0.0,0.0,0.0,140.0,12.0,1.0,0.030927835051546393
7514,3.0,1.0,0.0,0.0,0.0,95.0,20.0,1.0,0.010309278350515464
7515,4.0,1.0,0.0,0.0,1.0,332.0,21.0,1.0,0.020618556701030927
7516,8.0,1.0,0.0,0.0,0.0,111.0,11.0,2.0,0.030927835051546393
7517,9.0,1.0,0.0,1.0,0.0,143.0,14.0,2.0,0.05154639175257732
7518,22.0,1.0,0.0,0.0,0.0,92.0,19.0,2.0,0.1134020618556701
7519,7.0,1.0,0.0,0.0,1.0,124.0,19.0,3.0,0.041237113402061855
7520,1.0,1.0,0.0,0.0,0.0,277.0,20.0,3.0,0.0
7521,5.0,1.0,0.0,0.0,0.0,132.0,20.0,3.0,0.030927835051546393
7522,6.0,1.0,0.0,0.0,0.0,235.0,9.0,4.0,0.010309278350515464
7523,9.0,1.0,0.0,0.0,0.0,258.0,14.0,4.0,0.020618556701030927
7524,3.0,1.0,0.0,0.0,0.0,125.0,18.0,4.0,0.010309278350515464
7525,6.0,1.0,0.0,0.0,0.0,136.0,19.0,4.0,0.010309278350515464
7526,10.0,1.0,0.0,0.0,1.0,133.0,22.0,4.0,0.05154639175257732
7527,54.0,1.0,0.0,0.0,0.0,201.0,17.0,5.0,0.12371134020618557
7528,9.0,1.0,0.0,0.0,0.0,164.0,20.0,1.0,0.041237113402061855
7529,6.0,1.0,0.0,0.0,0.0,169.0,8.0,2.0,0.020618556701030927
7530,4.0,1.0,0.0,0.0,0.0,659.0,11.0,2.0,0.0
7531,6.0,1.0,0.0,0.0,0.0,156.0,16.0,2.0,0.041237113402061855
7532,3.0,1.0,0.0,0.0,1.0,472.0,19.0,2.0,0.010309278350515464
7533,6.0,1.0,0.0,0.0,1.0,85.0,6.0,3.0,0.05154639175257732
7534,15.0,1.0,0.0,0.0,1.0,210.0,11.0,3.0,0.061855670103092786
7535,2.0,1.0,0.0,0.0,0.0,191.0,6.0,4.0,0.010309278350515464
7536,13.0,1.0,0.0,0.0,0.0,320.0,9.0,4.0,0.010309278350515464
7537,65.0,1.0,0.0,0.0,0.0,130.0,16.0,4.0,0.15463917525773196
7538,5.0,1.0,0.0,0.0,0.0,274.0,23.0,6.0,0.010309278350515464
7539,7.0,1.0,0.0,0.0,0.0,514.0,12.0,0.0,0.030927835051546393
7540,6.0,1.0,0.0,0.0,0.0,178.0,17.0,0.0,0.030927835051546393
7541,3.0,1.0,0.0,0.0,0.0,451.0,21.0,0.0,0.010309278350515464
7542,3.0,1.0,0.0,0.0,0.0,173.0,21.0,0.0,0.010309278350515464
7543,2.0,1.0,0.0,0.0,0.0,451.0,23.0,0.0,0.010309278350515464
7544,6.0,1.0,0.0,0.0,0.0,156.0,10.0,1.0,0.030927835051546393
7545,45.0,1.0,0.0,0.0,0.0,170.0,20.0,1.0,0.16494845360824742
7546,17.0,1.0,0.0,0.0,1.0,113.0,11.0,2.0,0.041237113402061855
7547,1.0,1.0,0.0,0.0,0.0,101.0,12.0,2.0,0.0
7548,23.0,1.0,0.0,0.0,0.0,231.0,12.0,2.0,0.061855670103092786
7549,2.0,1.0,0.0,0.0,1.0,100.0,5.0,3.0,0.0
7550,12.0,1.0,0.0,0.0,0.0,101.0,9.0,3.0,0.041237113402061855
7551,28.0,1.0,0.0,0.0,1.0,94.0,13.0,3.0,0.12371134020618557
7552,2.0,1.0,0.0,0.0,0.0,230.0,15.0,3.0,0.0
7553,1.0,1.0,0.0,0.0,0.0,122.0,15.0,3.0,0.0
7554,9.0,1.0,0.0,0.0,0.0,293.0,15.0,3.0,0.041237113402061855
7555,3.0,1.0,0.0,0.0,0.0,188.0,19.0,3.0,0.010309278350515464
7556,3.0,1.0,0.0,0.0,0.0,120.0,19.0,3.0,0.020618556701030927
7557,1.0,1.0,0.0,0.0,0.0,97.0,19.0,3.0,0.0
7558,5.0,1.0,0.0,0.0,0.0,148.0,19.0,3.0,0.010309278350515464
7559,6.0,1.0,0.0,0.0,0.0,85.0,22.0,3.0,0.010309278350515464
7560,55.0,1.0,0.0,0.0,0.0,95.0,6.0,4.0,0.14432989690721648
7561,4.0,1.0,0.0,0.0,0.0,300.0,17.0,4.0,0.010309278350515464
7562,25.0,1.0,0.0,0.0,0.0,400.0,17.0,4.0,0.05154639175257732
7563,3.0,1.0,0.0,0.0,0.0,650.0,8.0,5.0,0.010309278350515464
7564,8.0,1.0,0.0,0.0,0.0,512.0,9.0,5.0,0.030927835051546393
7565,4.0,1.0,0.0,0.0,1.0,156.0,15.0,5.0,0.010309278350515464
7566,2.0,1.0,0.0,0.0,0.0,194.0,16.0,5.0,0.010309278350515464
7567,3.0,1.0,0.0,0.0,0.0,174.0,17.0,5.0,0.0
7568,22.0,1.0,0.0,0.0,0.0,118.0,17.0,5.0,0.041237113402061855
7569,5.0,1.0,0.0,0.0,1.0,93.0,9.0,6.0,0.010309278350515464
7570,13.0,1.0,0.0,1.0,0.0,92.0,11.0,6.0,0.041237113402061855
7571,6.0,1.0,0.0,0.0,1.0,146.0,20.0,6.0,0.020618556701030927
7572,24.0,1.0,0.0,0.0,0.0,206.0,9.0,0.0,0.030927835051546393
7573,12.0,1.0,0.0,0.0,0.0,117.0,15.0,0.0,0.020618556701030927
7574,2.0,1.0,0.0,0.0,0.0,248.0,19.0,0.0,0.010309278350515464
7575,9.0,1.0,0.0,0.0,0.0,437.0,20.0,0.0,0.041237113402061855
7576,2.0,1.0,0.0,0.0,0.0,95.0,12.0,1.0,0.0
7577,65.0,1.0,0.0,0.0,0.0,126.0,12.0,1.0,0.14432989690721648
7578,56.0,1.0,0.0,0.0,1.0,103.0,20.0,1.0,0.13402061855670103
7579,3.0,1.0,0.0,1.0,0.0,192.0,18.0,2.0,0.010309278350515464
7580,10.0,1.0,0.0,1.0,0.0,228.0,19.0,2.0,0.05154639175257732
7581,2.0,1.0,0.0,0.0,0.0,202.0,21.0,2.0,0.010309278350515464
7582,1.0,1.0,0.0,0.0,0.0,256.0,21.0,2.0,0.0
7583,7.0,1.0,0.0,0.0,1.0,221.0,22.0,2.0,0.030927835051546393
7584,29.0,1.0,0.0,0.0,0.0,112.0,6.0,3.0,0.08247422680412371
7585,10.0,1.0,0.0,0.0,0.0,233.0,9.0,3.0,0.041237113402061855
7586,7.0,1.0,0.0,0.0,0.0,87.0,10.0,3.0,0.010309278350515464
7587,29.0,1.0,0.0,0.0,0.0,214.0,11.0,3.0,0.061855670103092786
7588,1.0,1.0,0.0,0.0,0.0,183.0,14.0,3.0,0.0
7589,6.0,1.0,0.0,0.0,0.0,138.0,14.0,3.0,0.030927835051546393
7590,16.0,1.0,0.0,0.0,0.0,167.0,16.0,3.0,0.030927835051546393
7591,24.0,1.0,0.0,0.0,1.0,90.0,19.0,3.0,0.09278350515463918
7592,6.0,1.0,0.0,0.0,0.0,209.0,16.0,4.0,0.0
7593,3.0,1.0,0.0,0.0,1.0,136.0,18.0,4.0,0.010309278350515464
7594,8.0,1.0,0.0,0.0,0.0,95.0,22.0,4.0,0.041237113402061855
7595,14.0,1.0,0.0,0.0,0.0,206.0,12.0,5.0,0.07216494845360824
7596,6.0,1.0,0.0,0.0,0.0,107.0,15.0,5.0,0.041237113402061855
7597,1.0,1.0,0.0,0.0,0.0,398.0,9.0,6.0,0.0
7598,21.0,1.0,0.0,1.0,1.0,127.0,17.0,6.0,0.10309278350515463
7599,13.0,1.0,0.0,0.0,0.0,116.0,0.0,1.0,0.07216494845360824
7600,6.0,1.0,0.0,0.0,1.0,195.0,11.0,1.0,0.041237113402061855
7601,32.0,1.0,0.0,0.0,0.0,149.0,12.0,1.0,0.13402061855670103
7602,2.0,1.0,0.0,0.0,1.0,207.0,12.0,3.0,0.010309278350515464
7603,1.0,1.0,0.0,0.0,0.0,111.0,20.0,3.0,0.0
7604,16.0,1.0,0.0,0.0,0.0,142.0,20.0,3.0,0.030927835051546393
7605,35.0,1.0,0.0,0.0,0.0,116.0,10.0,4.0,0.10309278350515463
7606,3.0,1.0,0.0,1.0,1.0,134.0,19.0,4.0,0.010309278350515464
7607,7.0,1.0,0.0,0.0,1.0,265.0,21.0,4.0,0.041237113402061855
7608,34.0,1.0,0.0,0.0,0.0,148.0,8.0,5.0,0.08247422680412371
7609,5.0,1.0,0.0,0.0,1.0,98.0,11.0,5.0,0.010309278350515464
7610,2.0,1.0,0.0,0.0,0.0,110.0,12.0,5.0,0.0
7611,6.0,1.0,0.0,0.0,0.0,118.0,12.0,5.0,0.010309278350515464
7612,8.0,1.0,0.0,0.0,0.0,292.0,21.0,5.0,0.020618556701030927
7613,13.0,1.0,0.0,0.0,0.0,104.0,10.0,6.0,0.05154639175257732
7614,1.0,1.0,0.0,0.0,0.0,164.0,16.0,6.0,0.0
7615,3.0,1.0,0.0,0.0,1.0,211.0,16.0,6.0,0.0
7616,1.0,1.0,0.0,0.0,0.0,108.0,20.0,6.0,0.0
7617,2.0,1.0,0.0,0.0,1.0,211.0,21.0,6.0,0.0
7618,1.0,1.0,0.0,0.0,1.0,114.0,7.0,0.0,0.0
7619,5.0,1.0,0.0,0.0,0.0,122.0,7.0,0.0,0.010309278350515464
7620,7.0,1.0,0.0,0.0,0.0,94.0,8.0,0.0,0.020618556701030927
7621,2.0,1.0,0.0,0.0,1.0,143.0,9.0,0.0,0.0
7622,1.0,1.0,0.0,0.0,0.0,239.0,9.0,0.0,0.0
7623,3.0,1.0,0.0,0.0,0.0,103.0,9.0,0.0,0.0
7624,3.0,1.0,0.0,0.0,1.0,143.0,9.0,0.0,0.0
7625,1.0,1.0,0.0,0.0,0.0,292.0,9.0,0.0,0.0
7626,1.0,1.0,0.0,0.0,0.0,173.0,9.0,0.0,0.0
7627,1.0,1.0,0.0,0.0,0.0,223.0,9.0,0.0,0.0
7628,5.0,1.0,0.0,0.0,0.0,99.0,11.0,0.0,0.020618556701030927
7629,1.0,1.0,0.0,0.0,0.0,226.0,13.0,0.0,0.0
7630,1.0,1.0,0.0,0.0,0.0,158.0,13.0,0.0,0.0
7631,8.0,1.0,0.0,0.0,0.0,134.0,14.0,0.0,0.020618556701030927
7632,9.0,1.0,0.0,0.0,1.0,240.0,15.0,0.0,0.0
7633,2.0,1.0,0.0,0.0,1.0,287.0,17.0,0.0,0.0
7634,1.0,1.0,0.0,0.0,1.0,159.0,19.0,0.0,0.0
7635,2.0,1.0,0.0,0.0,0.0,116.0,19.0,0.0,0.0
7636,6.0,1.0,0.0,0.0,0.0,182.0,21.0,0.0,0.010309278350515464
7637,1.0,1.0,0.0,0.0,0.0,166.0,7.0,1.0,0.0
7638,7.0,1.0,0.0,0.0,0.0,208.0,10.0,1.0,0.0
7639,8.0,1.0,0.0,1.0,0.0,151.0,14.0,1.0,0.020618556701030927
7640,11.0,1.0,0.0,0.0,1.0,82.0,8.0,2.0,0.061855670103092786
7641,4.0,1.0,0.0,0.0,1.0,163.0,16.0,2.0,0.020618556701030927
7642,9.0,1.0,0.0,0.0,0.0,97.0,18.0,2.0,0.030927835051546393
7643,1.0,1.0,0.0,0.0,1.0,841.0,22.0,2.0,0.0
7644,6.0,1.0,0.0,0.0,0.0,215.0,23.0,2.0,0.0
7645,2.0,1.0,0.0,0.0,1.0,126.0,7.0,3.0,0.0
7646,2.0,1.0,0.0,0.0,0.0,220.0,7.0,3.0,0.0
7647,11.0,1.0,0.0,0.0,0.0,164.0,8.0,3.0,0.05154639175257732
7648,15.0,1.0,0.0,0.0,0.0,86.0,12.0,3.0,0.041237113402061855
7649,4.0,1.0,0.0,1.0,1.0,175.0,13.0,3.0,0.010309278350515464
7650,1.0,1.0,0.0,0.0,0.0,338.0,20.0,3.0,0.0
7651,7.0,1.0,0.0,0.0,0.0,134.0,20.0,3.0,0.030927835051546393
7652,1.0,1.0,0.0,0.0,0.0,125.0,10.0,4.0,0.0
7653,5.0,1.0,0.0,0.0,0.0,85.0,10.0,4.0,0.0
7654,20.0,1.0,0.0,0.0,1.0,115.0,14.0,4.0,0.061855670103092786
7655,15.0,1.0,0.0,0.0,0.0,96.0,10.0,5.0,0.030927835051546393
7656,36.0,1.0,0.0,0.0,0.0,211.0,10.0,5.0,0.061855670103092786
7657,4.0,1.0,0.0,0.0,0.0,162.0,16.0,5.0,0.010309278350515464
7658,5.0,1.0,0.0,0.0,0.0,236.0,8.0,6.0,0.010309278350515464
7659,10.0,1.0,0.0,1.0,0.0,225.0,17.0,6.0,0.041237113402061855
7660,13.0,1.0,0.0,0.0,0.0,126.0,10.0,0.0,0.05154639175257732
7661,1.0,1.0,0.0,0.0,0.0,129.0,14.0,0.0,0.0
7662,1.0,1.0,0.0,1.0,0.0,112.0,16.0,0.0,0.0
7663,3.0,1.0,0.0,0.0,0.0,159.0,17.0,0.0,0.010309278350515464
7664,7.0,1.0,0.0,1.0,1.0,212.0,19.0,0.0,0.030927835051546393
7665,2.0,1.0,0.0,0.0,0.0,230.0,8.0,1.0,0.010309278350515464
7666,23.0,1.0,0.0,0.0,0.0,108.0,11.0,1.0,0.12371134020618557
7667,21.0,1.0,0.0,0.0,1.0,157.0,17.0,1.0,0.16494845360824742
7668,3.0,1.0,0.0,0.0,0.0,345.0,22.0,1.0,0.020618556701030927
7669,31.0,1.0,0.0,0.0,0.0,403.0,12.0,2.0,0.12371134020618557
7670,1.0,1.0,0.0,0.0,0.0,274.0,11.0,3.0,0.0
7671,14.0,1.0,0.0,1.0,0.0,263.0,11.0,3.0,0.020618556701030927
7672,4.0,1.0,0.0,0.0,1.0,133.0,14.0,3.0,0.020618556701030927
7673,2.0,1.0,0.0,0.0,0.0,156.0,17.0,3.0,0.0
7674,1.0,1.0,0.0,0.0,0.0,297.0,20.0,3.0,0.0
7675,6.0,1.0,0.0,0.0,0.0,274.0,20.0,3.0,0.041237113402061855
7676,8.0,1.0,0.0,0.0,1.0,189.0,17.0,4.0,0.030927835051546393
7677,4.0,1.0,0.0,0.0,0.0,116.0,8.0,5.0,0.010309278350515464
7678,1.0,1.0,0.0,0.0,1.0,121.0,16.0,5.0,0.0
7679,6.0,1.0,0.0,0.0,0.0,248.0,17.0,5.0,0.030927835051546393
7680,19.0,1.0,0.0,0.0,0.0,86.0,6.0,6.0,0.09278350515463918
7681,6.0,1.0,0.0,0.0,0.0,168.0,20.0,6.0,0.030927835051546393
7682,4.0,1.0,0.0,0.0,0.0,190.0,3.0,0.0,0.030927835051546393
7683,30.0,1.0,0.0,0.0,1.0,170.0,11.0,0.0,0.12371134020618557
7684,8.0,1.0,0.0,0.0,0.0,240.0,11.0,1.0,0.041237113402061855
7685,3.0,1.0,0.0,0.0,0.0,136.0,19.0,1.0,0.0
7686,3.0,1.0,0.0,0.0,0.0,240.0,20.0,1.0,0.0
7687,4.0,1.0,0.0,0.0,0.0,91.0,21.0,1.0,0.020618556701030927
7688,2.0,1.0,0.0,0.0,1.0,229.0,11.0,2.0,0.010309278350515464
7689,1.0,1.0,0.0,0.0,1.0,301.0,13.0,2.0,0.0
7690,5.0,1.0,0.0,0.0,0.0,260.0,13.0,2.0,0.0
7691,3.0,1.0,0.0,0.0,0.0,124.0,16.0,2.0,0.0
7692,3.0,1.0,0.0,0.0,1.0,160.0,17.0,2.0,0.0
7693,6.0,1.0,0.0,0.0,1.0,229.0,18.0,2.0,0.020618556701030927
7694,4.0,1.0,0.0,0.0,1.0,89.0,9.0,3.0,0.010309278350515464
7695,25.0,1.0,0.0,0.0,0.0,93.0,10.0,3.0,0.05154639175257732
7696,2.0,1.0,0.0,0.0,0.0,452.0,14.0,4.0,0.0
7697,4.0,1.0,0.0,0.0,0.0,240.0,16.0,4.0,0.020618556701030927
7698,1.0,1.0,0.0,0.0,0.0,240.0,21.0,4.0,0.0
7699,4.0,1.0,0.0,0.0,0.0,95.0,7.0,5.0,0.010309278350515464
7700,1.0,1.0,0.0,0.0,1.0,975.0,10.0,5.0,0.0
7701,8.0,1.0,0.0,0.0,0.0,86.0,11.0,5.0,0.010309278350515464
7702,2.0,1.0,0.0,0.0,0.0,458.0,10.0,6.0,0.010309278350515464
7703,9.0,1.0,0.0,0.0,0.0,458.0,15.0,6.0,0.041237113402061855
7704,2.0,1.0,0.0,0.0,1.0,129.0,21.0,6.0,0.0
7705,5.0,1.0,0.0,0.0,0.0,142.0,7.0,0.0,0.020618556701030927
7706,11.0,1.0,0.0,0.0,0.0,161.0,9.0,0.0,0.061855670103092786
7707,1.0,1.0,0.0,0.0,0.0,525.0,8.0,1.0,0.0
7708,21.0,1.0,0.0,0.0,0.0,96.0,8.0,1.0,0.041237113402061855
7709,3.0,1.0,0.0,0.0,1.0,207.0,13.0,1.0,0.0
7710,2.0,1.0,0.0,0.0,1.0,130.0,14.0,1.0,0.0
7711,5.0,1.0,0.0,0.0,0.0,648.0,14.0,1.0,0.020618556701030927
7712,2.0,1.0,0.0,0.0,0.0,410.0,19.0,1.0,0.010309278350515464
7713,1.0,1.0,0.0,0.0,0.0,257.0,20.0,1.0,0.0
7714,1.0,1.0,0.0,0.0,0.0,216.0,20.0,1.0,0.0
7715,20.0,1.0,0.0,0.0,1.0,193.0,20.0,1.0,0.05154639175257732
7716,17.0,1.0,0.0,0.0,0.0,164.0,22.0,1.0,0.061855670103092786
7717,3.0,1.0,0.0,0.0,0.0,170.0,20.0,2.0,0.0
7718,1.0,1.0,0.0,0.0,0.0,510.0,20.0,2.0,0.0
7719,1.0,1.0,0.0,0.0,0.0,150.0,20.0,2.0,0.0
7720,4.0,1.0,0.0,0.0,1.0,130.0,21.0,2.0,0.020618556701030927
7721,8.0,1.0,0.0,0.0,0.0,95.0,7.0,3.0,0.020618556701030927
7722,1.0,1.0,0.0,0.0,0.0,109.0,8.0,3.0,0.0
7723,7.0,1.0,0.0,0.0,0.0,201.0,10.0,3.0,0.020618556701030927
7724,10.0,1.0,0.0,0.0,0.0,246.0,15.0,3.0,0.020618556701030927
7725,5.0,1.0,0.0,0.0,0.0,150.0,20.0,3.0,0.020618556701030927
7726,6.0,1.0,0.0,0.0,0.0,244.0,20.0,3.0,0.010309278350515464
7727,1.0,1.0,0.0,0.0,1.0,106.0,7.0,4.0,0.0
7728,1.0,1.0,0.0,0.0,0.0,150.0,7.0,4.0,0.0
7729,2.0,1.0,0.0,0.0,0.0,283.0,10.0,4.0,0.010309278350515464
7730,19.0,1.0,0.0,0.0,0.0,166.0,11.0,4.0,0.010309278350515464
7731,4.0,1.0,0.0,0.0,0.0,98.0,13.0,4.0,0.0
7732,3.0,1.0,0.0,0.0,0.0,224.0,15.0,4.0,0.010309278350515464
7733,15.0,1.0,0.0,0.0,0.0,183.0,17.0,4.0,0.05154639175257732
7734,47.0,1.0,0.0,0.0,0.0,151.0,6.0,5.0,0.09278350515463918
7735,26.0,1.0,0.0,0.0,0.0,122.0,19.0,5.0,0.05154639175257732
7736,14.0,1.0,0.0,0.0,0.0,147.0,19.0,6.0,0.041237113402061855
7737,1.0,1.0,0.0,0.0,0.0,507.0,13.0,0.0,0.0
7738,3.0,1.0,0.0,0.0,0.0,244.0,13.0,0.0,0.0
7739,9.0,1.0,0.0,0.0,0.0,509.0,13.0,0.0,0.030927835051546393
7740,5.0,1.0,0.0,0.0,0.0,421.0,21.0,0.0,0.041237113402061855
7741,6.0,1.0,0.0,0.0,0.0,102.0,8.0,1.0,0.020618556701030927
7742,9.0,1.0,0.0,0.0,1.0,108.0,12.0,1.0,0.041237113402061855
7743,4.0,1.0,0.0,0.0,1.0,159.0,13.0,1.0,0.010309278350515464
7744,2.0,1.0,0.0,0.0,0.0,179.0,8.0,2.0,0.0
7745,4.0,1.0,0.0,0.0,0.0,250.0,10.0,2.0,0.0
7746,2.0,1.0,0.0,0.0,0.0,113.0,14.0,2.0,0.010309278350515464
7747,2.0,1.0,0.0,0.0,0.0,128.0,16.0,2.0,0.0
7748,2.0,1.0,0.0,0.0,0.0,163.0,17.0,2.0,0.010309278350515464
7749,1.0,1.0,0.0,0.0,0.0,294.0,9.0,3.0,0.0
7750,2.0,1.0,0.0,0.0,0.0,164.0,9.0,3.0,0.0
7751,17.0,1.0,0.0,0.0,0.0,139.0,12.0,3.0,0.08247422680412371
7752,2.0,1.0,0.0,0.0,1.0,120.0,20.0,3.0,0.010309278350515464
7753,5.0,1.0,0.0,0.0,1.0,148.0,22.0,3.0,0.030927835051546393
7754,12.0,1.0,0.0,0.0,0.0,215.0,8.0,4.0,0.010309278350515464
7755,12.0,1.0,0.0,0.0,1.0,102.0,16.0,4.0,0.041237113402061855
7756,20.0,1.0,0.0,0.0,0.0,1342.0,20.0,5.0,0.020618556701030927
7757,19.0,1.0,0.0,0.0,1.0,347.0,22.0,6.0,0.07216494845360824
7758,11.0,1.0,0.0,0.0,0.0,383.0,8.0,1.0,0.010309278350515464
7759,19.0,1.0,0.0,0.0,1.0,103.0,17.0,1.0,0.12371134020618557
7760,3.0,1.0,0.0,0.0,0.0,206.0,13.0,2.0,0.0
7761,17.0,1.0,0.0,0.0,1.0,97.0,19.0,2.0,0.020618556701030927
7762,3.0,1.0,0.0,0.0,0.0,183.0,8.0,3.0,0.010309278350515464
7763,2.0,1.0,0.0,0.0,0.0,147.0,10.0,3.0,0.0
7764,4.0,1.0,0.0,0.0,0.0,89.0,12.0,3.0,0.010309278350515464
7765,1.0,1.0,0.0,0.0,0.0,108.0,13.0,3.0,0.0
7766,1.0,1.0,0.0,0.0,0.0,182.0,14.0,3.0,0.0
7767,20.0,1.0,0.0,0.0,0.0,312.0,19.0,3.0,0.061855670103092786
7768,10.0,1.0,0.0,0.0,0.0,132.0,17.0,4.0,0.030927835051546393
7769,5.0,1.0,0.0,0.0,1.0,663.0,9.0,5.0,0.010309278350515464
7770,3.0,1.0,0.0,0.0,0.0,116.0,11.0,5.0,0.020618556701030927
7771,7.0,1.0,0.0,0.0,1.0,152.0,11.0,5.0,0.020618556701030927
7772,7.0,1.0,0.0,0.0,0.0,225.0,18.0,5.0,0.05154639175257732
7773,2.0,1.0,0.0,0.0,0.0,109.0,11.0,6.0,0.010309278350515464
7774,3.0,1.0,0.0,0.0,0.0,108.0,12.0,6.0,0.020618556701030927
7775,15.0,1.0,0.0,0.0,0.0,1056.0,17.0,6.0,0.09278350515463918
7776,1.0,1.0,0.0,0.0,0.0,1219.0,20.0,0.0,0.0
7777,28.0,1.0,0.0,0.0,0.0,1223.0,20.0,0.0,0.1134020618556701
7778,8.0,1.0,0.0,0.0,0.0,1219.0,9.0,2.0,0.020618556701030927
7779,6.0,1.0,0.0,0.0,0.0,109.0,15.0,2.0,0.010309278350515464
7780,10.0,1.0,0.0,0.0,0.0,213.0,9.0,3.0,0.041237113402061855
7781,1.0,1.0,0.0,0.0,0.0,243.0,19.0,4.0,0.0
7782,25.0,1.0,0.0,0.0,0.0,518.0,19.0,4.0,0.030927835051546393
7783,9.0,1.0,0.0,0.0,0.0,171.0,9.0,6.0,0.020618556701030927
7784,2.0,1.0,0.0,0.0,1.0,102.0,21.0,6.0,0.0
7785,10.0,1.0,0.0,1.0,1.0,76.0,22.0,6.0,0.061855670103092786
7786,1.0,1.0,0.0,0.0,0.0,89.0,13.0,0.0,0.0
7787,20.0,1.0,0.0,0.0,0.0,207.0,14.0,0.0,0.13402061855670103
7788,7.0,1.0,0.0,0.0,0.0,128.0,12.0,1.0,0.030927835051546393
7789,6.0,1.0,0.0,0.0,1.0,90.0,15.0,1.0,0.041237113402061855
7790,12.0,1.0,0.0,0.0,1.0,90.0,16.0,1.0,0.041237113402061855
7791,60.0,1.0,0.0,0.0,0.0,146.0,8.0,2.0,0.16494845360824742
7792,10.0,1.0,0.0,0.0,0.0,298.0,20.0,2.0,0.030927835051546393
7793,1.0,1.0,0.0,1.0,0.0,116.0,13.0,3.0,0.0
7794,15.0,1.0,0.0,0.0,0.0,117.0,13.0,3.0,0.05154639175257732
7795,2.0,1.0,0.0,0.0,0.0,153.0,18.0,3.0,0.0
7796,3.0,1.0,0.0,0.0,0.0,170.0,20.0,3.0,0.0
7797,4.0,1.0,0.0,0.0,0.0,298.0,22.0,3.0,0.030927835051546393
7798,13.0,1.0,0.0,0.0,0.0,166.0,10.0,4.0,0.041237113402061855
7799,3.0,1.0,0.0,0.0,0.0,197.0,11.0,4.0,0.020618556701030927
7800,3.0,1.0,0.0,0.0,0.0,306.0,13.0,4.0,0.0
7801,3.0,1.0,0.0,0.0,0.0,181.0,13.0,4.0,0.0
7802,1.0,1.0,0.0,0.0,0.0,381.0,14.0,4.0,0.0
7803,13.0,1.0,0.0,0.0,0.0,104.0,14.0,4.0,0.05154639175257732
7804,5.0,1.0,0.0,0.0,0.0,148.0,16.0,4.0,0.020618556701030927
7805,3.0,1.0,0.0,0.0,0.0,310.0,19.0,4.0,0.010309278350515464
7806,3.0,1.0,0.0,0.0,1.0,191.0,20.0,4.0,0.0
7807,2.0,1.0,0.0,0.0,0.0,116.0,20.0,4.0,0.0
7808,6.0,1.0,0.0,0.0,0.0,88.0,21.0,4.0,0.020618556701030927
7809,16.0,1.0,0.0,0.0,0.0,140.0,9.0,5.0,0.041237113402061855
7810,4.0,1.0,0.0,0.0,0.0,85.0,20.0,5.0,0.020618556701030927
7811,10.0,1.0,0.0,0.0,0.0,170.0,20.0,6.0,0.05154639175257732
7812,16.0,1.0,0.0,0.0,0.0,689.0,17.0,0.0,0.030927835051546393
7813,12.0,1.0,0.0,0.0,0.0,666.0,19.0,0.0,0.07216494845360824
7814,6.0,1.0,0.0,0.0,0.0,124.0,7.0,1.0,0.010309278350515464
7815,4.0,1.0,0.0,0.0,0.0,565.0,14.0,1.0,0.020618556701030927
7816,1.0,1.0,0.0,0.0,0.0,146.0,20.0,1.0,0.0
7817,11.0,1.0,0.0,1.0,0.0,85.0,20.0,1.0,0.07216494845360824
7818,5.0,1.0,0.0,0.0,0.0,110.0,17.0,2.0,0.030927835051546393
7819,9.0,1.0,0.0,0.0,0.0,337.0,12.0,3.0,0.020618556701030927
7820,7.0,1.0,0.0,0.0,1.0,148.0,20.0,3.0,0.020618556701030927
7821,2.0,1.0,0.0,0.0,1.0,221.0,22.0,3.0,0.010309278350515464
7822,1.0,1.0,0.0,0.0,1.0,185.0,8.0,4.0,0.0
7823,2.0,1.0,0.0,0.0,1.0,143.0,8.0,4.0,0.0
7824,1.0,1.0,0.0,0.0,1.0,185.0,8.0,4.0,0.0
7825,3.0,1.0,0.0,0.0,1.0,143.0,8.0,4.0,0.0
7826,18.0,1.0,0.0,0.0,0.0,109.0,8.0,4.0,0.09278350515463918
7827,6.0,1.0,0.0,0.0,0.0,159.0,14.0,4.0,0.041237113402061855
7828,6.0,1.0,0.0,0.0,0.0,91.0,16.0,4.0,0.030927835051546393
7829,3.0,1.0,0.0,0.0,0.0,130.0,17.0,4.0,0.010309278350515464
7830,20.0,1.0,0.0,0.0,0.0,294.0,18.0,4.0,0.14432989690721648
7831,10.0,1.0,0.0,0.0,0.0,477.0,21.0,4.0,0.05154639175257732
7832,14.0,1.0,0.0,0.0,0.0,144.0,22.0,4.0,0.07216494845360824
7833,37.0,1.0,0.0,0.0,1.0,274.0,9.0,5.0,0.1134020618556701
7834,39.0,1.0,0.0,0.0,0.0,276.0,11.0,5.0,0.14432989690721648
7835,12.0,1.0,0.0,0.0,0.0,626.0,21.0,5.0,0.08247422680412371
7836,13.0,1.0,0.0,1.0,1.0,151.0,22.0,6.0,0.07216494845360824
7837,7.0,1.0,0.0,0.0,0.0,181.0,12.0,0.0,0.020618556701030927
7838,35.0,1.0,0.0,1.0,0.0,147.0,15.0,0.0,0.1958762886597938
7839,5.0,1.0,0.0,0.0,0.0,95.0,11.0,2.0,0.030927835051546393
7840,2.0,1.0,0.0,0.0,0.0,118.0,13.0,2.0,0.0
7841,3.0,1.0,0.0,0.0,0.0,170.0,14.0,2.0,0.0
7842,3.0,1.0,0.0,0.0,0.0,267.0,18.0,2.0,0.0
7843,10.0,1.0,0.0,1.0,1.0,285.0,19.0,2.0,0.07216494845360824
7844,16.0,1.0,0.0,0.0,0.0,170.0,11.0,3.0,0.05154639175257732
7845,4.0,1.0,0.0,0.0,0.0,263.0,18.0,3.0,0.030927835051546393
7846,5.0,1.0,0.0,0.0,0.0,178.0,9.0,4.0,0.030927835051546393
7847,3.0,1.0,0.0,0.0,1.0,107.0,17.0,4.0,0.020618556701030927
7848,1.0,1.0,0.0,0.0,0.0,293.0,20.0,4.0,0.0
7849,1.0,1.0,0.0,0.0,0.0,192.0,20.0,4.0,0.0
7850,7.0,1.0,0.0,0.0,0.0,185.0,20.0,4.0,0.05154639175257732
7851,5.0,1.0,0.0,0.0,1.0,128.0,6.0,5.0,0.030927835051546393
7852,25.0,1.0,0.0,0.0,1.0,143.0,11.0,5.0,0.10309278350515463
7853,1.0,1.0,0.0,0.0,1.0,860.0,19.0,6.0,0.0
7854,4.0,1.0,0.0,0.0,1.0,835.0,20.0,6.0,0.0
7855,2.0,1.0,0.0,0.0,0.0,110.0,22.0,6.0,0.010309278350515464
7856,9.0,1.0,0.0,0.0,0.0,128.0,10.0,0.0,0.05154639175257732
7857,6.0,1.0,0.0,0.0,1.0,115.0,13.0,0.0,0.030927835051546393
7858,1.0,1.0,0.0,0.0,0.0,93.0,14.0,0.0,0.0
7859,25.0,1.0,0.0,1.0,0.0,109.0,14.0,0.0,0.1134020618556701
7860,3.0,1.0,0.0,0.0,1.0,503.0,14.0,1.0,0.010309278350515464
7861,23.0,1.0,0.0,0.0,0.0,175.0,15.0,1.0,0.08247422680412371
7862,33.0,1.0,0.0,0.0,0.0,488.0,12.0,2.0,0.16494845360824742
7863,3.0,1.0,0.0,0.0,0.0,345.0,20.0,2.0,0.010309278350515464
7864,7.0,1.0,0.0,0.0,0.0,488.0,21.0,2.0,0.041237113402061855
7865,22.0,1.0,0.0,0.0,0.0,543.0,9.0,3.0,0.061855670103092786
7866,89.0,1.0,0.0,0.0,0.0,89.0,13.0,3.0,0.27835051546391754
7867,82.0,1.0,0.0,0.0,0.0,155.0,18.0,4.0,0.2268041237113402
7868,2.0,1.0,0.0,0.0,0.0,204.0,20.0,5.0,0.010309278350515464
7869,15.0,1.0,0.0,0.0,0.0,169.0,21.0,5.0,0.030927835051546393
7870,23.0,1.0,0.0,0.0,0.0,379.0,10.0,6.0,0.1134020618556701
7871,32.0,1.0,0.0,0.0,0.0,162.0,21.0,6.0,0.1958762886597938
7872,14.0,1.0,0.0,0.0,0.0,197.0,17.0,0.0,0.1134020618556701
7873,8.0,1.0,0.0,0.0,0.0,105.0,10.0,1.0,0.041237113402061855
7874,45.0,1.0,0.0,0.0,0.0,252.0,14.0,1.0,0.17525773195876287
7875,30.0,1.0,0.0,0.0,0.0,116.0,21.0,1.0,0.14432989690721648
7876,1.0,1.0,0.0,0.0,0.0,106.0,22.0,2.0,0.0
7877,2.0,1.0,0.0,0.0,0.0,114.0,6.0,3.0,0.0
7878,2.0,1.0,0.0,0.0,0.0,111.0,8.0,3.0,0.010309278350515464
7879,1.0,1.0,0.0,0.0,0.0,107.0,9.0,3.0,0.0
7880,5.0,1.0,0.0,0.0,0.0,85.0,10.0,3.0,0.020618556701030927
7881,22.0,1.0,0.0,0.0,0.0,86.0,11.0,3.0,0.07216494845360824
7882,11.0,1.0,0.0,1.0,0.0,200.0,20.0,3.0,0.041237113402061855
7883,5.0,1.0,0.0,0.0,0.0,98.0,10.0,4.0,0.0
7884,6.0,1.0,0.0,0.0,0.0,129.0,11.0,4.0,0.020618556701030927
7885,7.0,1.0,0.0,0.0,0.0,126.0,15.0,4.0,0.05154639175257732
7886,3.0,1.0,0.0,0.0,0.0,111.0,18.0,4.0,0.010309278350515464
7887,1.0,1.0,0.0,0.0,1.0,103.0,18.0,4.0,0.0
7888,10.0,1.0,0.0,0.0,0.0,236.0,18.0,4.0,0.020618556701030927
7889,2.0,1.0,0.0,0.0,0.0,287.0,22.0,4.0,0.010309278350515464
7890,8.0,1.0,0.0,0.0,1.0,249.0,22.0,4.0,0.05154639175257732
7891,7.0,1.0,0.0,0.0,0.0,98.0,8.0,5.0,0.020618556701030927
7892,3.0,1.0,0.0,0.0,0.0,89.0,10.0,5.0,0.020618556701030927
7893,6.0,1.0,0.0,0.0,0.0,86.0,13.0,5.0,0.030927835051546393
7894,2.0,1.0,0.0,0.0,0.0,106.0,18.0,6.0,0.010309278350515464
7895,3.0,1.0,0.0,0.0,0.0,90.0,19.0,6.0,0.0
7896,1.0,1.0,0.0,0.0,0.0,103.0,20.0,6.0,0.0
7897,1.0,1.0,0.0,0.0,0.0,91.0,20.0,6.0,0.0
7898,9.0,1.0,0.0,0.0,0.0,98.0,20.0,6.0,0.010309278350515464
7899,3.0,1.0,0.0,0.0,0.0,374.0,22.0,6.0,0.0
7900,3.0,1.0,0.0,0.0,1.0,270.0,22.0,6.0,0.0
7901,1.0,1.0,0.0,0.0,1.0,101.0,6.0,0.0,0.0
7902,2.0,1.0,0.0,1.0,0.0,86.0,7.0,0.0,0.010309278350515464
7903,9.0,1.0,0.0,0.0,1.0,858.0,9.0,0.0,0.061855670103092786
7904,3.0,1.0,0.0,0.0,0.0,117.0,17.0,0.0,0.0
7905,1.0,1.0,0.0,0.0,0.0,103.0,20.0,0.0,0.0
7906,7.0,1.0,0.0,0.0,0.0,106.0,22.0,0.0,0.05154639175257732
7907,22.0,1.0,0.0,0.0,1.0,292.0,12.0,1.0,0.041237113402061855
7908,36.0,1.0,0.0,0.0,0.0,776.0,22.0,1.0,0.16494845360824742
7909,1.0,1.0,0.0,0.0,0.0,178.0,20.0,3.0,0.0
7910,3.0,1.0,0.0,0.0,0.0,242.0,21.0,3.0,0.010309278350515464
7911,8.0,1.0,0.0,0.0,0.0,134.0,23.0,3.0,0.020618556701030927
7912,3.0,1.0,0.0,0.0,0.0,572.0,8.0,4.0,0.010309278350515464
7913,1.0,1.0,0.0,0.0,0.0,150.0,8.0,4.0,0.0
7914,5.0,1.0,0.0,0.0,0.0,134.0,8.0,4.0,0.0
7915,12.0,1.0,0.0,0.0,1.0,307.0,8.0,4.0,0.010309278350515464
7916,38.0,1.0,0.0,0.0,0.0,261.0,11.0,4.0,0.09278350515463918
7917,35.0,1.0,0.0,0.0,0.0,104.0,13.0,4.0,0.09278350515463918
7918,1.0,1.0,0.0,0.0,0.0,309.0,19.0,4.0,0.0
7919,16.0,1.0,0.0,0.0,1.0,190.0,22.0,4.0,0.09278350515463918
7920,1.0,1.0,0.0,0.0,0.0,155.0,20.0,5.0,0.0
7921,4.0,1.0,0.0,0.0,0.0,352.0,20.0,5.0,0.020618556701030927
7922,6.0,1.0,0.0,0.0,0.0,339.0,23.0,5.0,0.020618556701030927
7923,16.0,1.0,0.0,0.0,0.0,339.0,21.0,6.0,0.061855670103092786
7924,47.0,1.0,0.0,0.0,0.0,159.0,14.0,0.0,0.14432989690721648
7925,7.0,1.0,0.0,0.0,0.0,176.0,13.0,1.0,0.041237113402061855
7926,2.0,1.0,0.0,0.0,0.0,455.0,16.0,1.0,0.0
7927,41.0,1.0,0.0,0.0,0.0,116.0,17.0,1.0,0.32989690721649484
7928,12.0,1.0,0.0,0.0,0.0,116.0,10.0,2.0,0.07216494845360824
7929,3.0,1.0,0.0,0.0,0.0,330.0,13.0,3.0,0.020618556701030927
7930,6.0,1.0,0.0,0.0,0.0,130.0,20.0,3.0,0.05154639175257732
7931,5.0,1.0,0.0,0.0,0.0,300.0,0.0,4.0,0.020618556701030927
7932,2.0,1.0,0.0,0.0,0.0,2248.0,16.0,4.0,0.010309278350515464
7933,1.0,3.0,0.0,0.0,0.0,23.0,12.0,0.0,0.0
7934,16.0,3.0,0.0,0.0,0.0,90.0,12.0,0.0,0.13333333333333333
7935,46.0,3.0,0.0,0.0,0.0,93.0,19.0,1.0,0.3333333333333333
7936,10.0,3.0,0.0,0.0,0.0,88.0,17.0,0.0,0.2
7937,75.0,3.0,0.0,0.0,1.0,114.0,11.0,6.0,0.4666666666666667
7938,13.0,3.0,0.0,0.0,0.0,90.0,16.0,0.0,0.3333333333333333
7939,52.0,3.0,0.0,0.0,1.0,132.0,11.0,1.0,0.5333333333333333
7940,62.0,3.0,0.0,0.0,0.0,333.0,21.0,1.0,0.7333333333333333
7941,30.0,3.0,0.0,0.0,0.0,249.0,16.0,3.0,0.7333333333333333
7942,46.0,3.0,0.0,0.0,0.0,119.0,20.0,0.0,0.8666666666666667
7943,29.0,3.0,0.0,0.0,1.0,87.0,21.0,3.0,0.6666666666666666
7944,1.0,3.0,0.0,0.0,0.0,114.0,16.0,6.0,0.0
7945,40.0,3.0,0.0,0.0,0.0,2.0,16.0,6.0,0.4444444444444444
7946,3.0,3.0,0.0,0.0,1.0,197.0,14.0,2.0,0.05555555555555555
7947,9.0,3.0,0.0,0.0,0.0,121.0,18.0,2.0,0.2222222222222222
7948,1.0,3.0,0.0,0.0,1.0,130.0,22.0,2.0,0.0
7949,18.0,3.0,0.0,0.0,0.0,141.0,18.0,3.0,0.2777777777777778
7950,11.0,3.0,0.0,0.0,1.0,83.0,19.0,2.0,0.2222222222222222
7951,42.0,3.0,0.0,0.0,1.0,117.0,12.0,1.0,0.5
7952,13.0,3.0,0.0,0.0,1.0,159.0,17.0,0.0,0.1111111111111111
7953,30.0,3.0,0.0,0.0,0.0,89.0,6.0,4.0,0.5
7954,16.0,3.0,0.0,0.0,0.0,141.0,22.0,3.0,0.2777777777777778
7955,50.0,3.0,0.0,0.0,1.0,114.0,19.0,2.0,0.6111111111111112
7956,1.0,3.0,0.0,0.0,0.0,142.0,21.0,1.0,0.0
7957,57.0,3.0,0.0,0.0,0.0,133.0,21.0,1.0,0.7777777777777778
7958,4.0,3.0,0.0,0.0,0.0,153.0,19.0,3.0,0.05555555555555555
7959,2.0,3.0,0.0,0.0,0.0,138.0,19.0,3.0,0.0
7960,12.0,3.0,0.0,0.0,0.0,92.0,19.0,3.0,0.3333333333333333
7961,13.0,3.0,0.0,0.0,1.0,90.0,20.0,4.0,0.2222222222222222
7962,23.0,3.0,0.0,0.0,0.0,98.0,17.0,1.0,0.5555555555555556
7963,11.0,3.0,0.0,0.0,0.0,90.0,18.0,2.0,0.2777777777777778
7964,2.0,3.0,0.0,0.0,0.0,90.0,22.0,2.0,0.05555555555555555
7965,10.0,3.0,0.0,0.0,0.0,87.0,22.0,2.0,0.1111111111111111
7966,3.0,3.0,0.0,0.0,0.0,150.0,12.0,3.0,0.05555555555555555
7967,4.0,3.0,0.0,0.0,0.0,85.0,16.0,3.0,0.05555555555555555
7968,46.0,3.0,0.0,0.0,0.0,126.0,21.0,3.0,0.7222222222222222
7969,9.0,3.0,0.0,0.0,0.0,101.0,12.0,2.0,0.3333333333333333
7970,49.0,3.0,0.0,0.0,1.0,233.0,21.0,2.0,0.6666666666666666
7971,8.0,3.0,0.0,0.0,1.0,260.0,13.0,4.0,0.16666666666666666
7972,36.0,3.0,0.0,0.0,0.0,110.0,20.0,2.0,0.7777777777777778
7973,97.0,3.0,0.0,0.0,0.0,337.0,23.0,3.0,0.7777777777777778
7974,3.0,3.0,0.0,0.0,0.0,99.0,8.0,3.0,0.0
7975,11.0,3.0,0.0,0.0,0.0,153.0,9.0,3.0,0.2222222222222222
7976,25.0,3.0,0.0,0.0,0.0,181.0,15.0,4.0,0.5555555555555556
7977,5.0,3.0,0.0,0.0,1.0,121.0,15.0,3.0,0.05555555555555555
7978,2.0,2.0,0.0,0.0,1.0,29.0,13.0,1.0,0.0
7979,11.0,2.0,0.0,0.0,1.0,208.0,13.0,1.0,0.08196721311475409
7980,8.0,2.0,0.0,1.0,0.0,106.0,11.0,3.0,0.04918032786885246
7981,2.0,2.0,0.0,0.0,0.0,636.0,9.0,1.0,0.01639344262295082
7982,4.0,2.0,0.0,0.0,0.0,286.0,5.0,2.0,0.03278688524590164
7983,5.0,2.0,0.0,0.0,0.0,91.0,11.0,2.0,0.01639344262295082
7984,3.0,2.0,0.0,0.0,0.0,91.0,11.0,2.0,0.03278688524590164
7985,7.0,2.0,0.0,0.0,1.0,155.0,11.0,2.0,0.06557377049180328
7986,1.0,2.0,0.0,0.0,1.0,197.0,12.0,2.0,0.0
7987,1.0,2.0,0.0,0.0,0.0,230.0,12.0,2.0,0.0
7988,18.0,2.0,0.0,0.0,0.0,146.0,12.0,2.0,0.11475409836065574
7989,8.0,2.0,0.0,0.0,0.0,88.0,2.0,1.0,0.06557377049180328
7990,7.0,2.0,0.0,0.0,0.0,150.0,3.0,1.0,0.08196721311475409
7991,1.0,2.0,0.0,1.0,0.0,128.0,4.0,1.0,0.0
7992,3.0,2.0,0.0,0.0,0.0,87.0,5.0,1.0,0.03278688524590164
7993,1.0,2.0,0.0,0.0,0.0,115.0,5.0,1.0,0.0
7994,8.0,2.0,0.0,0.0,0.0,88.0,6.0,1.0,0.04918032786885246
7995,9.0,2.0,0.0,0.0,0.0,102.0,8.0,1.0,0.13114754098360656
7996,8.0,2.0,0.0,0.0,0.0,107.0,10.0,1.0,0.06557377049180328
7997,1.0,2.0,0.0,0.0,1.0,115.0,21.0,2.0,0.0
7998,14.0,2.0,0.0,0.0,0.0,207.0,2.0,2.0,0.16393442622950818
7999,11.0,2.0,0.0,0.0,1.0,123.0,1.0,0.0,0.13114754098360656
8000,20.0,2.0,0.0,0.0,1.0,153.0,18.0,0.0,0.19672131147540983
8001,1.0,2.0,0.0,0.0,0.0,332.0,11.0,4.0,0.0
8002,20.0,2.0,0.0,0.0,0.0,109.0,11.0,4.0,0.11475409836065574
8003,13.0,2.0,0.0,0.0,1.0,333.0,8.0,4.0,0.08196721311475409
8004,22.0,2.0,0.0,0.0,0.0,123.0,9.0,4.0,0.04918032786885246
8005,4.0,2.0,0.0,0.0,0.0,209.0,9.0,4.0,0.01639344262295082
8006,27.0,2.0,0.0,0.0,1.0,91.0,9.0,4.0,0.21311475409836064
8007,1.0,2.0,0.0,0.0,1.0,469.0,11.0,1.0,0.0
8008,1.0,2.0,0.0,0.0,1.0,161.0,11.0,1.0,0.0
8009,3.0,2.0,0.0,0.0,0.0,403.0,1.0,2.0,0.03278688524590164
8010,46.0,2.0,0.0,0.0,0.0,98.0,2.0,1.0,0.21311475409836064
8011,4.0,2.0,0.0,0.0,0.0,168.0,7.0,1.0,0.01639344262295082
8012,39.0,2.0,0.0,0.0,0.0,100.0,10.0,1.0,0.22950819672131148
8013,1.0,2.0,0.0,0.0,1.0,187.0,3.0,3.0,0.0
8014,56.0,2.0,0.0,0.0,0.0,132.0,3.0,3.0,0.2459016393442623
8015,15.0,2.0,0.0,0.0,0.0,109.0,5.0,5.0,0.14754098360655737
8016,13.0,2.0,0.0,0.0,0.0,91.0,7.0,5.0,0.13114754098360656
8017,28.0,2.0,0.0,0.0,0.0,89.0,0.0,0.0,0.18032786885245902
8018,7.0,2.0,0.0,0.0,1.0,89.0,7.0,0.0,0.08196721311475409
8019,7.0,2.0,0.0,0.0,0.0,106.0,8.0,0.0,0.08196721311475409
8020,2.0,2.0,0.0,0.0,1.0,164.0,8.0,0.0,0.01639344262295082
8021,1.0,2.0,0.0,0.0,0.0,96.0,9.0,0.0,0.0
8022,20.0,2.0,0.0,1.0,0.0,97.0,9.0,0.0,0.13114754098360656
8023,25.0,2.0,0.0,0.0,0.0,120.0,1.0,1.0,0.18032786885245902
8024,25.0,2.0,0.0,0.0,0.0,117.0,8.0,1.0,0.11475409836065574
8025,6.0,2.0,0.0,0.0,1.0,162.0,9.0,1.0,0.08196721311475409
8026,4.0,2.0,0.0,0.0,0.0,237.0,9.0,1.0,0.04918032786885246
8027,14.0,2.0,0.0,0.0,0.0,104.0,10.0,1.0,0.11475409836065574
8028,10.0,2.0,0.0,0.0,0.0,121.0,3.0,2.0,0.03278688524590164
8029,3.0,2.0,0.0,0.0,0.0,276.0,5.0,2.0,0.01639344262295082
8030,8.0,2.0,0.0,0.0,0.0,137.0,7.0,2.0,0.08196721311475409
8031,19.0,2.0,0.0,0.0,0.0,119.0,8.0,2.0,0.16393442622950818
8032,6.0,2.0,0.0,0.0,0.0,227.0,21.0,3.0,0.06557377049180328
8033,29.0,2.0,0.0,0.0,1.0,205.0,11.0,4.0,0.18032786885245902
8034,6.0,2.0,0.0,0.0,0.0,104.0,4.0,4.0,0.04918032786885246
8035,6.0,2.0,0.0,0.0,0.0,120.0,6.0,3.0,0.06557377049180328
8036,1.0,2.0,0.0,0.0,0.0,209.0,8.0,3.0,0.0
8037,31.0,2.0,0.0,0.0,1.0,106.0,9.0,3.0,0.18032786885245902
8038,4.0,2.0,0.0,0.0,0.0,130.0,10.0,6.0,0.01639344262295082
8039,1.0,2.0,0.0,0.0,0.0,92.0,10.0,6.0,0.0
8040,4.0,2.0,0.0,0.0,0.0,430.0,11.0,6.0,0.03278688524590164
8041,3.0,2.0,0.0,0.0,0.0,99.0,11.0,6.0,0.03278688524590164
8042,6.0,2.0,0.0,0.0,1.0,129.0,12.0,6.0,0.04918032786885246
8043,1.0,2.0,0.0,0.0,0.0,91.0,1.0,0.0,0.0
8044,2.0,2.0,0.0,0.0,0.0,101.0,1.0,0.0,0.01639344262295082
8045,4.0,2.0,0.0,0.0,1.0,96.0,3.0,0.0,0.04918032786885246
8046,4.0,2.0,0.0,0.0,0.0,172.0,7.0,0.0,0.03278688524590164
8047,15.0,2.0,0.0,0.0,1.0,192.0,7.0,0.0,0.08196721311475409
8048,1.0,2.0,0.0,0.0,0.0,147.0,22.0,2.0,0.0
8049,31.0,2.0,0.0,0.0,0.0,112.0,22.0,2.0,0.2459016393442623
8050,11.0,2.0,0.0,0.0,0.0,137.0,5.0,0.0,0.11475409836065574
8051,28.0,2.0,0.0,0.0,0.0,259.0,9.0,0.0,0.21311475409836064
8052,5.0,1.0,0.0,0.0,1.0,3.0,7.0,2.0,0.043010752688172046
8053,22.0,1.0,0.0,0.0,0.0,421.0,14.0,2.0,0.11827956989247312
8054,2.0,1.0,0.0,0.0,0.0,105.0,20.0,3.0,0.010752688172043012
8055,6.0,1.0,0.0,0.0,1.0,119.0,21.0,3.0,0.021505376344086023
8056,5.0,1.0,0.0,0.0,0.0,129.0,9.0,4.0,0.03225806451612903
8057,2.0,1.0,0.0,1.0,0.0,112.0,15.0,4.0,0.010752688172043012
8058,15.0,1.0,0.0,0.0,0.0,129.0,19.0,4.0,0.07526881720430108
8059,29.0,1.0,0.0,0.0,0.0,299.0,8.0,6.0,0.11827956989247312
8060,16.0,1.0,0.0,0.0,0.0,224.0,6.0,0.0,0.0967741935483871
8061,1.0,1.0,0.0,0.0,1.0,367.0,23.0,0.0,0.0
8062,15.0,1.0,0.0,0.0,1.0,150.0,6.0,1.0,0.08602150537634409
8063,1.0,1.0,0.0,0.0,0.0,135.0,20.0,2.0,0.0
8064,2.0,1.0,0.0,0.0,0.0,282.0,21.0,2.0,0.010752688172043012
8065,1.0,1.0,0.0,0.0,1.0,306.0,0.0,3.0,0.0
8066,23.0,1.0,0.0,0.0,1.0,96.0,6.0,3.0,0.0967741935483871
8067,27.0,1.0,0.0,0.0,0.0,93.0,20.0,3.0,0.11827956989247312
8068,3.0,1.0,0.0,0.0,1.0,975.0,11.0,5.0,0.021505376344086023
8069,60.0,1.0,0.0,0.0,1.0,227.0,14.0,5.0,0.1827956989247312
8070,2.0,1.0,0.0,0.0,1.0,82.0,15.0,1.0,0.010752688172043012
8071,3.0,1.0,0.0,0.0,0.0,251.0,18.0,1.0,0.010752688172043012
8072,17.0,1.0,0.0,0.0,0.0,138.0,21.0,1.0,0.10752688172043011
8073,17.0,1.0,0.0,0.0,0.0,510.0,20.0,2.0,0.10752688172043011
8074,7.0,1.0,0.0,0.0,0.0,398.0,13.0,3.0,0.03225806451612903
8075,2.0,1.0,0.0,0.0,0.0,132.0,16.0,3.0,0.0
8076,18.0,1.0,0.0,0.0,0.0,89.0,22.0,3.0,0.11827956989247312
8077,6.0,1.0,0.0,0.0,0.0,198.0,22.0,4.0,0.03225806451612903
8078,16.0,1.0,0.0,0.0,0.0,105.0,11.0,5.0,0.0967741935483871
8079,24.0,1.0,0.0,0.0,1.0,225.0,10.0,0.0,0.043010752688172046
8080,8.0,1.0,0.0,0.0,0.0,233.0,21.0,0.0,0.043010752688172046
8081,7.0,1.0,0.0,0.0,1.0,235.0,17.0,1.0,0.021505376344086023
8082,2.0,1.0,0.0,0.0,1.0,155.0,19.0,1.0,0.010752688172043012
8083,15.0,1.0,0.0,0.0,0.0,164.0,6.0,2.0,0.07526881720430108
8084,1.0,1.0,0.0,0.0,0.0,86.0,19.0,2.0,0.0
8085,1.0,1.0,0.0,0.0,0.0,86.0,20.0,2.0,0.0
8086,9.0,1.0,0.0,0.0,1.0,828.0,8.0,3.0,0.053763440860215055
8087,6.0,1.0,0.0,0.0,1.0,148.0,22.0,3.0,0.03225806451612903
8088,17.0,1.0,0.0,0.0,0.0,328.0,10.0,4.0,0.053763440860215055
8089,25.0,1.0,0.0,0.0,0.0,356.0,11.0,5.0,0.08602150537634409
8090,9.0,1.0,0.0,0.0,0.0,120.0,20.0,6.0,0.043010752688172046
8091,12.0,1.0,0.0,0.0,0.0,550.0,0.0,0.0,0.06451612903225806
8092,29.0,1.0,0.0,0.0,0.0,243.0,18.0,0.0,0.15053763440860216
8093,46.0,1.0,0.0,0.0,0.0,141.0,15.0,2.0,0.13978494623655913
8094,32.0,1.0,0.0,0.0,0.0,265.0,22.0,4.0,0.08602150537634409
8095,5.0,1.0,0.0,0.0,1.0,152.0,11.0,5.0,0.03225806451612903
8096,1.0,1.0,0.0,0.0,0.0,222.0,14.0,5.0,0.0
8097,5.0,1.0,0.0,0.0,1.0,100.0,15.0,5.0,0.021505376344086023
8098,1.0,1.0,0.0,0.0,0.0,163.0,20.0,5.0,0.0
8099,4.0,1.0,0.0,0.0,0.0,483.0,22.0,5.0,0.021505376344086023
8100,10.0,1.0,0.0,0.0,0.0,91.0,10.0,6.0,0.06451612903225806
8101,1.0,1.0,0.0,0.0,1.0,152.0,16.0,6.0,0.0
8102,8.0,1.0,0.0,0.0,0.0,86.0,18.0,6.0,0.053763440860215055
8103,3.0,1.0,0.0,0.0,0.0,222.0,11.0,0.0,0.0
8104,7.0,1.0,0.0,0.0,0.0,222.0,11.0,0.0,0.021505376344086023
8105,6.0,1.0,0.0,0.0,0.0,1219.0,20.0,0.0,0.03225806451612903
8106,15.0,1.0,0.0,0.0,0.0,396.0,21.0,0.0,0.10752688172043011
8107,1.0,1.0,0.0,0.0,1.0,116.0,20.0,2.0,0.0
8108,16.0,1.0,0.0,0.0,0.0,107.0,21.0,2.0,0.08602150537634409
8109,8.0,1.0,0.0,0.0,0.0,147.0,21.0,3.0,0.010752688172043012
8110,49.0,1.0,0.0,0.0,1.0,316.0,7.0,4.0,0.15053763440860216
8111,14.0,1.0,0.0,0.0,0.0,187.0,8.0,6.0,0.021505376344086023
8112,8.0,1.0,0.0,0.0,0.0,216.0,18.0,6.0,0.06451612903225806
8113,3.0,1.0,0.0,0.0,0.0,154.0,20.0,6.0,0.021505376344086023
8114,8.0,1.0,0.0,0.0,0.0,154.0,23.0,6.0,0.07526881720430108
8115,53.0,1.0,0.0,0.0,0.0,273.0,17.0,0.0,0.23655913978494625
8116,39.0,1.0,0.0,0.0,0.0,192.0,9.0,2.0,0.17204301075268819
8117,1.0,1.0,0.0,0.0,0.0,366.0,9.0,3.0,0.0
8118,52.0,1.0,0.0,0.0,0.0,305.0,12.0,3.0,0.13978494623655913
8119,11.0,1.0,0.0,0.0,0.0,283.0,7.0,6.0,0.0967741935483871
8120,61.0,1.0,0.0,0.0,0.0,134.0,8.0,0.0,0.16129032258064516
8121,14.0,1.0,0.0,0.0,0.0,118.0,8.0,1.0,0.08602150537634409
8122,4.0,1.0,0.0,1.0,0.0,103.0,16.0,2.0,0.021505376344086023
8123,3.0,1.0,0.0,0.0,0.0,216.0,7.0,3.0,0.010752688172043012
8124,1.0,1.0,0.0,0.0,0.0,90.0,9.0,3.0,0.0
8125,10.0,1.0,0.0,0.0,1.0,339.0,9.0,3.0,0.06451612903225806
8126,11.0,1.0,0.0,0.0,0.0,103.0,7.0,4.0,0.021505376344086023
8127,2.0,1.0,0.0,0.0,0.0,514.0,14.0,4.0,0.010752688172043012
8128,8.0,1.0,0.0,0.0,0.0,104.0,16.0,4.0,0.021505376344086023
8129,2.0,1.0,0.0,0.0,0.0,294.0,18.0,4.0,0.010752688172043012
8130,21.0,1.0,0.0,0.0,0.0,294.0,18.0,4.0,0.043010752688172046
8131,3.0,1.0,0.0,0.0,0.0,149.0,20.0,4.0,0.010752688172043012
8132,66.0,1.0,0.0,0.0,0.0,248.0,22.0,4.0,0.17204301075268819
8133,21.0,1.0,0.0,0.0,0.0,91.0,13.0,5.0,0.07526881720430108
8134,27.0,1.0,0.0,1.0,1.0,386.0,19.0,5.0,0.1827956989247312
8135,19.0,1.0,0.0,0.0,1.0,131.0,21.0,6.0,0.12903225806451613
8136,7.0,1.0,0.0,0.0,0.0,342.0,13.0,0.0,0.053763440860215055
8137,2.0,1.0,0.0,0.0,0.0,194.0,22.0,0.0,0.010752688172043012
8138,13.0,1.0,0.0,0.0,0.0,144.0,23.0,0.0,0.10752688172043011
8139,1.0,1.0,0.0,0.0,0.0,163.0,10.0,1.0,0.0
8140,4.0,1.0,0.0,0.0,1.0,132.0,10.0,1.0,0.03225806451612903
8141,4.0,1.0,0.0,1.0,0.0,247.0,16.0,1.0,0.010752688172043012
8142,9.0,1.0,0.0,0.0,0.0,87.0,8.0,2.0,0.043010752688172046
8143,35.0,1.0,0.0,0.0,0.0,95.0,11.0,2.0,0.0967741935483871
8144,5.0,1.0,0.0,0.0,0.0,627.0,8.0,4.0,0.043010752688172046
8145,32.0,1.0,0.0,0.0,1.0,159.0,11.0,4.0,0.0967741935483871
8146,1.0,1.0,0.0,0.0,0.0,156.0,22.0,4.0,0.0
8147,7.0,1.0,0.0,0.0,1.0,104.0,22.0,4.0,0.03225806451612903
8148,14.0,1.0,0.0,0.0,1.0,128.0,6.0,5.0,0.06451612903225806
8149,9.0,1.0,0.0,0.0,0.0,87.0,12.0,5.0,0.03225806451612903
8150,18.0,1.0,0.0,0.0,0.0,165.0,20.0,5.0,0.053763440860215055
8151,3.0,1.0,0.0,0.0,0.0,110.0,22.0,6.0,0.010752688172043012
8152,25.0,1.0,0.0,1.0,0.0,97.0,23.0,6.0,0.10752688172043011
8153,7.0,1.0,0.0,0.0,0.0,358.0,15.0,0.0,0.053763440860215055
8154,23.0,1.0,0.0,0.0,0.0,104.0,17.0,0.0,0.053763440860215055
8155,1.0,1.0,0.0,0.0,1.0,182.0,9.0,1.0,0.0
8156,28.0,1.0,0.0,0.0,1.0,182.0,10.0,1.0,0.08602150537634409
8157,2.0,1.0,0.0,0.0,1.0,286.0,19.0,1.0,0.010752688172043012
8158,9.0,1.0,0.0,0.0,1.0,169.0,21.0,1.0,0.043010752688172046
8159,14.0,1.0,0.0,0.0,1.0,171.0,9.0,2.0,0.07526881720430108
8160,65.0,1.0,0.0,0.0,1.0,600.0,18.0,2.0,0.16129032258064516
8161,11.0,1.0,0.0,0.0,0.0,171.0,11.0,4.0,0.03225806451612903
8162,8.0,1.0,0.0,0.0,0.0,285.0,12.0,4.0,0.043010752688172046
8163,24.0,1.0,0.0,0.0,0.0,242.0,14.0,4.0,0.08602150537634409
8164,96.0,1.0,0.0,0.0,1.0,147.0,6.0,5.0,0.3010752688172043
8165,5.0,1.0,0.0,0.0,0.0,146.0,8.0,0.0,0.021505376344086023
8166,1.0,1.0,0.0,0.0,0.0,152.0,12.0,0.0,0.0
8167,69.0,1.0,0.0,1.0,0.0,217.0,13.0,0.0,0.22580645161290322
8168,3.0,1.0,0.0,0.0,0.0,114.0,6.0,3.0,0.010752688172043012
8169,17.0,1.0,0.0,0.0,0.0,119.0,7.0,3.0,0.03225806451612903
8170,3.0,1.0,0.0,0.0,0.0,246.0,10.0,3.0,0.021505376344086023
8171,21.0,1.0,0.0,0.0,0.0,124.0,13.0,3.0,0.06451612903225806
8172,10.0,1.0,0.0,0.0,0.0,107.0,12.0,4.0,0.07526881720430108
8173,6.0,1.0,0.0,0.0,0.0,1219.0,21.0,4.0,0.03225806451612903
8174,19.0,1.0,0.0,0.0,0.0,86.0,13.0,5.0,0.0967741935483871
8175,8.0,1.0,0.0,0.0,1.0,89.0,14.0,6.0,0.07526881720430108
8176,46.0,1.0,0.0,1.0,0.0,86.0,7.0,0.0,0.15053763440860216
8177,7.0,1.0,0.0,0.0,0.0,248.0,17.0,1.0,0.043010752688172046
8178,2.0,1.0,0.0,0.0,0.0,132.0,21.0,1.0,0.0
8179,1.0,1.0,0.0,0.0,0.0,776.0,22.0,1.0,0.0
8180,2.0,1.0,0.0,0.0,0.0,776.0,7.0,2.0,0.010752688172043012
8181,37.0,1.0,0.0,0.0,0.0,331.0,13.0,2.0,0.10752688172043011
8182,5.0,1.0,0.0,0.0,0.0,108.0,22.0,3.0,0.021505376344086023
8183,4.0,1.0,0.0,0.0,0.0,162.0,8.0,4.0,0.03225806451612903
8184,12.0,1.0,0.0,0.0,0.0,89.0,11.0,4.0,0.06451612903225806
8185,22.0,1.0,0.0,0.0,0.0,288.0,13.0,4.0,0.13978494623655913
8186,15.0,1.0,0.0,0.0,0.0,104.0,16.0,5.0,0.08602150537634409
8187,12.0,1.0,0.0,0.0,0.0,93.0,21.0,6.0,0.043010752688172046
8188,29.0,1.0,0.0,0.0,0.0,283.0,11.0,0.0,0.08602150537634409
8189,59.0,1.0,0.0,0.0,0.0,89.0,13.0,1.0,0.15053763440860216
8190,1.0,1.0,0.0,0.0,0.0,212.0,11.0,2.0,0.0
8191,8.0,1.0,0.0,0.0,0.0,212.0,12.0,2.0,0.053763440860215055
8192,2.0,1.0,0.0,0.0,0.0,212.0,15.0,2.0,0.010752688172043012
8193,1.0,1.0,0.0,0.0,0.0,87.0,15.0,2.0,0.0
8194,3.0,1.0,0.0,0.0,0.0,140.0,15.0,2.0,0.010752688172043012
8195,4.0,1.0,0.0,0.0,0.0,330.0,19.0,2.0,0.021505376344086023
8196,1.0,1.0,0.0,0.0,0.0,85.0,9.0,3.0,0.0
8197,11.0,1.0,0.0,0.0,0.0,114.0,9.0,3.0,0.0967741935483871
8198,2.0,1.0,0.0,0.0,0.0,85.0,15.0,4.0,0.010752688172043012
8199,2.0,1.0,0.0,0.0,0.0,2248.0,16.0,4.0,0.010752688172043012
8200,2.0,2.0,0.0,0.0,1.0,29.0,13.0,1.0,0.0
8201,11.0,2.0,0.0,0.0,1.0,208.0,13.0,1.0,0.05434782608695652
8202,8.0,2.0,0.0,1.0,0.0,106.0,11.0,3.0,0.03260869565217391
8203,2.0,2.0,0.0,0.0,0.0,636.0,9.0,1.0,0.010869565217391304
8204,4.0,2.0,0.0,0.0,0.0,286.0,5.0,2.0,0.021739130434782608
8205,5.0,2.0,0.0,0.0,0.0,91.0,11.0,2.0,0.010869565217391304
8206,3.0,2.0,0.0,0.0,0.0,91.0,11.0,2.0,0.021739130434782608
8207,7.0,2.0,0.0,0.0,1.0,155.0,11.0,2.0,0.043478260869565216
8208,1.0,2.0,0.0,0.0,1.0,197.0,12.0,2.0,0.0
8209,1.0,2.0,0.0,0.0,0.0,230.0,12.0,2.0,0.0
8210,18.0,2.0,0.0,0.0,0.0,146.0,12.0,2.0,0.07608695652173914
8211,8.0,2.0,0.0,0.0,0.0,88.0,2.0,1.0,0.043478260869565216
8212,7.0,2.0,0.0,0.0,0.0,150.0,3.0,1.0,0.05434782608695652
8213,1.0,2.0,0.0,1.0,0.0,128.0,4.0,1.0,0.0
8214,3.0,2.0,0.0,0.0,0.0,87.0,5.0,1.0,0.021739130434782608
8215,1.0,2.0,0.0,0.0,0.0,115.0,5.0,1.0,0.0
8216,8.0,2.0,0.0,0.0,0.0,88.0,6.0,1.0,0.03260869565217391
8217,9.0,2.0,0.0,0.0,0.0,102.0,8.0,1.0,0.08695652173913043
8218,8.0,2.0,0.0,0.0,0.0,107.0,10.0,1.0,0.043478260869565216
8219,1.0,2.0,0.0,0.0,1.0,115.0,21.0,2.0,0.0
8220,14.0,2.0,0.0,0.0,0.0,207.0,2.0,2.0,0.10869565217391304
8221,11.0,2.0,0.0,0.0,1.0,123.0,1.0,0.0,0.08695652173913043
8222,20.0,2.0,0.0,0.0,1.0,153.0,18.0,0.0,0.13043478260869565
8223,1.0,2.0,0.0,0.0,0.0,332.0,11.0,4.0,0.0
8224,20.0,2.0,0.0,0.0,0.0,109.0,11.0,4.0,0.07608695652173914
8225,13.0,2.0,0.0,0.0,1.0,333.0,8.0,4.0,0.05434782608695652
8226,22.0,2.0,0.0,0.0,0.0,123.0,9.0,4.0,0.03260869565217391
8227,4.0,2.0,0.0,0.0,0.0,209.0,9.0,4.0,0.010869565217391304
8228,27.0,2.0,0.0,0.0,1.0,91.0,9.0,4.0,0.14130434782608695
8229,1.0,2.0,0.0,0.0,1.0,469.0,11.0,1.0,0.0
8230,1.0,2.0,0.0,0.0,1.0,161.0,11.0,1.0,0.0
8231,3.0,2.0,0.0,0.0,0.0,403.0,1.0,2.0,0.021739130434782608
8232,46.0,2.0,0.0,0.0,0.0,98.0,2.0,1.0,0.14130434782608695
8233,4.0,2.0,0.0,0.0,0.0,168.0,7.0,1.0,0.010869565217391304
8234,39.0,2.0,0.0,0.0,0.0,100.0,10.0,1.0,0.15217391304347827
8235,1.0,2.0,0.0,0.0,1.0,187.0,3.0,3.0,0.0
8236,56.0,2.0,0.0,0.0,0.0,132.0,3.0,3.0,0.16304347826086957
8237,15.0,2.0,0.0,0.0,0.0,109.0,5.0,5.0,0.09782608695652174
8238,13.0,2.0,0.0,0.0,0.0,91.0,7.0,5.0,0.08695652173913043
8239,28.0,2.0,0.0,0.0,0.0,89.0,0.0,0.0,0.11956521739130435
8240,7.0,2.0,0.0,0.0,1.0,89.0,7.0,0.0,0.05434782608695652
8241,7.0,2.0,0.0,0.0,0.0,106.0,8.0,0.0,0.05434782608695652
8242,2.0,2.0,0.0,0.0,1.0,164.0,8.0,0.0,0.010869565217391304
8243,1.0,2.0,0.0,0.0,0.0,96.0,9.0,0.0,0.0
8244,20.0,2.0,0.0,1.0,0.0,97.0,9.0,0.0,0.08695652173913043
8245,25.0,2.0,0.0,0.0,0.0,120.0,1.0,1.0,0.11956521739130435
8246,25.0,2.0,0.0,0.0,0.0,117.0,8.0,1.0,0.07608695652173914
8247,6.0,2.0,0.0,0.0,1.0,162.0,9.0,1.0,0.05434782608695652
8248,4.0,2.0,0.0,0.0,0.0,237.0,9.0,1.0,0.03260869565217391
8249,14.0,2.0,0.0,0.0,0.0,104.0,10.0,1.0,0.07608695652173914
8250,10.0,2.0,0.0,0.0,0.0,121.0,3.0,2.0,0.021739130434782608
8251,3.0,2.0,0.0,0.0,0.0,276.0,5.0,2.0,0.010869565217391304
8252,8.0,2.0,0.0,0.0,0.0,137.0,7.0,2.0,0.05434782608695652
8253,19.0,2.0,0.0,0.0,0.0,119.0,8.0,2.0,0.10869565217391304
8254,6.0,2.0,0.0,0.0,0.0,227.0,21.0,3.0,0.043478260869565216
8255,29.0,2.0,0.0,0.0,1.0,205.0,11.0,4.0,0.11956521739130435
8256,6.0,2.0,0.0,0.0,0.0,104.0,4.0,4.0,0.03260869565217391
8257,6.0,2.0,0.0,0.0,0.0,120.0,6.0,3.0,0.043478260869565216
8258,1.0,2.0,0.0,0.0,0.0,209.0,8.0,3.0,0.0
8259,31.0,2.0,0.0,0.0,1.0,106.0,9.0,3.0,0.11956521739130435
8260,4.0,2.0,0.0,0.0,0.0,130.0,10.0,6.0,0.010869565217391304
8261,1.0,2.0,0.0,0.0,0.0,92.0,10.0,6.0,0.0
8262,4.0,2.0,0.0,0.0,0.0,430.0,11.0,6.0,0.021739130434782608
8263,3.0,2.0,0.0,0.0,0.0,99.0,11.0,6.0,0.021739130434782608
8264,6.0,2.0,0.0,0.0,1.0,129.0,12.0,6.0,0.03260869565217391
8265,1.0,2.0,0.0,0.0,0.0,91.0,1.0,0.0,0.0
8266,2.0,2.0,0.0,0.0,0.0,101.0,1.0,0.0,0.010869565217391304
8267,4.0,2.0,0.0,0.0,1.0,96.0,3.0,0.0,0.03260869565217391
8268,4.0,2.0,0.0,0.0,0.0,172.0,7.0,0.0,0.021739130434782608
8269,15.0,2.0,0.0,0.0,1.0,192.0,7.0,0.0,0.05434782608695652
8270,1.0,2.0,0.0,0.0,0.0,147.0,22.0,2.0,0.0
8271,31.0,2.0,0.0,0.0,0.0,112.0,22.0,2.0,0.16304347826086957
8272,11.0,2.0,0.0,0.0,0.0,137.0,5.0,0.0,0.07608695652173914
8273,38.0,2.0,0.0,0.0,0.0,259.0,9.0,0.0,0.1956521739130435
8274,37.0,2.0,0.0,0.0,1.0,114.0,3.0,3.0,0.15217391304347827
8275,1.0,2.0,0.0,0.0,0.0,241.0,3.0,0.0,0.0
8276,17.0,2.0,0.0,0.0,1.0,119.0,4.0,2.0,0.13043478260869565
8277,19.0,2.0,0.0,0.0,0.0,126.0,2.0,0.0,0.09782608695652174
8278,16.0,2.0,0.0,0.0,0.0,96.0,1.0,4.0,0.10869565217391304
8279,77.0,2.0,0.0,0.0,1.0,122.0,11.0,2.0,0.21739130434782608
8280,5.0,2.0,0.0,0.0,0.0,141.0,3.0,0.0,0.021739130434782608
8281,65.0,2.0,0.0,0.0,0.0,134.0,6.0,0.0,0.2391304347826087
8282,1.0,2.0,0.0,0.0,1.0,82.0,11.0,2.0,0.0
8283,6.0,2.0,0.0,0.0,1.0,119.0,11.0,2.0,0.05434782608695652
8284,5.0,3.0,1.0,0.0,0.0,0.0,13.0,1.0,0.25
8285,3.0,3.0,0.0,0.0,0.0,85.0,14.0,1.0,0.0625
8286,17.0,3.0,0.0,0.0,0.0,232.0,18.0,1.0,0.375
8287,6.0,3.0,0.0,0.0,0.0,111.0,0.0,3.0,0.125
8288,45.0,3.0,0.0,0.0,1.0,83.0,9.0,3.0,0.75
8289,1.0,3.0,0.0,0.0,0.0,303.0,21.0,2.0,0.0
8290,1.0,3.0,0.0,0.0,0.0,207.0,21.0,2.0,0.0
8291,1.0,3.0,0.0,0.0,0.0,171.0,21.0,2.0,0.0
8292,1.0,3.0,0.0,0.0,0.0,115.0,23.0,2.0,0.0
8293,1.0,3.0,0.0,0.0,0.0,341.0,23.0,2.0,0.0
8294,18.0,3.0,0.0,0.0,0.0,147.0,23.0,2.0,0.5
8295,4.0,3.0,0.0,0.0,1.0,100.0,18.0,0.0,0.0625
8296,2.0,3.0,0.0,0.0,0.0,170.0,12.0,4.0,0.0
8297,6.0,3.0,0.0,0.0,0.0,155.0,13.0,4.0,0.0625
8298,14.0,3.0,0.0,0.0,0.0,98.0,14.0,4.0,0.3125
8299,4.0,3.0,0.0,0.0,0.0,111.0,15.0,0.0,0.0625
8300,2.0,3.0,0.0,0.0,0.0,145.0,16.0,0.0,0.0
8301,1.0,3.0,0.0,0.0,0.0,182.0,16.0,0.0,0.0
8302,19.0,3.0,0.0,0.0,0.0,145.0,18.0,0.0,0.4375
8303,15.0,3.0,0.0,0.0,1.0,88.0,17.0,3.0,0.375
8304,1.0,3.0,0.0,0.0,0.0,119.0,22.0,6.0,0.0
8305,3.0,3.0,0.0,0.0,0.0,201.0,23.0,6.0,0.0625
8306,1.0,3.0,0.0,0.0,0.0,104.0,0.0,2.0,0.0
8307,46.0,3.0,0.0,0.0,0.0,202.0,10.0,2.0,0.625
8308,1.0,3.0,0.0,0.0,1.0,186.0,13.0,5.0,0.0
8309,1.0,3.0,0.0,0.0,1.0,112.0,13.0,5.0,0.0
8310,44.0,3.0,0.0,0.0,0.0,158.0,16.0,5.0,0.625
8311,54.0,3.0,0.0,0.0,0.0,238.0,19.0,4.0,0.625
8312,3.0,3.0,0.0,0.0,1.0,85.0,17.0,3.0,0.0625
8313,87.0,3.0,0.0,0.0,0.0,164.0,8.0,1.0,0.8125
8314,1.0,3.0,0.0,0.0,0.0,113.0,20.0,1.0,0.0
8315,7.0,3.0,0.0,0.0,0.0,232.0,20.0,1.0,0.3125
8316,66.0,3.0,0.0,0.0,0.0,92.0,21.0,3.0,0.625
8317,2.0,3.0,0.0,0.0,0.0,231.0,14.0,0.0,0.0625
8318,1.0,3.0,0.0,0.0,0.0,85.0,22.0,1.0,0.0
8319,5.0,3.0,1.0,0.0,0.0,0.0,19.0,1.0,0.25
8320,14.0,3.0,0.0,0.0,0.0,91.0,19.0,1.0,0.375
8321,4.0,3.0,0.0,0.0,0.0,86.0,17.0,3.0,0.25
8322,11.0,3.0,0.0,0.0,1.0,439.0,16.0,5.0,0.25
8323,1.0,3.0,0.0,0.0,0.0,327.0,21.0,2.0,0.0
8324,2.0,3.0,0.0,0.0,0.0,155.0,21.0,2.0,0.125
8325,3.0,3.0,0.0,0.0,1.0,183.0,23.0,2.0,0.125
8326,6.0,3.0,0.0,0.0,0.0,410.0,23.0,2.0,0.625
8327,7.0,3.0,0.0,0.0,0.0,123.0,22.0,4.0,0.375
8328,11.0,3.0,0.0,0.0,0.0,102.0,17.0,2.0,0.375
8329,6.0,3.0,0.0,0.0,0.0,103.0,13.0,5.0,0.125
8330,4.0,3.0,0.0,0.0,1.0,147.0,17.0,2.0,0.125
8331,4.0,3.0,0.0,0.0,1.0,152.0,18.0,2.0,0.125
8332,15.0,3.0,0.0,0.0,0.0,135.0,18.0,2.0,0.5
8333,8.0,3.0,0.0,0.0,0.0,124.0,16.0,5.0,0.375
8334,4.0,1.0,0.0,0.0,1.0,3.0,19.0,4.0,0.023622047244094488
8335,48.0,1.0,0.0,0.0,1.0,94.0,19.0,4.0,0.1732283464566929
8336,47.0,1.0,0.0,0.0,0.0,166.0,8.0,5.0,0.16535433070866143
8337,2.0,1.0,0.0,0.0,0.0,196.0,18.0,5.0,0.007874015748031496
8338,3.0,1.0,0.0,0.0,0.0,148.0,19.0,5.0,0.007874015748031496
8339,45.0,1.0,0.0,0.0,1.0,122.0,20.0,5.0,0.12598425196850394
8340,23.0,1.0,0.0,0.0,0.0,267.0,14.0,0.0,0.11023622047244094
8341,7.0,1.0,0.0,0.0,1.0,172.0,15.0,3.0,0.047244094488188976
8342,2.0,1.0,0.0,0.0,0.0,90.0,20.0,3.0,0.007874015748031496
8343,26.0,1.0,0.0,1.0,0.0,85.0,21.0,3.0,0.10236220472440945
8344,1.0,1.0,0.0,0.0,0.0,109.0,21.0,6.0,0.0
8345,1.0,1.0,0.0,0.0,0.0,171.0,21.0,6.0,0.0
8346,4.0,1.0,0.0,0.0,0.0,114.0,22.0,6.0,0.015748031496062992
8347,74.0,1.0,0.0,0.0,1.0,225.0,7.0,1.0,0.23622047244094488
8348,35.0,1.0,0.0,0.0,0.0,612.0,21.0,4.0,0.11811023622047244
8349,12.0,1.0,0.0,0.0,1.0,170.0,10.0,6.0,0.047244094488188976
8350,47.0,1.0,0.0,0.0,0.0,90.0,11.0,6.0,0.14173228346456693
8351,50.0,1.0,0.0,0.0,1.0,131.0,11.0,6.0,0.2283464566929134
8352,1.0,1.0,0.0,0.0,0.0,163.0,9.0,1.0,0.0
8353,6.0,1.0,0.0,0.0,0.0,163.0,9.0,1.0,0.023622047244094488
8354,36.0,1.0,0.0,0.0,0.0,163.0,10.0,1.0,0.11023622047244094
8355,6.0,1.0,0.0,0.0,1.0,238.0,14.0,2.0,0.015748031496062992
8356,1.0,1.0,0.0,0.0,0.0,256.0,19.0,2.0,0.0
8357,6.0,1.0,0.0,0.0,0.0,2429.0,19.0,2.0,0.03937007874015748
8358,3.0,1.0,0.0,0.0,0.0,349.0,12.0,3.0,0.0
8359,7.0,1.0,0.0,0.0,0.0,157.0,15.0,3.0,0.03937007874015748
8360,10.0,1.0,0.0,0.0,0.0,131.0,8.0,4.0,0.047244094488188976
8361,54.0,1.0,0.0,0.0,1.0,206.0,19.0,4.0,0.15748031496062992
8362,2.0,1.0,0.0,0.0,0.0,105.0,12.0,6.0,0.007874015748031496
8363,9.0,1.0,0.0,0.0,1.0,860.0,19.0,6.0,0.047244094488188976
8364,7.0,1.0,0.0,0.0,1.0,124.0,22.0,6.0,0.031496062992125984
8365,1.0,1.0,0.0,0.0,1.0,126.0,11.0,0.0,0.0
8366,2.0,1.0,0.0,0.0,0.0,121.0,11.0,0.0,0.007874015748031496
8367,13.0,1.0,0.0,0.0,0.0,121.0,13.0,0.0,0.06299212598425197
8368,2.0,1.0,0.0,0.0,0.0,100.0,18.0,0.0,0.007874015748031496
8369,5.0,1.0,0.0,0.0,0.0,104.0,18.0,0.0,0.031496062992125984
8370,9.0,1.0,0.0,0.0,0.0,143.0,22.0,0.0,0.03937007874015748
8371,9.0,1.0,0.0,0.0,1.0,237.0,18.0,1.0,0.023622047244094488
8372,21.0,1.0,0.0,0.0,0.0,111.0,21.0,1.0,0.07086614173228346
8373,3.0,1.0,0.0,0.0,1.0,161.0,20.0,2.0,0.015748031496062992
8374,8.0,1.0,0.0,0.0,1.0,115.0,3.0,3.0,0.047244094488188976
8375,22.0,1.0,0.0,0.0,0.0,107.0,11.0,3.0,0.05511811023622047
8376,10.0,1.0,0.0,0.0,1.0,190.0,19.0,3.0,0.047244094488188976
8377,4.0,1.0,0.0,0.0,0.0,189.0,20.0,3.0,0.007874015748031496
8378,22.0,1.0,0.0,0.0,0.0,127.0,21.0,3.0,0.11023622047244094
8379,6.0,1.0,0.0,0.0,0.0,223.0,11.0,4.0,0.015748031496062992
8380,54.0,1.0,0.0,0.0,0.0,86.0,14.0,4.0,0.2047244094488189
8381,9.0,1.0,0.0,0.0,0.0,379.0,8.0,6.0,0.05511811023622047
8382,1.0,1.0,0.0,0.0,0.0,454.0,18.0,6.0,0.0
8383,23.0,1.0,0.0,0.0,0.0,330.0,19.0,6.0,0.13385826771653545
8384,17.0,1.0,0.0,0.0,0.0,433.0,20.0,0.0,0.047244094488188976
8385,47.0,1.0,0.0,0.0,0.0,273.0,18.0,1.0,0.14960629921259844
8386,13.0,1.0,0.0,0.0,0.0,158.0,21.0,2.0,0.031496062992125984
8387,43.0,1.0,0.0,0.0,1.0,137.0,5.0,3.0,0.18110236220472442
8388,16.0,1.0,0.0,0.0,0.0,88.0,11.0,2.0,0.08661417322834646
8389,23.0,1.0,0.0,0.0,1.0,249.0,19.0,2.0,0.12598425196850394
8390,20.0,1.0,0.0,0.0,0.0,206.0,23.0,2.0,0.08661417322834646
8391,43.0,1.0,0.0,0.0,1.0,212.0,10.0,5.0,0.15748031496062992
8392,20.0,1.0,0.0,0.0,0.0,142.0,11.0,5.0,0.07874015748031496
8393,26.0,1.0,0.0,0.0,1.0,125.0,18.0,5.0,0.031496062992125984
8394,27.0,1.0,0.0,0.0,0.0,249.0,21.0,5.0,0.12598425196850394
8395,8.0,1.0,0.0,0.0,0.0,189.0,15.0,1.0,0.047244094488188976
8396,1.0,1.0,0.0,0.0,0.0,102.0,8.0,3.0,0.0
8397,13.0,1.0,0.0,0.0,0.0,252.0,8.0,3.0,0.07874015748031496
8398,2.0,1.0,0.0,0.0,0.0,141.0,16.0,3.0,0.0
8399,25.0,1.0,0.0,0.0,0.0,125.0,16.0,3.0,0.12598425196850394
8400,2.0,1.0,0.0,0.0,0.0,96.0,19.0,6.0,0.0
8401,33.0,1.0,0.0,1.0,0.0,169.0,20.0,6.0,0.10236220472440945
8402,2.0,1.0,0.0,0.0,0.0,227.0,18.0,1.0,0.007874015748031496
8403,29.0,1.0,0.0,0.0,0.0,246.0,19.0,1.0,0.12598425196850394
8404,7.0,1.0,0.0,0.0,1.0,184.0,11.0,4.0,0.023622047244094488
8405,3.0,1.0,0.0,0.0,0.0,91.0,15.0,4.0,0.007874015748031496
8406,21.0,1.0,0.0,0.0,0.0,212.0,20.0,4.0,0.08661417322834646
8407,11.0,1.0,0.0,0.0,0.0,87.0,20.0,0.0,0.015748031496062992
8408,10.0,1.0,0.0,0.0,1.0,113.0,23.0,0.0,0.05511811023622047
8409,13.0,1.0,0.0,0.0,0.0,183.0,12.0,2.0,0.031496062992125984
8410,1.0,1.0,0.0,0.0,0.0,152.0,20.0,2.0,0.0
8411,1.0,1.0,0.0,0.0,0.0,107.0,20.0,2.0,0.0
8412,6.0,1.0,0.0,0.0,0.0,86.0,20.0,2.0,0.023622047244094488
8413,10.0,1.0,0.0,0.0,0.0,370.0,7.0,5.0,0.047244094488188976
8414,1.0,1.0,0.0,0.0,0.0,519.0,11.0,5.0,0.0
8415,1.0,1.0,0.0,0.0,0.0,324.0,13.0,5.0,0.0
8416,39.0,1.0,0.0,0.0,0.0,324.0,13.0,5.0,0.12598425196850394
8417,8.0,1.0,0.0,0.0,0.0,233.0,17.0,0.0,0.015748031496062992
8418,4.0,1.0,0.0,0.0,0.0,86.0,18.0,0.0,0.015748031496062992
8419,1.0,1.0,0.0,0.0,1.0,393.0,19.0,0.0,0.0
8420,1.0,1.0,0.0,0.0,1.0,393.0,19.0,0.0,0.0
8421,8.0,1.0,0.0,0.0,0.0,511.0,19.0,0.0,0.0
8422,15.0,1.0,0.0,0.0,1.0,140.0,20.0,0.0,0.047244094488188976
8423,6.0,1.0,0.0,0.0,0.0,480.0,23.0,0.0,0.0
8424,19.0,1.0,0.0,0.0,1.0,137.0,6.0,2.0,0.07086614173228346
8425,15.0,1.0,0.0,0.0,0.0,353.0,16.0,2.0,0.05511811023622047
8426,32.0,1.0,0.0,0.0,0.0,330.0,19.0,2.0,0.015748031496062992
8427,49.0,1.0,0.0,0.0,0.0,107.0,7.0,3.0,0.031496062992125984
8428,6.0,1.0,0.0,0.0,0.0,88.0,19.0,3.0,0.023622047244094488
8429,2.0,1.0,0.0,0.0,1.0,108.0,22.0,3.0,0.0
8430,15.0,1.0,0.0,0.0,0.0,300.0,23.0,3.0,0.047244094488188976
8431,27.0,1.0,0.0,0.0,0.0,572.0,13.0,4.0,0.10236220472440945
8432,1.0,1.0,0.0,0.0,1.0,1060.0,7.0,5.0,0.0
8433,2.0,1.0,0.0,0.0,0.0,444.0,7.0,5.0,0.007874015748031496
8434,4.0,1.0,0.0,0.0,1.0,492.0,10.0,5.0,0.023622047244094488
8435,12.0,1.0,0.0,0.0,1.0,374.0,13.0,5.0,0.03937007874015748
8436,17.0,1.0,0.0,0.0,0.0,152.0,19.0,5.0,0.05511811023622047
8437,17.0,1.0,0.0,0.0,0.0,93.0,21.0,5.0,0.08661417322834646
8438,6.0,1.0,0.0,0.0,0.0,190.0,9.0,6.0,0.031496062992125984
8439,9.0,1.0,0.0,0.0,0.0,424.0,22.0,6.0,0.047244094488188976
8440,77.0,1.0,0.0,0.0,0.0,181.0,10.0,0.0,0.23622047244094488
8441,6.0,1.0,0.0,0.0,1.0,100.0,10.0,3.0,0.023622047244094488
8442,2.0,1.0,0.0,0.0,0.0,301.0,13.0,3.0,0.007874015748031496
8443,4.0,1.0,0.0,0.0,0.0,126.0,13.0,3.0,0.023622047244094488
8444,34.0,1.0,0.0,1.0,0.0,97.0,14.0,3.0,0.08661417322834646
8445,11.0,1.0,0.0,0.0,0.0,541.0,8.0,4.0,0.031496062992125984
8446,7.0,1.0,0.0,1.0,1.0,395.0,14.0,4.0,0.031496062992125984
8447,26.0,1.0,0.0,1.0,0.0,153.0,17.0,4.0,0.07874015748031496
8448,5.0,1.0,0.0,0.0,0.0,216.0,20.0,5.0,0.031496062992125984
8449,1.0,1.0,0.0,0.0,1.0,1060.0,9.0,6.0,0.0
8450,2.0,1.0,0.0,0.0,0.0,444.0,9.0,6.0,0.007874015748031496
8451,12.0,1.0,0.0,0.0,0.0,107.0,9.0,6.0,0.05511811023622047
8452,10.0,1.0,0.0,0.0,0.0,115.0,15.0,6.0,0.05511811023622047
8453,7.0,1.0,0.0,0.0,1.0,538.0,21.0,6.0,0.031496062992125984
8454,6.0,3.0,0.0,0.0,0.0,24.0,13.0,1.0,0.2857142857142857
8455,44.0,3.0,0.0,0.0,0.0,279.0,14.0,1.0,0.42857142857142855
8456,51.0,3.0,0.0,0.0,0.0,88.0,19.0,3.0,0.5714285714285714
8457,14.0,3.0,0.0,0.0,0.0,164.0,8.0,1.0,0.42857142857142855
8458,33.0,3.0,0.0,0.0,0.0,153.0,14.0,0.0,0.42857142857142855
8459,8.0,2.0,0.0,0.0,1.0,23.0,17.0,1.0,0.25
8460,3.0,2.0,0.0,0.0,0.0,225.0,7.0,4.0,0.041666666666666664
8461,3.0,2.0,0.0,0.0,0.0,91.0,21.0,3.0,0.041666666666666664
8462,22.0,2.0,0.0,0.0,0.0,198.0,16.0,2.0,0.2916666666666667
8463,11.0,2.0,0.0,0.0,0.0,87.0,16.0,4.0,0.20833333333333334
8464,20.0,2.0,0.0,0.0,0.0,298.0,15.0,1.0,0.041666666666666664
8465,40.0,2.0,0.0,0.0,0.0,272.0,13.0,5.0,0.2916666666666667
8466,1.0,2.0,0.0,0.0,0.0,151.0,13.0,1.0,0.0
8467,26.0,2.0,0.0,0.0,0.0,344.0,21.0,2.0,0.16666666666666666
8468,3.0,2.0,0.0,0.0,0.0,145.0,13.0,2.0,0.08333333333333333
8469,3.0,2.0,0.0,0.0,0.0,321.0,16.0,3.0,0.041666666666666664
8470,5.0,2.0,0.0,0.0,0.0,321.0,16.0,4.0,0.08333333333333333
8471,7.0,2.0,0.0,0.0,1.0,199.0,22.0,0.0,0.16666666666666666
8472,3.0,2.0,0.0,1.0,0.0,94.0,21.0,5.0,0.041666666666666664
8473,6.0,2.0,0.0,0.0,0.0,658.0,19.0,1.0,0.08333333333333333
8474,2.0,2.0,0.0,0.0,0.0,355.0,19.0,4.0,0.0
8475,2.0,2.0,0.0,0.0,0.0,210.0,22.0,4.0,0.0
8476,23.0,2.0,0.0,0.0,0.0,527.0,19.0,5.0,0.20833333333333334
8477,14.0,2.0,0.0,0.0,0.0,527.0,22.0,0.0,0.20833333333333334
8478,1.0,2.0,0.0,0.0,1.0,114.0,11.0,6.0,0.0
8479,23.0,2.0,0.0,0.0,0.0,469.0,15.0,6.0,0.08333333333333333
8480,1.0,2.0,0.0,0.0,0.0,342.0,15.0,5.0,0.0
8481,1.0,2.0,0.0,0.0,0.0,341.0,19.0,5.0,0.0
8482,1.0,2.0,0.0,0.0,0.0,367.0,11.0,6.0,0.0
8483,32.0,3.0,0.0,0.0,0.0,14.0,19.0,2.0,0.4
8484,31.0,3.0,0.0,0.0,0.0,106.0,17.0,0.0,0.3333333333333333
8485,19.0,3.0,0.0,0.0,0.0,122.0,19.0,6.0,0.3333333333333333
8486,86.0,3.0,0.0,0.0,0.0,91.0,13.0,3.0,0.4666666666666667
8487,78.0,3.0,0.0,0.0,1.0,88.0,19.0,6.0,0.6666666666666666
8488,35.0,3.0,0.0,1.0,0.0,466.0,16.0,1.0,0.4666666666666667
8489,2.0,3.0,0.0,0.0,1.0,93.0,21.0,1.0,0.06666666666666667
8490,24.0,3.0,0.0,0.0,0.0,333.0,21.0,1.0,0.6
8491,115.0,3.0,0.0,0.0,0.0,97.0,21.0,2.0,0.6666666666666666
8492,20.0,3.0,0.0,0.0,1.0,87.0,21.0,3.0,0.4666666666666667
8493,47.0,3.0,0.0,0.0,1.0,17.0,4.0,3.0,0.45454545454545453
8494,2.0,3.0,0.0,0.0,1.0,107.0,20.0,2.0,0.0
8495,16.0,3.0,0.0,0.0,1.0,91.0,10.0,5.0,0.13636363636363635
8496,4.0,3.0,0.0,0.0,0.0,111.0,13.0,5.0,0.045454545454545456
8497,3.0,3.0,0.0,0.0,0.0,87.0,13.0,5.0,0.09090909090909091
8498,4.0,3.0,0.0,0.0,1.0,93.0,13.0,5.0,0.045454545454545456
8499,2.0,3.0,0.0,0.0,0.0,88.0,13.0,5.0,0.045454545454545456
8500,4.0,3.0,0.0,0.0,1.0,90.0,13.0,5.0,0.045454545454545456
8501,15.0,3.0,0.0,0.0,0.0,119.0,13.0,5.0,0.22727272727272727
8502,126.0,3.0,0.0,0.0,0.0,102.0,19.0,2.0,0.7272727272727273
8503,56.0,3.0,0.0,0.0,0.0,132.0,17.0,2.0,0.45454545454545453
8504,33.0,3.0,0.0,0.0,1.0,94.0,11.0,4.0,0.36363636363636365
8505,60.0,3.0,0.0,0.0,1.0,88.0,20.0,2.0,0.5454545454545454
8506,29.0,3.0,0.0,0.0,1.0,93.0,13.0,2.0,0.2727272727272727
8507,6.0,3.0,0.0,0.0,0.0,137.0,16.0,2.0,0.13636363636363635
8508,3.0,3.0,0.0,0.0,0.0,89.0,17.0,2.0,0.09090909090909091
8509,1.0,3.0,0.0,0.0,1.0,84.0,18.0,2.0,0.0
8510,34.0,3.0,0.0,0.0,0.0,98.0,18.0,2.0,0.4090909090909091
8511,8.0,3.0,0.0,0.0,0.0,90.0,20.0,0.0,0.045454545454545456
8512,33.0,3.0,0.0,0.0,0.0,89.0,21.0,0.0,0.3181818181818182
8513,4.0,3.0,0.0,0.0,0.0,164.0,20.0,3.0,0.09090909090909091
8514,4.0,3.0,0.0,0.0,0.0,152.0,20.0,3.0,0.045454545454545456
8515,3.0,3.0,0.0,0.0,0.0,194.0,14.0,6.0,0.045454545454545456
8516,30.0,3.0,0.0,0.0,1.0,96.0,14.0,6.0,0.36363636363636365
8517,32.0,3.0,0.0,0.0,0.0,101.0,19.0,0.0,0.36363636363636365
8518,15.0,3.0,0.0,0.0,1.0,98.0,16.0,5.0,0.36363636363636365
8519,11.0,3.0,0.0,0.0,0.0,109.0,20.0,2.0,0.09090909090909091
8520,6.0,3.0,0.0,0.0,0.0,97.0,23.0,2.0,0.09090909090909091
8521,42.0,3.0,0.0,0.0,0.0,138.0,23.0,2.0,0.3181818181818182
8522,17.0,1.0,1.0,0.0,0.0,0.0,13.0,1.0,0.1111111111111111
8523,8.0,1.0,0.0,0.0,0.0,658.0,15.0,3.0,0.07407407407407407
8524,36.0,1.0,0.0,0.0,0.0,146.0,15.0,3.0,0.14814814814814814
8525,6.0,1.0,0.0,0.0,0.0,658.0,18.0,3.0,0.037037037037037035
8526,1.0,1.0,0.0,0.0,0.0,348.0,22.0,3.0,0.0
8527,10.0,1.0,0.0,0.0,0.0,226.0,22.0,3.0,0.09259259259259259
8528,2.0,1.0,0.0,0.0,0.0,95.0,11.0,5.0,0.0
8529,7.0,1.0,0.0,0.0,0.0,167.0,11.0,5.0,0.07407407407407407
8530,1.0,1.0,0.0,0.0,0.0,299.0,18.0,1.0,0.0
8531,10.0,1.0,0.0,0.0,1.0,121.0,19.0,1.0,0.037037037037037035
8532,14.0,1.0,0.0,0.0,0.0,154.0,22.0,1.0,0.12962962962962962
8533,4.0,1.0,0.0,0.0,1.0,400.0,19.0,1.0,0.0
8534,3.0,1.0,0.0,0.0,1.0,400.0,19.0,1.0,0.0
8535,22.0,1.0,0.0,0.0,1.0,400.0,19.0,1.0,0.12962962962962962
8536,7.0,1.0,0.0,0.0,0.0,150.0,14.0,4.0,0.09259259259259259
8537,71.0,1.0,0.0,0.0,0.0,191.0,21.0,4.0,0.37037037037037035
8538,16.0,1.0,0.0,0.0,0.0,126.0,10.0,2.0,0.09259259259259259
8539,1.0,1.0,0.0,0.0,0.0,229.0,22.0,2.0,0.0
8540,15.0,1.0,0.0,0.0,1.0,161.0,22.0,2.0,0.18518518518518517
8541,5.0,1.0,0.0,0.0,1.0,86.0,16.0,4.0,0.037037037037037035
8542,21.0,1.0,0.0,0.0,0.0,106.0,16.0,4.0,0.24074074074074073
8543,6.0,1.0,0.0,0.0,1.0,133.0,13.0,0.0,0.07407407407407407
8544,2.0,1.0,0.0,0.0,0.0,106.0,20.0,0.0,0.0
8545,15.0,1.0,0.0,0.0,0.0,257.0,20.0,0.0,0.0
8546,3.0,1.0,0.0,0.0,0.0,1155.0,20.0,0.0,0.018518518518518517
8547,5.0,1.0,0.0,0.0,1.0,75.0,21.0,0.0,0.037037037037037035
8548,2.0,1.0,0.0,0.0,0.0,249.0,23.0,0.0,0.018518518518518517
8549,5.0,1.0,0.0,0.0,0.0,252.0,13.0,3.0,0.018518518518518517
8550,11.0,1.0,0.0,0.0,1.0,286.0,14.0,3.0,0.09259259259259259
8551,5.0,1.0,0.0,0.0,0.0,107.0,21.0,3.0,0.07407407407407407
8552,15.0,1.0,0.0,0.0,0.0,171.0,17.0,5.0,0.1111111111111111
8553,1.0,1.0,0.0,0.0,0.0,291.0,11.0,1.0,0.0
8554,4.0,1.0,0.0,0.0,0.0,88.0,11.0,1.0,0.018518518518518517
8555,24.0,1.0,0.0,1.0,0.0,164.0,19.0,1.0,0.14814814814814814
8556,42.0,1.0,0.0,0.0,0.0,106.0,21.0,3.0,0.14814814814814814
8557,2.0,1.0,0.0,0.0,0.0,191.0,5.0,3.0,0.018518518518518517
8558,3.0,1.0,0.0,0.0,0.0,207.0,7.0,3.0,0.0
8559,16.0,1.0,0.0,0.0,1.0,129.0,8.0,3.0,0.16666666666666666
8560,13.0,1.0,0.0,0.0,1.0,156.0,12.0,3.0,0.14814814814814814
8561,25.0,1.0,0.0,0.0,0.0,207.0,14.0,3.0,0.2777777777777778
8562,25.0,1.0,0.0,0.0,1.0,327.0,14.0,4.0,0.09259259259259259
8563,8.0,1.0,0.0,0.0,0.0,89.0,21.0,5.0,0.05555555555555555
8564,43.0,1.0,0.0,0.0,0.0,149.0,13.0,6.0,0.24074074074074073
8565,5.0,1.0,0.0,0.0,0.0,99.0,14.0,1.0,0.018518518518518517
8566,4.0,1.0,0.0,0.0,1.0,184.0,15.0,1.0,0.037037037037037035
8567,2.0,1.0,0.0,0.0,1.0,86.0,18.0,1.0,0.0
8568,1.0,1.0,0.0,0.0,0.0,88.0,18.0,1.0,0.0
8569,2.0,1.0,0.0,0.0,0.0,142.0,18.0,1.0,0.018518518518518517
8570,1.0,1.0,0.0,0.0,0.0,380.0,19.0,1.0,0.0
8571,3.0,1.0,0.0,0.0,0.0,380.0,19.0,1.0,0.0
8572,16.0,1.0,0.0,0.0,0.0,149.0,20.0,1.0,0.12962962962962962
8573,2.0,1.0,0.0,0.0,0.0,376.0,18.0,2.0,0.018518518518518517
8574,86.0,1.0,0.0,0.0,0.0,376.0,20.0,2.0,0.3333333333333333
8575,37.0,1.0,0.0,0.0,0.0,114.0,14.0,3.0,0.07407407407407407
8576,1.0,1.0,0.0,0.0,0.0,154.0,8.0,4.0,0.0
8577,1.0,1.0,0.0,0.0,1.0,204.0,9.0,4.0,0.0
8578,16.0,1.0,0.0,0.0,1.0,94.0,9.0,4.0,0.09259259259259259
8579,47.0,1.0,0.0,0.0,0.0,247.0,16.0,4.0,0.35185185185185186
8580,7.0,1.0,0.0,0.0,0.0,152.0,15.0,0.0,0.07407407407407407
8581,1.0,1.0,0.0,0.0,0.0,185.0,21.0,0.0,0.0
8582,1.0,1.0,0.0,0.0,1.0,151.0,21.0,0.0,0.0
8583,12.0,1.0,0.0,0.0,0.0,93.0,21.0,0.0,0.14814814814814814
8584,4.0,1.0,0.0,0.0,0.0,116.0,19.0,1.0,0.037037037037037035
8585,1.0,1.0,0.0,0.0,0.0,195.0,20.0,1.0,0.0
8586,7.0,1.0,0.0,0.0,1.0,567.0,20.0,1.0,0.05555555555555555
8587,1.0,1.0,0.0,0.0,0.0,960.0,8.0,2.0,0.0
8588,1.0,1.0,0.0,0.0,1.0,166.0,8.0,2.0,0.0
8589,5.0,1.0,0.0,0.0,1.0,567.0,8.0,2.0,0.037037037037037035
8590,100.0,1.0,0.0,0.0,0.0,148.0,11.0,2.0,0.4074074074074074
8591,31.0,1.0,0.0,0.0,0.0,193.0,18.0,4.0,0.3333333333333333
8592,4.0,1.0,0.0,0.0,0.0,127.0,12.0,5.0,0.018518518518518517
8593,14.0,1.0,0.0,0.0,0.0,127.0,13.0,5.0,0.05555555555555555
8594,3.0,1.0,0.0,0.0,0.0,130.0,17.0,6.0,0.037037037037037035
8595,7.0,1.0,0.0,0.0,0.0,469.0,8.0,2.0,0.018518518518518517
8596,14.0,1.0,0.0,1.0,0.0,102.0,11.0,2.0,0.0
8597,1.0,1.0,0.0,0.0,1.0,122.0,14.0,2.0,0.0
8598,7.0,1.0,0.0,0.0,0.0,194.0,14.0,2.0,0.018518518518518517
8599,6.0,1.0,0.0,0.0,0.0,91.0,16.0,2.0,0.037037037037037035
8600,13.0,1.0,0.0,0.0,1.0,92.0,18.0,2.0,0.05555555555555555
8601,10.0,1.0,0.0,0.0,1.0,122.0,9.0,2.0,0.07407407407407407
8602,6.0,1.0,0.0,0.0,0.0,109.0,19.0,2.0,0.018518518518518517
8603,6.0,1.0,0.0,0.0,1.0,606.0,21.0,2.0,0.07407407407407407
8604,6.0,1.0,0.0,0.0,0.0,97.0,9.0,5.0,0.07407407407407407
8605,27.0,1.0,0.0,0.0,1.0,173.0,19.0,5.0,0.05555555555555555
8606,24.0,1.0,0.0,0.0,0.0,103.0,11.0,0.0,0.35185185185185186
8607,4.0,1.0,0.0,0.0,0.0,428.0,22.0,0.0,0.037037037037037035
8608,11.0,1.0,0.0,0.0,0.0,161.0,8.0,3.0,0.037037037037037035
8609,1.0,1.0,0.0,0.0,0.0,415.0,11.0,3.0,0.0
8610,8.0,1.0,0.0,0.0,1.0,229.0,18.0,3.0,0.037037037037037035
8611,38.0,1.0,0.0,0.0,1.0,99.0,5.0,5.0,0.2037037037037037
8612,13.0,1.0,0.0,0.0,0.0,281.0,20.0,4.0,0.1111111111111111
8613,15.0,1.0,0.0,0.0,0.0,253.0,11.0,6.0,0.018518518518518517
8614,8.0,1.0,0.0,0.0,0.0,253.0,13.0,6.0,0.0
8615,3.0,1.0,0.0,0.0,1.0,367.0,22.0,6.0,0.018518518518518517
8616,5.0,1.0,0.0,1.0,0.0,109.0,11.0,2.0,0.037037037037037035
8617,3.0,1.0,0.0,0.0,1.0,112.0,20.0,2.0,0.018518518518518517
8618,8.0,1.0,0.0,1.0,0.0,109.0,22.0,2.0,0.0
8619,2.0,1.0,0.0,0.0,1.0,244.0,23.0,2.0,0.018518518518518517
8620,20.0,1.0,0.0,0.0,1.0,104.0,10.0,4.0,0.16666666666666666
8621,13.0,1.0,0.0,0.0,0.0,114.0,19.0,4.0,0.12962962962962962
8622,3.0,1.0,0.0,1.0,0.0,129.0,16.0,4.0,0.0
8623,12.0,1.0,0.0,0.0,1.0,211.0,20.0,4.0,0.07407407407407407
8624,3.0,1.0,0.0,0.0,0.0,89.0,14.0,5.0,0.018518518518518517
8625,6.0,1.0,0.0,0.0,0.0,406.0,21.0,5.0,0.05555555555555555
8626,1.0,1.0,0.0,0.0,0.0,92.0,18.0,6.0,0.0
8627,6.0,1.0,0.0,0.0,0.0,92.0,18.0,6.0,0.037037037037037035
8628,2.0,1.0,0.0,0.0,1.0,328.0,10.0,0.0,0.0
8629,5.0,1.0,0.0,0.0,1.0,124.0,10.0,0.0,0.018518518518518517
8630,5.0,1.0,0.0,0.0,0.0,209.0,14.0,0.0,0.018518518518518517
8631,32.0,1.0,0.0,0.0,0.0,143.0,20.0,0.0,0.24074074074074073
8632,1.0,1.0,0.0,0.0,0.0,100.0,17.0,1.0,0.0
8633,4.0,1.0,0.0,0.0,0.0,131.0,17.0,1.0,0.0
8634,1.0,1.0,0.0,0.0,1.0,118.0,17.0,1.0,0.0
8635,1.0,1.0,0.0,0.0,0.0,236.0,18.0,1.0,0.0
8636,1.0,1.0,0.0,0.0,1.0,291.0,18.0,1.0,0.0
8637,7.0,1.0,0.0,0.0,0.0,233.0,21.0,1.0,0.0
8638,1.0,1.0,0.0,0.0,1.0,118.0,21.0,1.0,0.0
8639,1.0,1.0,0.0,0.0,0.0,236.0,21.0,1.0,0.0
8640,6.0,1.0,0.0,0.0,1.0,291.0,21.0,1.0,0.037037037037037035
8641,19.0,1.0,0.0,0.0,1.0,111.0,9.0,2.0,0.18518518518518517
8642,2.0,1.0,0.0,0.0,0.0,156.0,20.0,2.0,0.018518518518518517
8643,1.0,1.0,0.0,1.0,0.0,94.0,8.0,3.0,0.0
8644,7.0,1.0,0.0,1.0,0.0,95.0,8.0,3.0,0.09259259259259259
8645,23.0,1.0,0.0,0.0,0.0,159.0,21.0,3.0,0.14814814814814814
8646,63.0,1.0,0.0,0.0,0.0,100.0,10.0,5.0,0.2962962962962963
8647,2.0,1.0,0.0,0.0,0.0,91.0,19.0,0.0,0.0
8648,8.0,1.0,0.0,0.0,1.0,185.0,20.0,0.0,0.05555555555555555
8649,20.0,1.0,0.0,0.0,1.0,195.0,7.0,1.0,0.14814814814814814
8650,6.0,1.0,0.0,0.0,1.0,95.0,6.0,2.0,0.05555555555555555
8651,5.0,1.0,0.0,0.0,0.0,238.0,13.0,2.0,0.037037037037037035
8652,6.0,1.0,0.0,0.0,1.0,145.0,20.0,2.0,0.07407407407407407
8653,1.0,1.0,0.0,0.0,1.0,186.0,15.0,3.0,0.0
8654,1.0,1.0,0.0,0.0,0.0,153.0,20.0,3.0,0.0
8655,5.0,1.0,0.0,0.0,1.0,205.0,22.0,3.0,0.018518518518518517
8656,15.0,1.0,0.0,0.0,1.0,236.0,10.0,4.0,0.18518518518518517
8657,3.0,1.0,0.0,0.0,0.0,226.0,21.0,4.0,0.0
8658,1.0,1.0,0.0,0.0,1.0,107.0,21.0,4.0,0.0
8659,1.0,1.0,0.0,0.0,0.0,215.0,22.0,4.0,0.0
8660,1.0,1.0,0.0,0.0,0.0,340.0,22.0,4.0,0.0
8661,23.0,1.0,0.0,0.0,0.0,340.0,22.0,4.0,0.12962962962962962
8662,16.0,1.0,0.0,0.0,0.0,212.0,17.0,5.0,0.07407407407407407
8663,3.0,1.0,0.0,0.0,0.0,165.0,9.0,6.0,0.018518518518518517
8664,5.0,1.0,0.0,0.0,0.0,257.0,10.0,6.0,0.037037037037037035
8665,9.0,1.0,0.0,1.0,0.0,91.0,16.0,6.0,0.07407407407407407
8666,25.0,1.0,0.0,0.0,1.0,186.0,7.0,0.0,0.14814814814814814
8667,9.0,1.0,0.0,0.0,0.0,178.0,21.0,0.0,0.07407407407407407
8668,9.0,1.0,0.0,0.0,0.0,158.0,9.0,1.0,0.1111111111111111
8669,29.0,1.0,0.0,0.0,0.0,209.0,16.0,1.0,0.2222222222222222
8670,7.0,1.0,0.0,0.0,0.0,120.0,22.0,0.0,0.037037037037037035
8671,32.0,1.0,0.0,0.0,0.0,122.0,23.0,0.0,0.07407407407407407
8672,27.0,1.0,0.0,0.0,0.0,95.0,11.0,3.0,0.2222222222222222
8673,25.0,1.0,0.0,0.0,0.0,89.0,19.0,3.0,0.12962962962962962
8674,16.0,1.0,0.0,0.0,1.0,113.0,21.0,3.0,0.12962962962962962
8675,1.0,1.0,0.0,0.0,1.0,115.0,16.0,3.0,0.0
8676,27.0,1.0,0.0,0.0,1.0,115.0,16.0,3.0,0.14814814814814814
8677,5.0,1.0,0.0,0.0,0.0,134.0,20.0,3.0,0.05555555555555555
8678,21.0,1.0,0.0,0.0,1.0,102.0,7.0,6.0,0.18518518518518517
8679,16.0,1.0,0.0,0.0,1.0,95.0,14.0,6.0,0.12962962962962962
8680,9.0,1.0,0.0,0.0,0.0,171.0,14.0,1.0,0.09259259259259259
8681,4.0,1.0,0.0,0.0,0.0,208.0,21.0,1.0,0.037037037037037035
8682,9.0,1.0,0.0,0.0,0.0,124.0,9.0,4.0,0.09259259259259259
8683,1.0,1.0,0.0,0.0,1.0,154.0,13.0,6.0,0.0
8684,14.0,1.0,0.0,0.0,0.0,193.0,13.0,6.0,0.12962962962962962
8685,1.0,1.0,0.0,0.0,1.0,133.0,20.0,6.0,0.0
8686,5.0,1.0,0.0,0.0,0.0,154.0,20.0,6.0,0.018518518518518517
8687,22.0,1.0,0.0,0.0,0.0,232.0,21.0,6.0,0.24074074074074073
8688,1.0,1.0,0.0,0.0,1.0,218.0,16.0,2.0,0.0
8689,1.0,1.0,0.0,0.0,1.0,256.0,16.0,2.0,0.0
8690,49.0,1.0,0.0,0.0,0.0,601.0,17.0,2.0,0.35185185185185186
8691,40.0,1.0,0.0,0.0,1.0,232.0,14.0,0.0,0.16666666666666666
8692,51.0,1.0,0.0,0.0,1.0,97.0,18.0,0.0,0.25925925925925924
8693,8.0,1.0,0.0,0.0,0.0,165.0,15.0,5.0,0.018518518518518517
8694,32.0,1.0,0.0,0.0,0.0,127.0,10.0,0.0,0.25925925925925924
8695,29.0,1.0,0.0,0.0,0.0,349.0,22.0,1.0,0.16666666666666666
8696,20.0,1.0,0.0,0.0,0.0,96.0,10.0,2.0,0.1111111111111111
8697,18.0,1.0,0.0,0.0,1.0,163.0,14.0,2.0,0.12962962962962962
8698,1.0,1.0,0.0,0.0,0.0,94.0,19.0,3.0,0.0
8699,1.0,1.0,0.0,0.0,0.0,127.0,20.0,3.0,0.0
8700,14.0,1.0,0.0,0.0,0.0,91.0,20.0,3.0,0.037037037037037035
8701,9.0,1.0,0.0,0.0,0.0,92.0,20.0,3.0,0.07407407407407407
8702,15.0,1.0,0.0,0.0,1.0,133.0,22.0,3.0,0.09259259259259259
8703,3.0,1.0,0.0,0.0,1.0,133.0,6.0,4.0,0.037037037037037035
8704,3.0,1.0,0.0,0.0,0.0,125.0,8.0,4.0,0.018518518518518517
8705,14.0,1.0,0.0,0.0,0.0,342.0,8.0,4.0,0.16666666666666666
8706,5.0,1.0,0.0,0.0,1.0,122.0,20.0,4.0,0.037037037037037035
8707,23.0,1.0,0.0,0.0,0.0,584.0,7.0,5.0,0.05555555555555555
8708,28.0,1.0,0.0,0.0,0.0,107.0,12.0,5.0,0.16666666666666666
8709,2.0,1.0,0.0,0.0,0.0,159.0,19.0,6.0,0.0
8710,1.0,1.0,0.0,0.0,0.0,237.0,19.0,6.0,0.0
8711,1.0,1.0,0.0,0.0,0.0,262.0,19.0,6.0,0.0
8712,2.0,1.0,0.0,0.0,0.0,240.0,19.0,6.0,0.0
8713,1.0,1.0,0.0,0.0,1.0,216.0,19.0,6.0,0.0
8714,1.0,1.0,0.0,0.0,0.0,294.0,19.0,6.0,0.0
8715,6.0,1.0,0.0,0.0,0.0,106.0,19.0,6.0,0.07407407407407407
8716,8.0,1.0,0.0,0.0,0.0,94.0,23.0,6.0,0.09259259259259259
8717,33.0,1.0,0.0,0.0,0.0,190.0,12.0,0.0,0.18518518518518517
8718,3.0,1.0,0.0,0.0,0.0,173.0,21.0,0.0,0.037037037037037035
8719,61.0,1.0,0.0,0.0,0.0,159.0,7.0,1.0,0.24074074074074073
8720,1.0,1.0,0.0,0.0,0.0,180.0,14.0,3.0,0.0
8721,30.0,1.0,0.0,0.0,0.0,231.0,16.0,3.0,0.18518518518518517
8722,17.0,1.0,0.0,1.0,0.0,384.0,22.0,4.0,0.09259259259259259
8723,12.0,1.0,0.0,0.0,1.0,96.0,21.0,5.0,0.1111111111111111
8724,20.0,1.0,0.0,0.0,1.0,100.0,20.0,6.0,0.1111111111111111
8725,10.0,1.0,0.0,1.0,1.0,232.0,13.0,0.0,0.1111111111111111
8726,19.0,1.0,0.0,0.0,0.0,389.0,22.0,0.0,0.1111111111111111
8727,1.0,1.0,0.0,0.0,1.0,246.0,10.0,2.0,0.0
8728,17.0,1.0,0.0,0.0,0.0,178.0,12.0,2.0,0.2037037037037037
8729,36.0,1.0,0.0,0.0,0.0,138.0,20.0,2.0,0.24074074074074073
8730,27.0,1.0,0.0,0.0,1.0,111.0,7.0,4.0,0.2962962962962963
8731,1.0,1.0,0.0,0.0,0.0,321.0,19.0,4.0,0.0
8732,39.0,1.0,0.0,0.0,0.0,217.0,20.0,4.0,0.25925925925925924
8733,16.0,1.0,0.0,0.0,0.0,152.0,0.0,4.0,0.12962962962962962
8734,1.0,1.0,0.0,0.0,1.0,193.0,7.0,4.0,0.0
8735,7.0,1.0,0.0,0.0,0.0,146.0,7.0,4.0,0.018518518518518517
8736,1.0,1.0,0.0,0.0,0.0,91.0,9.0,4.0,0.0
8737,13.0,1.0,0.0,0.0,0.0,219.0,10.0,4.0,0.09259259259259259
8738,1.0,1.0,0.0,0.0,0.0,109.0,20.0,4.0,0.0
8739,1.0,1.0,0.0,1.0,0.0,399.0,21.0,4.0,0.0
8740,146.0,1.0,0.0,0.0,0.0,327.0,21.0,4.0,0.5185185185185185
8741,25.0,1.0,0.0,0.0,0.0,185.0,20.0,5.0,0.09259259259259259
8742,21.0,1.0,0.0,0.0,1.0,201.0,21.0,0.0,0.1111111111111111
8743,28.0,1.0,0.0,0.0,0.0,146.0,14.0,3.0,0.14814814814814814
8744,1.0,1.0,0.0,0.0,0.0,281.0,12.0,6.0,0.0
8745,2.0,1.0,0.0,0.0,0.0,281.0,12.0,6.0,0.0
8746,16.0,1.0,0.0,0.0,1.0,217.0,15.0,6.0,0.16666666666666666
8747,4.0,1.0,0.0,0.0,0.0,129.0,16.0,1.0,0.037037037037037035
8748,4.0,1.0,0.0,0.0,0.0,100.0,8.0,4.0,0.037037037037037035
8749,3.0,1.0,0.0,0.0,0.0,2211.0,16.0,4.0,0.018518518518518517
8750,6.0,1.0,0.0,0.0,0.0,127.0,18.0,4.0,0.037037037037037035
8751,6.0,1.0,0.0,0.0,1.0,105.0,22.0,4.0,0.07407407407407407
8752,2.0,1.0,0.0,0.0,0.0,222.0,14.0,6.0,0.0
8753,15.0,1.0,0.0,0.0,0.0,142.0,21.0,6.0,0.12962962962962962
8754,1.0,1.0,0.0,0.0,1.0,107.0,12.0,3.0,0.0
8755,10.0,1.0,0.0,0.0,1.0,107.0,12.0,3.0,0.09259259259259259
8756,20.0,1.0,0.0,0.0,1.0,98.0,18.0,3.0,0.12962962962962962
8757,47.0,1.0,0.0,0.0,1.0,110.0,22.0,4.0,0.24074074074074073
8758,7.0,1.0,0.0,0.0,0.0,91.0,16.0,5.0,0.07407407407407407
8759,4.0,1.0,0.0,0.0,0.0,3207.0,22.0,6.0,0.037037037037037035
8760,9.0,1.0,0.0,0.0,0.0,98.0,0.0,0.0,0.09259259259259259
8761,15.0,1.0,0.0,0.0,0.0,3207.0,9.0,0.0,0.07407407407407407
8762,1.0,1.0,0.0,0.0,1.0,101.0,14.0,0.0,0.0
8763,1.0,1.0,0.0,0.0,0.0,168.0,15.0,0.0,0.0
8764,2.0,1.0,0.0,0.0,0.0,168.0,15.0,0.0,0.0
8765,8.0,1.0,0.0,0.0,0.0,93.0,17.0,0.0,0.05555555555555555
8766,9.0,1.0,0.0,0.0,0.0,153.0,8.0,1.0,0.037037037037037035
8767,50.0,1.0,0.0,0.0,0.0,110.0,18.0,1.0,0.2962962962962963
8768,5.0,1.0,0.0,0.0,0.0,92.0,16.0,2.0,0.05555555555555555
8769,26.0,1.0,0.0,0.0,1.0,301.0,19.0,2.0,0.3148148148148148
8770,1.0,1.0,0.0,0.0,0.0,363.0,20.0,4.0,0.0
8771,2.0,1.0,0.0,0.0,1.0,114.0,20.0,4.0,0.0
8772,3.0,1.0,0.0,0.0,1.0,165.0,20.0,4.0,0.0
8773,27.0,1.0,0.0,0.0,1.0,179.0,21.0,4.0,0.1111111111111111
8774,2.0,1.0,0.0,0.0,0.0,314.0,7.0,6.0,0.0
8775,3.0,1.0,0.0,0.0,1.0,305.0,7.0,6.0,0.037037037037037035
8776,10.0,1.0,0.0,0.0,0.0,453.0,10.0,6.0,0.1111111111111111
8777,54.0,1.0,0.0,0.0,1.0,144.0,10.0,0.0,0.3148148148148148
8778,3.0,1.0,0.0,1.0,1.0,97.0,21.0,0.0,0.018518518518518517
8779,28.0,1.0,0.0,1.0,0.0,101.0,9.0,1.0,0.14814814814814814
8780,14.0,1.0,0.0,0.0,0.0,117.0,8.0,2.0,0.1111111111111111
8781,18.0,1.0,0.0,0.0,0.0,278.0,16.0,2.0,0.16666666666666666
8782,1.0,1.0,0.0,0.0,0.0,97.0,14.0,3.0,0.0
8783,1.0,1.0,0.0,0.0,0.0,149.0,14.0,3.0,0.0
8784,10.0,1.0,0.0,0.0,0.0,154.0,15.0,3.0,0.16666666666666666
8785,2.0,1.0,0.0,0.0,0.0,170.0,8.0,4.0,0.0
8786,4.0,1.0,0.0,0.0,0.0,170.0,9.0,4.0,0.018518518518518517
8787,1.0,1.0,0.0,0.0,0.0,96.0,11.0,4.0,0.0
8788,50.0,1.0,0.0,0.0,0.0,96.0,11.0,4.0,0.25925925925925924
8789,2.0,1.0,0.0,0.0,0.0,95.0,16.0,5.0,0.018518518518518517
8790,4.0,1.0,0.0,0.0,0.0,1327.0,12.0,6.0,0.05555555555555555
8791,8.0,1.0,0.0,0.0,1.0,208.0,16.0,6.0,0.05555555555555555
8792,1.0,1.0,0.0,0.0,0.0,93.0,22.0,6.0,0.0
8793,9.0,1.0,0.0,0.0,1.0,336.0,22.0,6.0,0.09259259259259259
8794,8.0,1.0,0.0,0.0,1.0,330.0,11.0,2.0,0.09259259259259259
8795,5.0,1.0,0.0,0.0,1.0,202.0,18.0,2.0,0.037037037037037035
8796,46.0,1.0,0.0,0.0,1.0,113.0,9.0,5.0,0.14814814814814814
8797,32.0,1.0,0.0,0.0,0.0,104.0,11.0,5.0,0.12962962962962962
8798,13.0,1.0,0.0,0.0,0.0,636.0,19.0,5.0,0.05555555555555555
8799,6.0,1.0,0.0,0.0,0.0,177.0,19.0,5.0,0.0
8800,25.0,1.0,0.0,0.0,0.0,170.0,9.0,1.0,0.2222222222222222
8801,1.0,1.0,0.0,0.0,0.0,123.0,16.0,1.0,0.0
8802,7.0,1.0,0.0,0.0,0.0,123.0,16.0,1.0,0.05555555555555555
8803,3.0,1.0,0.0,0.0,1.0,168.0,18.0,1.0,0.018518518518518517
8804,1.0,1.0,0.0,0.0,1.0,208.0,22.0,1.0,0.0
8805,6.0,1.0,0.0,0.0,1.0,94.0,22.0,1.0,0.0
8806,5.0,1.0,0.0,0.0,0.0,109.0,22.0,1.0,0.0
8807,9.0,1.0,0.0,0.0,0.0,420.0,4.0,3.0,0.07407407407407407
8808,3.0,1.0,0.0,0.0,0.0,115.0,10.0,3.0,0.037037037037037035
8809,16.0,1.0,0.0,0.0,0.0,144.0,12.0,3.0,0.12962962962962962
8810,12.0,1.0,0.0,0.0,0.0,93.0,11.0,6.0,0.12962962962962962
8811,11.0,1.0,0.0,0.0,0.0,91.0,15.0,6.0,0.12962962962962962
8812,22.0,1.0,0.0,0.0,0.0,105.0,11.0,1.0,0.18518518518518517
8813,18.0,1.0,0.0,0.0,0.0,140.0,16.0,4.0,0.12962962962962962
8814,1.0,1.0,0.0,0.0,1.0,124.0,10.0,0.0,0.0
8815,4.0,1.0,0.0,0.0,0.0,140.0,10.0,0.0,0.05555555555555555
8816,2.0,1.0,0.0,0.0,0.0,90.0,22.0,0.0,0.0
8817,37.0,1.0,0.0,0.0,1.0,332.0,0.0,2.0,0.24074074074074073
8818,1.0,1.0,0.0,0.0,1.0,124.0,13.0,0.0,0.0
8819,9.0,1.0,0.0,0.0,0.0,140.0,13.0,0.0,0.09259259259259259
8820,9.0,1.0,0.0,1.0,1.0,393.0,21.0,0.0,0.05555555555555555
8821,1.0,1.0,0.0,0.0,0.0,183.0,17.0,5.0,0.0
8822,12.0,1.0,0.0,0.0,0.0,201.0,17.0,5.0,0.09259259259259259
8823,4.0,1.0,0.0,0.0,0.0,95.0,14.0,0.0,0.05555555555555555
8824,4.0,1.0,0.0,0.0,0.0,98.0,7.0,1.0,0.037037037037037035
8825,2.0,1.0,0.0,0.0,0.0,191.0,16.0,1.0,0.018518518518518517
8826,3.0,1.0,0.0,0.0,0.0,182.0,7.0,2.0,0.018518518518518517
8827,1.0,1.0,0.0,0.0,0.0,167.0,11.0,2.0,0.0
8828,1.0,1.0,0.0,0.0,0.0,167.0,11.0,2.0,0.0
8829,1.0,1.0,0.0,0.0,0.0,167.0,11.0,2.0,0.0
8830,1.0,1.0,0.0,0.0,0.0,167.0,11.0,2.0,0.0
8831,1.0,1.0,0.0,0.0,1.0,670.0,12.0,2.0,0.0
8832,5.0,1.0,0.0,0.0,1.0,127.0,13.0,2.0,0.037037037037037035
8833,5.0,1.0,0.0,0.0,0.0,114.0,20.0,2.0,0.05555555555555555
8834,10.0,1.0,0.0,0.0,0.0,107.0,9.0,3.0,0.1111111111111111
8835,9.0,1.0,0.0,0.0,0.0,214.0,20.0,3.0,0.07407407407407407
8836,3.0,1.0,0.0,0.0,0.0,316.0,9.0,4.0,0.0
8837,4.0,1.0,0.0,0.0,1.0,184.0,9.0,4.0,0.018518518518518517
8838,1.0,1.0,0.0,0.0,0.0,112.0,15.0,4.0,0.0
8839,25.0,1.0,0.0,0.0,1.0,167.0,19.0,4.0,0.12962962962962962
8840,4.0,1.0,0.0,0.0,0.0,270.0,8.0,0.0,0.037037037037037035
8841,2.0,1.0,0.0,0.0,0.0,103.0,21.0,0.0,0.0
8842,8.0,1.0,0.0,0.0,0.0,112.0,21.0,0.0,0.018518518518518517
8843,4.0,1.0,0.0,0.0,0.0,174.0,21.0,0.0,0.0
8844,137.0,1.0,0.0,0.0,0.0,174.0,21.0,0.0,0.2962962962962963
8845,1.0,1.0,0.0,0.0,0.0,99.0,10.0,2.0,0.0
8846,1.0,1.0,0.0,0.0,0.0,277.0,10.0,2.0,0.0
8847,1.0,1.0,0.0,0.0,0.0,155.0,10.0,2.0,0.0
8848,24.0,1.0,0.0,0.0,0.0,229.0,10.0,2.0,0.14814814814814814
8849,33.0,1.0,0.0,0.0,1.0,226.0,9.0,3.0,0.2777777777777778
8850,10.0,1.0,0.0,0.0,1.0,146.0,19.0,3.0,0.018518518518518517
8851,10.0,1.0,0.0,0.0,1.0,275.0,21.0,3.0,0.05555555555555555
8852,62.0,1.0,0.0,0.0,1.0,114.0,10.0,4.0,0.24074074074074073
8853,9.0,1.0,0.0,0.0,0.0,346.0,18.0,4.0,0.037037037037037035
8854,1.0,1.0,0.0,0.0,0.0,87.0,22.0,4.0,0.0
8855,13.0,1.0,0.0,0.0,0.0,95.0,22.0,4.0,0.09259259259259259
8856,10.0,1.0,0.0,0.0,0.0,87.0,11.0,5.0,0.05555555555555555
8857,2.0,1.0,0.0,1.0,0.0,92.0,20.0,5.0,0.018518518518518517
8858,9.0,1.0,0.0,1.0,0.0,92.0,21.0,5.0,0.05555555555555555
8859,12.0,1.0,0.0,0.0,0.0,138.0,16.0,6.0,0.05555555555555555
8860,30.0,1.0,0.0,0.0,0.0,1151.0,23.0,6.0,0.2962962962962963
8861,3.0,1.0,0.0,0.0,1.0,265.0,19.0,0.0,0.018518518518518517
8862,9.0,1.0,0.0,0.0,1.0,262.0,9.0,1.0,0.037037037037037035
8863,17.0,1.0,0.0,0.0,1.0,262.0,12.0,1.0,0.16666666666666666
8864,42.0,1.0,0.0,0.0,1.0,200.0,17.0,1.0,0.16666666666666666
8865,1.0,1.0,0.0,1.0,1.0,93.0,14.0,2.0,0.0
8866,7.0,1.0,0.0,0.0,1.0,204.0,15.0,2.0,0.037037037037037035
8867,2.0,1.0,0.0,0.0,1.0,218.0,20.0,2.0,0.0
8868,6.0,1.0,0.0,0.0,0.0,214.0,20.0,2.0,0.037037037037037035
8869,42.0,1.0,0.0,0.0,0.0,148.0,7.0,3.0,0.3148148148148148
8870,2.0,1.0,0.0,0.0,1.0,127.0,18.0,3.0,0.018518518518518517
8871,10.0,1.0,0.0,0.0,0.0,158.0,22.0,3.0,0.1111111111111111
8872,5.0,1.0,0.0,0.0,0.0,150.0,20.0,6.0,0.05555555555555555
8873,15.0,1.0,0.0,0.0,1.0,121.0,8.0,6.0,0.12962962962962962
8874,6.0,1.0,0.0,0.0,0.0,112.0,11.0,6.0,0.09259259259259259
8875,11.0,1.0,0.0,0.0,0.0,139.0,19.0,6.0,0.09259259259259259
8876,21.0,1.0,0.0,0.0,0.0,139.0,20.0,6.0,0.2037037037037037
8877,18.0,1.0,0.0,0.0,0.0,89.0,21.0,2.0,0.09259259259259259
8878,36.0,1.0,0.0,0.0,1.0,276.0,13.0,4.0,0.07407407407407407
8879,2.0,1.0,0.0,1.0,0.0,96.0,19.0,4.0,0.018518518518518517
8880,6.0,1.0,0.0,0.0,1.0,203.0,6.0,0.0,0.09259259259259259
8881,50.0,1.0,0.0,0.0,0.0,113.0,13.0,0.0,0.37037037037037035
8882,1.0,1.0,0.0,0.0,0.0,111.0,20.0,5.0,0.0
8883,8.0,1.0,0.0,0.0,0.0,142.0,20.0,5.0,0.09259259259259259
8884,4.0,1.0,0.0,0.0,0.0,142.0,15.0,1.0,0.037037037037037035
8885,3.0,1.0,0.0,0.0,0.0,169.0,19.0,1.0,0.018518518518518517
8886,1.0,1.0,0.0,0.0,1.0,266.0,19.0,1.0,0.0
8887,30.0,1.0,0.0,1.0,0.0,232.0,21.0,1.0,0.2037037037037037
8888,5.0,1.0,0.0,0.0,1.0,154.0,8.0,6.0,0.037037037037037035
8889,7.0,1.0,0.0,1.0,0.0,279.0,18.0,6.0,0.07407407407407407
8890,6.0,1.0,0.0,0.0,0.0,121.0,8.0,1.0,0.018518518518518517
8891,32.0,1.0,0.0,0.0,0.0,293.0,13.0,1.0,0.16666666666666666
8892,7.0,1.0,0.0,0.0,1.0,164.0,21.0,1.0,0.05555555555555555
8893,1.0,1.0,0.0,0.0,0.0,275.0,7.0,2.0,0.0
8894,2.0,1.0,0.0,0.0,0.0,92.0,7.0,2.0,0.0
8895,4.0,1.0,0.0,0.0,0.0,120.0,7.0,2.0,0.037037037037037035
8896,6.0,1.0,0.0,0.0,0.0,207.0,7.0,2.0,0.05555555555555555
8897,12.0,1.0,0.0,0.0,0.0,191.0,12.0,2.0,0.12962962962962962
8898,7.0,1.0,0.0,0.0,0.0,399.0,16.0,2.0,0.05555555555555555
8899,2.0,1.0,0.0,1.0,0.0,384.0,19.0,2.0,0.0
8900,4.0,1.0,0.0,1.0,1.0,175.0,19.0,2.0,0.0
8901,1.0,1.0,0.0,0.0,0.0,232.0,6.0,3.0,0.0
8902,1.0,1.0,0.0,0.0,0.0,218.0,7.0,3.0,0.0
8903,22.0,1.0,0.0,0.0,0.0,218.0,7.0,3.0,0.14814814814814814
8904,1.0,1.0,0.0,0.0,0.0,218.0,14.0,3.0,0.0
8905,2.0,1.0,0.0,0.0,0.0,218.0,14.0,3.0,0.0
8906,1.0,1.0,0.0,0.0,0.0,218.0,14.0,3.0,0.0
8907,7.0,1.0,0.0,0.0,0.0,218.0,14.0,3.0,0.05555555555555555
8908,5.0,1.0,0.0,0.0,0.0,110.0,20.0,3.0,0.05555555555555555
8909,22.0,1.0,0.0,0.0,0.0,342.0,9.0,4.0,0.2037037037037037
8910,11.0,1.0,0.0,0.0,1.0,117.0,15.0,4.0,0.05555555555555555
8911,25.0,1.0,0.0,1.0,1.0,124.0,8.0,5.0,0.14814814814814814
8912,22.0,1.0,0.0,0.0,1.0,117.0,13.0,5.0,0.18518518518518517
8913,4.0,1.0,0.0,0.0,0.0,359.0,13.0,6.0,0.037037037037037035
8914,25.0,1.0,0.0,0.0,1.0,399.0,20.0,6.0,0.2037037037037037
8915,1.0,1.0,0.0,1.0,1.0,212.0,21.0,0.0,0.0
8916,3.0,1.0,0.0,0.0,0.0,236.0,22.0,0.0,0.0
8917,2.0,1.0,0.0,0.0,0.0,107.0,10.0,1.0,0.0
8918,9.0,1.0,0.0,1.0,0.0,225.0,10.0,1.0,0.09259259259259259
8919,8.0,1.0,0.0,0.0,0.0,108.0,16.0,1.0,0.1111111111111111
8920,26.0,1.0,0.0,0.0,0.0,228.0,17.0,1.0,0.16666666666666666
8921,2.0,1.0,0.0,0.0,0.0,405.0,13.0,2.0,0.0
8922,7.0,1.0,0.0,0.0,0.0,199.0,13.0,2.0,0.07407407407407407
8923,13.0,1.0,0.0,1.0,0.0,96.0,20.0,2.0,0.14814814814814814
8924,18.0,1.0,0.0,1.0,0.0,261.0,11.0,3.0,0.037037037037037035
8925,7.0,1.0,0.0,0.0,0.0,273.0,16.0,3.0,0.037037037037037035
8926,48.0,1.0,0.0,0.0,0.0,152.0,20.0,3.0,0.3148148148148148
8927,2.0,1.0,0.0,0.0,1.0,91.0,23.0,4.0,0.0
8928,44.0,1.0,0.0,0.0,1.0,190.0,23.0,4.0,0.25925925925925924
8929,23.0,1.0,0.0,0.0,0.0,110.0,19.0,5.0,0.14814814814814814
8930,5.0,1.0,0.0,0.0,0.0,111.0,13.0,6.0,0.037037037037037035
8931,39.0,1.0,0.0,0.0,0.0,323.0,17.0,6.0,0.16666666666666666
8932,17.0,1.0,0.0,0.0,1.0,89.0,15.0,1.0,0.07407407407407407
8933,1.0,1.0,0.0,0.0,0.0,136.0,20.0,1.0,0.0
8934,13.0,1.0,0.0,0.0,0.0,238.0,20.0,1.0,0.1111111111111111
8935,1.0,1.0,0.0,0.0,0.0,87.0,12.0,2.0,0.0
8936,4.0,1.0,0.0,0.0,0.0,117.0,12.0,2.0,0.018518518518518517
8937,22.0,1.0,0.0,0.0,0.0,260.0,18.0,2.0,0.12962962962962962
8938,25.0,1.0,0.0,0.0,0.0,200.0,20.0,3.0,0.07407407407407407
8939,7.0,1.0,0.0,0.0,0.0,89.0,20.0,4.0,0.05555555555555555
8940,12.0,1.0,0.0,0.0,1.0,983.0,7.0,4.0,0.05555555555555555
8941,1.0,1.0,0.0,0.0,1.0,188.0,14.0,4.0,0.0
8942,1.0,1.0,0.0,0.0,0.0,451.0,14.0,4.0,0.0
8943,21.0,1.0,0.0,0.0,0.0,238.0,14.0,4.0,0.14814814814814814
8944,1.0,1.0,0.0,0.0,0.0,452.0,14.0,0.0,0.0
8945,3.0,1.0,0.0,0.0,0.0,448.0,14.0,0.0,0.037037037037037035
8946,8.0,1.0,0.0,0.0,1.0,122.0,23.0,0.0,0.07407407407407407
8947,3.0,1.0,0.0,0.0,1.0,188.0,12.0,0.0,0.0
8948,27.0,1.0,0.0,0.0,1.0,188.0,12.0,0.0,0.16666666666666666
8949,7.0,1.0,0.0,0.0,1.0,206.0,13.0,3.0,0.037037037037037035
8950,2.0,1.0,0.0,0.0,1.0,94.0,14.0,3.0,0.0
8951,16.0,1.0,0.0,0.0,0.0,664.0,15.0,3.0,0.07407407407407407
8952,27.0,1.0,0.0,0.0,0.0,647.0,20.0,3.0,0.07407407407407407
8953,10.0,1.0,0.0,0.0,0.0,102.0,13.0,5.0,0.037037037037037035
8954,10.0,1.0,0.0,0.0,0.0,134.0,15.0,5.0,0.05555555555555555
8955,11.0,1.0,0.0,0.0,0.0,405.0,18.0,5.0,0.018518518518518517
8956,2.0,1.0,0.0,0.0,0.0,150.0,21.0,5.0,0.018518518518518517
8957,14.0,1.0,0.0,0.0,1.0,185.0,21.0,5.0,0.07407407407407407
8958,5.0,1.0,0.0,0.0,0.0,147.0,12.0,1.0,0.037037037037037035
8959,1.0,1.0,0.0,0.0,0.0,186.0,14.0,1.0,0.0
8960,28.0,1.0,0.0,0.0,0.0,201.0,15.0,1.0,0.05555555555555555
8961,9.0,1.0,0.0,0.0,1.0,511.0,20.0,1.0,0.037037037037037035
8962,1.0,1.0,0.0,0.0,0.0,114.0,10.0,3.0,0.0
8963,7.0,1.0,0.0,0.0,0.0,174.0,11.0,3.0,0.09259259259259259
8964,7.0,1.0,0.0,0.0,0.0,260.0,15.0,3.0,0.07407407407407407
8965,30.0,1.0,0.0,0.0,0.0,162.0,22.0,3.0,0.16666666666666666
8966,19.0,1.0,0.0,0.0,0.0,428.0,23.0,6.0,0.12962962962962962
8967,7.0,1.0,0.0,0.0,0.0,244.0,15.0,4.0,0.07407407407407407
8968,1.0,1.0,0.0,0.0,0.0,421.0,22.0,4.0,0.0
8969,10.0,1.0,0.0,0.0,0.0,507.0,5.0,0.0,0.037037037037037035
8970,3.0,1.0,0.0,0.0,0.0,104.0,10.0,0.0,0.018518518518518517
8971,1.0,1.0,0.0,0.0,1.0,160.0,11.0,0.0,0.0
8972,36.0,1.0,0.0,0.0,0.0,421.0,11.0,0.0,0.2037037037037037
8973,1.0,1.0,0.0,0.0,0.0,250.0,10.0,2.0,0.0
8974,3.0,1.0,0.0,0.0,0.0,114.0,10.0,2.0,0.0
8975,1.0,1.0,0.0,0.0,0.0,165.0,10.0,2.0,0.0
8976,2.0,1.0,0.0,0.0,1.0,160.0,12.0,2.0,0.0
8977,1.0,1.0,0.0,0.0,0.0,109.0,12.0,2.0,0.0
8978,1.0,1.0,0.0,0.0,0.0,250.0,12.0,2.0,0.0
8979,2.0,1.0,0.0,0.0,0.0,114.0,12.0,2.0,0.018518518518518517
8980,1.0,1.0,0.0,0.0,0.0,244.0,15.0,2.0,0.0
8981,1.0,1.0,0.0,0.0,0.0,311.0,16.0,2.0,0.0
8982,2.0,1.0,0.0,0.0,0.0,311.0,16.0,2.0,0.018518518518518517
8983,1.0,1.0,0.0,0.0,0.0,365.0,17.0,2.0,0.0
8984,2.0,1.0,0.0,0.0,0.0,365.0,17.0,2.0,0.018518518518518517
8985,1.0,1.0,0.0,0.0,1.0,102.0,20.0,2.0,0.0
8986,29.0,1.0,0.0,0.0,0.0,405.0,20.0,2.0,0.09259259259259259
8987,8.0,1.0,0.0,0.0,0.0,163.0,18.0,3.0,0.037037037037037035
8988,2.0,1.0,0.0,0.0,0.0,179.0,19.0,3.0,0.018518518518518517
8989,10.0,1.0,0.0,0.0,0.0,90.0,19.0,3.0,0.05555555555555555
8990,1.0,1.0,0.0,0.0,0.0,287.0,9.0,4.0,0.0
8991,1.0,1.0,0.0,0.0,0.0,154.0,10.0,4.0,0.0
8992,7.0,1.0,0.0,1.0,0.0,203.0,11.0,4.0,0.05555555555555555
8993,24.0,1.0,0.0,0.0,0.0,98.0,5.0,5.0,0.09259259259259259
8994,18.0,1.0,0.0,0.0,1.0,104.0,22.0,5.0,0.09259259259259259
8995,4.0,1.0,0.0,0.0,0.0,145.0,20.0,6.0,0.037037037037037035
8996,19.0,1.0,0.0,0.0,0.0,1339.0,11.0,0.0,0.09259259259259259
8997,1.0,1.0,0.0,1.0,0.0,226.0,15.0,1.0,0.0
8998,14.0,1.0,0.0,1.0,0.0,226.0,15.0,1.0,0.09259259259259259
8999,2.0,1.0,0.0,1.0,1.0,160.0,8.0,3.0,0.0
9000,1.0,1.0,0.0,1.0,1.0,160.0,8.0,3.0,0.0
9001,5.0,1.0,0.0,0.0,1.0,672.0,12.0,3.0,0.05555555555555555
9002,1.0,1.0,0.0,0.0,0.0,319.0,15.0,3.0,0.0
9003,29.0,1.0,0.0,0.0,0.0,351.0,17.0,3.0,0.12962962962962962
9004,6.0,1.0,0.0,0.0,0.0,500.0,13.0,4.0,0.018518518518518517
9005,18.0,1.0,0.0,0.0,0.0,125.0,16.0,4.0,0.12962962962962962
9006,8.0,1.0,0.0,0.0,0.0,220.0,18.0,5.0,0.09259259259259259
9007,6.0,1.0,0.0,0.0,0.0,723.0,23.0,5.0,0.037037037037037035
9008,2.0,1.0,0.0,0.0,1.0,237.0,20.0,6.0,0.0
9009,9.0,1.0,0.0,0.0,0.0,173.0,23.0,6.0,0.07407407407407407
9010,2.0,1.0,0.0,0.0,0.0,109.0,9.0,0.0,0.0
9011,23.0,1.0,0.0,0.0,1.0,171.0,9.0,0.0,0.2962962962962963
9012,15.0,1.0,0.0,0.0,0.0,99.0,16.0,0.0,0.1111111111111111
9013,20.0,1.0,0.0,0.0,0.0,152.0,14.0,1.0,0.07407407407407407
9014,15.0,1.0,0.0,0.0,0.0,244.0,12.0,2.0,0.12962962962962962
9015,16.0,1.0,0.0,0.0,0.0,120.0,9.0,3.0,0.1111111111111111
9016,2.0,1.0,0.0,0.0,1.0,97.0,20.0,3.0,0.0
9017,1.0,1.0,0.0,0.0,0.0,207.0,20.0,3.0,0.0
9018,7.0,1.0,0.0,0.0,1.0,171.0,20.0,3.0,0.0
9019,10.0,1.0,0.0,0.0,0.0,109.0,8.0,4.0,0.018518518518518517
9020,23.0,1.0,0.0,0.0,0.0,144.0,15.0,4.0,0.16666666666666666
9021,43.0,1.0,0.0,0.0,1.0,181.0,12.0,6.0,0.4074074074074074
9022,4.0,1.0,0.0,0.0,0.0,287.0,12.0,1.0,0.018518518518518517
9023,2.0,1.0,0.0,0.0,1.0,104.0,19.0,1.0,0.0
9024,2.0,1.0,0.0,0.0,1.0,171.0,10.0,4.0,0.0
9025,49.0,1.0,0.0,0.0,0.0,192.0,10.0,4.0,0.2962962962962963
9026,3.0,1.0,0.0,0.0,0.0,115.0,18.0,4.0,0.018518518518518517
9027,31.0,1.0,0.0,0.0,1.0,104.0,22.0,4.0,0.09259259259259259
9028,1.0,1.0,0.0,0.0,0.0,192.0,15.0,4.0,0.0
9029,68.0,1.0,0.0,1.0,0.0,147.0,15.0,4.0,0.25925925925925924
9030,46.0,1.0,0.0,0.0,0.0,148.0,19.0,5.0,0.3148148148148148
9031,10.0,1.0,0.0,0.0,1.0,133.0,20.0,0.0,0.05555555555555555
9032,34.0,1.0,0.0,0.0,0.0,90.0,18.0,3.0,0.2222222222222222
9033,11.0,1.0,0.0,0.0,0.0,337.0,14.0,1.0,0.05555555555555555
9034,1.0,1.0,0.0,0.0,1.0,222.0,20.0,1.0,0.0
9035,1.0,1.0,0.0,0.0,1.0,213.0,20.0,1.0,0.0
9036,1.0,1.0,0.0,0.0,1.0,222.0,20.0,1.0,0.0
9037,16.0,1.0,0.0,0.0,1.0,213.0,20.0,1.0,0.07407407407407407
9038,8.0,1.0,0.0,0.0,0.0,101.0,13.0,4.0,0.07407407407407407
9039,2.0,1.0,0.0,0.0,0.0,173.0,15.0,4.0,0.018518518518518517
9040,4.0,1.0,0.0,0.0,0.0,104.0,17.0,4.0,0.05555555555555555
9041,13.0,1.0,0.0,0.0,0.0,294.0,19.0,4.0,0.07407407407407407
9042,56.0,1.0,0.0,0.0,1.0,191.0,9.0,6.0,0.2777777777777778
9043,34.0,1.0,0.0,0.0,1.0,200.0,14.0,6.0,0.2962962962962963
9044,36.0,1.0,0.0,1.0,0.0,170.0,19.0,1.0,0.3148148148148148
9045,4.0,1.0,0.0,0.0,1.0,276.0,20.0,2.0,0.018518518518518517
9046,4.0,1.0,0.0,0.0,0.0,267.0,21.0,2.0,0.0
9047,42.0,1.0,0.0,0.0,1.0,276.0,8.0,3.0,0.24074074074074073
9048,17.0,1.0,0.0,0.0,0.0,150.0,11.0,4.0,0.12962962962962962
9049,1.0,1.0,0.0,0.0,0.0,196.0,20.0,4.0,0.0
9050,21.0,1.0,0.0,0.0,0.0,188.0,20.0,4.0,0.07407407407407407
9051,13.0,1.0,0.0,0.0,0.0,141.0,10.0,5.0,0.1111111111111111
9052,26.0,1.0,0.0,0.0,1.0,143.0,11.0,5.0,0.2777777777777778
9053,5.0,1.0,0.0,1.0,0.0,333.0,19.0,5.0,0.05555555555555555
9054,11.0,1.0,0.0,0.0,1.0,90.0,22.0,5.0,0.09259259259259259
9055,1.0,1.0,0.0,0.0,0.0,108.0,17.0,6.0,0.0
9056,5.0,1.0,0.0,0.0,1.0,837.0,19.0,6.0,0.05555555555555555
9057,4.0,1.0,0.0,0.0,0.0,1385.0,6.0,0.0,0.037037037037037035
9058,3.0,1.0,0.0,0.0,0.0,358.0,7.0,0.0,0.037037037037037035
9059,1.0,1.0,0.0,0.0,1.0,215.0,9.0,0.0,0.0
9060,20.0,1.0,0.0,0.0,0.0,129.0,11.0,0.0,0.24074074074074073
9061,1.0,1.0,0.0,0.0,0.0,129.0,12.0,0.0,0.0
9062,20.0,1.0,0.0,0.0,0.0,109.0,12.0,0.0,0.18518518518518517
9063,8.0,1.0,0.0,0.0,0.0,129.0,17.0,0.0,0.07407407407407407
9064,4.0,1.0,0.0,0.0,0.0,185.0,15.0,1.0,0.05555555555555555
9065,4.0,1.0,0.0,0.0,1.0,100.0,9.0,2.0,0.018518518518518517
9066,22.0,1.0,0.0,0.0,0.0,490.0,11.0,2.0,0.2222222222222222
9067,9.0,1.0,0.0,0.0,0.0,343.0,15.0,2.0,0.05555555555555555
9068,9.0,1.0,0.0,0.0,0.0,170.0,23.0,2.0,0.07407407407407407
9069,2.0,1.0,0.0,0.0,0.0,174.0,16.0,3.0,0.0
9070,43.0,1.0,0.0,0.0,0.0,124.0,16.0,3.0,0.18518518518518517
9071,17.0,1.0,0.0,0.0,0.0,110.0,12.0,4.0,0.09259259259259259
9072,89.0,1.0,0.0,0.0,1.0,92.0,15.0,4.0,0.4074074074074074
9073,1.0,1.0,0.0,0.0,1.0,214.0,8.0,0.0,0.0
9074,1.0,1.0,0.0,0.0,1.0,214.0,8.0,0.0,0.0
9075,1.0,1.0,0.0,0.0,0.0,186.0,10.0,0.0,0.0
9076,71.0,1.0,0.0,0.0,1.0,740.0,11.0,0.0,0.3888888888888889
9077,1.0,1.0,0.0,0.0,0.0,327.0,19.0,1.0,0.0
9078,57.0,1.0,0.0,0.0,0.0,107.0,20.0,1.0,0.35185185185185186
9079,25.0,1.0,0.0,0.0,1.0,140.0,5.0,3.0,0.25925925925925924
9080,1.0,1.0,0.0,0.0,0.0,961.0,22.0,3.0,0.0
9081,6.0,1.0,0.0,0.0,0.0,961.0,22.0,3.0,0.05555555555555555
9082,8.0,1.0,0.0,1.0,0.0,203.0,7.0,2.0,0.1111111111111111
9083,12.0,1.0,0.0,0.0,1.0,86.0,10.0,2.0,0.16666666666666666
9084,4.0,1.0,0.0,0.0,1.0,158.0,15.0,2.0,0.018518518518518517
9085,41.0,1.0,0.0,0.0,0.0,135.0,15.0,2.0,0.25925925925925924
9086,8.0,1.0,0.0,0.0,1.0,249.0,21.0,2.0,0.07407407407407407
9087,12.0,1.0,0.0,0.0,0.0,99.0,8.0,5.0,0.1111111111111111
9088,24.0,1.0,0.0,0.0,1.0,253.0,19.0,5.0,0.018518518518518517
9089,3.0,1.0,0.0,0.0,1.0,106.0,18.0,5.0,0.037037037037037035
9090,2.0,1.0,0.0,0.0,0.0,99.0,19.0,5.0,0.0
9091,3.0,1.0,0.0,0.0,0.0,116.0,19.0,5.0,0.0
9092,3.0,1.0,0.0,0.0,1.0,130.0,22.0,5.0,0.018518518518518517
9093,12.0,1.0,0.0,0.0,1.0,127.0,8.0,1.0,0.09259259259259259
9094,8.0,1.0,0.0,0.0,1.0,244.0,9.0,3.0,0.037037037037037035
9095,36.0,1.0,0.0,0.0,1.0,442.0,11.0,3.0,0.16666666666666666
9096,5.0,1.0,0.0,0.0,0.0,174.0,5.0,6.0,0.037037037037037035
9097,33.0,1.0,0.0,0.0,1.0,94.0,11.0,6.0,0.35185185185185186
9098,3.0,1.0,0.0,0.0,0.0,153.0,15.0,1.0,0.037037037037037035
9099,14.0,1.0,0.0,0.0,0.0,1152.0,22.0,1.0,0.018518518518518517
9100,2.0,1.0,0.0,0.0,0.0,128.0,7.0,4.0,0.0
9101,52.0,1.0,0.0,0.0,0.0,96.0,11.0,4.0,0.3148148148148148
9102,1.0,1.0,0.0,0.0,0.0,158.0,22.0,0.0,0.0
9103,1.0,1.0,0.0,0.0,0.0,353.0,22.0,0.0,0.0
9104,1.0,1.0,0.0,0.0,0.0,340.0,22.0,0.0,0.0
9105,11.0,1.0,0.0,0.0,0.0,340.0,22.0,0.0,0.09259259259259259
9106,2.0,1.0,0.0,0.0,0.0,331.0,21.0,2.0,0.018518518518518517
9107,5.0,1.0,0.0,0.0,0.0,212.0,10.0,5.0,0.018518518518518517
9108,1.0,1.0,0.0,0.0,0.0,99.0,13.0,5.0,0.0
9109,12.0,1.0,0.0,0.0,0.0,93.0,13.0,5.0,0.12962962962962962
9110,15.0,1.0,0.0,0.0,0.0,315.0,20.0,5.0,0.07407407407407407
9111,21.0,1.0,0.0,0.0,1.0,104.0,7.0,2.0,0.2037037037037037
9112,20.0,1.0,0.0,0.0,0.0,299.0,22.0,3.0,0.16666666666666666
9113,25.0,1.0,0.0,1.0,0.0,172.0,13.0,4.0,0.18518518518518517
9114,3.0,1.0,0.0,0.0,0.0,93.0,20.0,4.0,0.018518518518518517
9115,2.0,1.0,0.0,0.0,0.0,109.0,21.0,4.0,0.0
9116,1.0,1.0,0.0,0.0,0.0,98.0,8.0,5.0,0.0
9117,23.0,1.0,0.0,0.0,0.0,197.0,8.0,5.0,0.24074074074074073
9118,3.0,1.0,0.0,0.0,0.0,193.0,18.0,6.0,0.018518518518518517
9119,2.0,1.0,0.0,0.0,0.0,264.0,18.0,6.0,0.018518518518518517
9120,1.0,1.0,0.0,0.0,0.0,430.0,22.0,6.0,0.0
9121,2.0,1.0,0.0,0.0,0.0,117.0,9.0,0.0,0.018518518518518517
9122,18.0,1.0,0.0,0.0,0.0,140.0,11.0,0.0,0.16666666666666666
9123,1.0,1.0,0.0,0.0,0.0,98.0,15.0,1.0,0.0
9124,2.0,1.0,0.0,0.0,0.0,221.0,21.0,1.0,0.018518518518518517
9125,1.0,1.0,0.0,0.0,0.0,147.0,22.0,1.0,0.0
9126,6.0,1.0,0.0,0.0,0.0,120.0,22.0,1.0,0.0
9127,1.0,1.0,0.0,0.0,1.0,153.0,22.0,1.0,0.0
9128,7.0,1.0,0.0,0.0,0.0,357.0,22.0,1.0,0.09259259259259259
9129,32.0,1.0,0.0,0.0,1.0,118.0,9.0,2.0,0.14814814814814814
9130,1.0,1.0,0.0,0.0,0.0,131.0,17.0,3.0,0.0
9131,2.0,1.0,0.0,0.0,0.0,131.0,17.0,3.0,0.0
9132,3.0,1.0,0.0,0.0,1.0,140.0,17.0,3.0,0.018518518518518517
9133,13.0,1.0,0.0,0.0,0.0,186.0,19.0,3.0,0.14814814814814814
9134,3.0,1.0,0.0,0.0,0.0,240.0,8.0,5.0,0.0
9135,47.0,1.0,0.0,0.0,0.0,175.0,9.0,5.0,0.4074074074074074
9136,7.0,1.0,0.0,0.0,0.0,115.0,15.0,6.0,0.07407407407407407
9137,7.0,2.0,1.0,0.0,0.0,0.0,15.0,1.0,0.16666666666666666
9138,2.0,2.0,0.0,0.0,0.0,102.0,21.0,3.0,0.03333333333333333
9139,3.0,2.0,0.0,0.0,0.0,124.0,7.0,4.0,0.06666666666666667
9140,1.0,2.0,0.0,0.0,0.0,346.0,14.0,4.0,0.0
9141,2.0,2.0,0.0,0.0,0.0,132.0,12.0,5.0,0.0
9142,5.0,2.0,0.0,0.0,0.0,337.0,13.0,0.0,0.06666666666666667
9143,16.0,2.0,0.0,0.0,0.0,301.0,14.0,4.0,0.1
9144,11.0,2.0,0.0,0.0,1.0,199.0,22.0,0.0,0.26666666666666666
9145,3.0,2.0,0.0,0.0,0.0,117.0,19.0,2.0,0.03333333333333333
9146,1.0,2.0,0.0,0.0,0.0,271.0,15.0,5.0,0.0
9147,2.0,2.0,0.0,0.0,0.0,263.0,15.0,5.0,0.03333333333333333
9148,2.0,2.0,0.0,1.0,0.0,94.0,21.0,5.0,0.0
9149,13.0,2.0,0.0,1.0,0.0,94.0,21.0,5.0,0.16666666666666666
9150,1.0,2.0,0.0,0.0,0.0,408.0,19.0,1.0,0.0
9151,3.0,2.0,0.0,0.0,0.0,658.0,19.0,1.0,0.03333333333333333
9152,1.0,2.0,0.0,0.0,0.0,288.0,20.0,4.0,0.0
9153,9.0,2.0,0.0,0.0,0.0,288.0,20.0,4.0,0.13333333333333333
9154,1.0,2.0,0.0,0.0,0.0,355.0,19.0,4.0,0.0
9155,3.0,2.0,0.0,0.0,0.0,218.0,20.0,4.0,0.03333333333333333
9156,4.0,2.0,0.0,0.0,0.0,210.0,22.0,4.0,0.06666666666666667
9157,3.0,2.0,0.0,0.0,0.0,527.0,19.0,5.0,0.06666666666666667
9158,3.0,2.0,0.0,0.0,0.0,3179.0,20.0,6.0,0.03333333333333333
9159,1.0,2.0,0.0,0.0,0.0,822.0,8.0,0.0,0.0
9160,55.0,2.0,0.0,0.0,0.0,1758.0,8.0,0.0,0.5
9161,40.0,2.0,0.0,0.0,0.0,527.0,22.0,0.0,0.4666666666666667
9162,9.0,2.0,0.0,0.0,0.0,230.0,15.0,4.0,0.13333333333333333
9163,1.0,2.0,0.0,0.0,1.0,114.0,11.0,6.0,0.0
9164,7.0,2.0,0.0,0.0,0.0,469.0,15.0,6.0,0.13333333333333333
9165,2.0,2.0,0.0,0.0,0.0,794.0,18.0,2.0,0.03333333333333333
9166,5.0,2.0,0.0,0.0,0.0,759.0,19.0,3.0,0.1
9167,1.0,2.0,0.0,0.0,0.0,342.0,15.0,5.0,0.0
9168,3.0,2.0,0.0,0.0,0.0,341.0,19.0,5.0,0.06666666666666667
9169,5.0,2.0,0.0,0.0,0.0,367.0,11.0,6.0,0.06666666666666667
9170,8.0,3.0,0.0,0.0,1.0,17.0,4.0,3.0,0.1111111111111111
9171,35.0,3.0,0.0,0.0,0.0,99.0,19.0,5.0,0.3333333333333333
9172,8.0,3.0,0.0,0.0,1.0,91.0,10.0,5.0,0.1111111111111111
9173,5.0,3.0,0.0,0.0,0.0,257.0,20.0,2.0,0.2222222222222222
9174,4.0,3.0,0.0,0.0,0.0,98.0,13.0,5.0,0.1111111111111111
9175,8.0,3.0,0.0,0.0,0.0,165.0,13.0,5.0,0.1111111111111111
9176,19.0,3.0,0.0,0.0,1.0,90.0,13.0,5.0,0.2222222222222222
9177,33.0,3.0,0.0,0.0,1.0,108.0,15.0,5.0,0.4444444444444444
9178,66.0,3.0,0.0,0.0,0.0,119.0,21.0,2.0,0.5555555555555556
9179,50.0,3.0,0.0,0.0,0.0,92.0,11.0,4.0,0.4444444444444444
9180,21.0,3.0,0.0,0.0,0.0,162.0,23.0,3.0,0.2222222222222222
9181,9.0,3.0,0.0,0.0,0.0,194.0,14.0,6.0,0.0
9182,27.0,3.0,0.0,0.0,0.0,134.0,16.0,5.0,0.3333333333333333
9183,7.0,2.0,0.0,0.0,0.0,4.0,15.0,4.0,0.0
9184,4.0,2.0,0.0,0.0,0.0,106.0,15.0,4.0,0.024096385542168676
9185,12.0,2.0,0.0,0.0,0.0,175.0,15.0,4.0,0.04819277108433735
9186,12.0,2.0,0.0,0.0,1.0,278.0,18.0,4.0,0.07228915662650602
9187,1.0,2.0,0.0,0.0,0.0,132.0,21.0,4.0,0.0
9188,18.0,2.0,0.0,0.0,0.0,138.0,21.0,4.0,0.08433734939759036
9189,16.0,2.0,0.0,0.0,0.0,149.0,11.0,5.0,0.08433734939759036
9190,65.0,2.0,0.0,0.0,0.0,128.0,22.0,5.0,0.18072289156626506
9191,8.0,2.0,0.0,0.0,0.0,250.0,14.0,0.0,0.04819277108433735
9192,14.0,2.0,0.0,0.0,0.0,211.0,14.0,0.0,0.024096385542168676
9193,5.0,2.0,0.0,0.0,0.0,101.0,16.0,0.0,0.024096385542168676
9194,1.0,2.0,0.0,0.0,0.0,117.0,16.0,0.0,0.0
9195,2.0,2.0,0.0,0.0,0.0,111.0,16.0,0.0,0.0
9196,53.0,2.0,0.0,0.0,0.0,114.0,18.0,0.0,0.1927710843373494
9197,17.0,2.0,0.0,0.0,0.0,97.0,11.0,2.0,0.08433734939759036
9198,8.0,2.0,0.0,0.0,0.0,116.0,15.0,2.0,0.04819277108433735
9199,2.0,2.0,0.0,0.0,1.0,135.0,15.0,2.0,0.012048192771084338
9200,61.0,2.0,0.0,0.0,0.0,131.0,15.0,2.0,0.26506024096385544
9201,2.0,2.0,0.0,0.0,0.0,102.0,8.0,4.0,0.012048192771084338
9202,32.0,2.0,0.0,0.0,0.0,103.0,9.0,4.0,0.14457831325301204
9203,8.0,2.0,0.0,0.0,1.0,120.0,19.0,4.0,0.04819277108433735
9204,32.0,2.0,0.0,0.0,0.0,189.0,20.0,4.0,0.08433734939759036
9205,5.0,2.0,0.0,0.0,1.0,115.0,20.0,5.0,0.024096385542168676
9206,11.0,2.0,0.0,0.0,0.0,89.0,20.0,5.0,0.03614457831325301
9207,1.0,2.0,0.0,0.0,1.0,171.0,21.0,6.0,0.0
9208,12.0,2.0,0.0,0.0,0.0,127.0,22.0,6.0,0.024096385542168676
9209,2.0,2.0,0.0,0.0,1.0,149.0,14.0,0.0,0.012048192771084338
9210,20.0,2.0,0.0,0.0,0.0,89.0,14.0,0.0,0.07228915662650602
9211,2.0,2.0,0.0,0.0,1.0,119.0,19.0,0.0,0.012048192771084338
9212,6.0,2.0,0.0,0.0,1.0,161.0,19.0,0.0,0.03614457831325301
9213,2.0,2.0,0.0,0.0,0.0,107.0,19.0,0.0,0.012048192771084338
9214,21.0,2.0,0.0,0.0,0.0,87.0,19.0,0.0,0.060240963855421686
9215,21.0,2.0,0.0,0.0,0.0,89.0,20.0,0.0,0.07228915662650602
9216,5.0,2.0,0.0,1.0,0.0,152.0,20.0,0.0,0.024096385542168676
9217,13.0,2.0,0.0,0.0,1.0,137.0,20.0,0.0,0.060240963855421686
9218,4.0,2.0,0.0,0.0,0.0,147.0,21.0,0.0,0.024096385542168676
9219,1.0,2.0,0.0,0.0,0.0,121.0,22.0,0.0,0.0
9220,1.0,2.0,0.0,0.0,0.0,105.0,9.0,1.0,0.0
9221,1.0,2.0,0.0,0.0,1.0,143.0,10.0,1.0,0.0
9222,71.0,2.0,0.0,0.0,0.0,108.0,10.0,1.0,0.21686746987951808
9223,4.0,2.0,0.0,0.0,0.0,191.0,20.0,3.0,0.012048192771084338
9224,7.0,2.0,0.0,0.0,1.0,86.0,20.0,3.0,0.024096385542168676
9225,16.0,2.0,0.0,0.0,0.0,143.0,11.0,4.0,0.12048192771084337
9226,55.0,2.0,0.0,0.0,0.0,109.0,6.0,0.0,0.14457831325301204
9227,27.0,2.0,0.0,0.0,0.0,135.0,20.0,1.0,0.0963855421686747
9228,47.0,2.0,0.0,0.0,1.0,91.0,13.0,3.0,0.07228915662650602
9229,1.0,2.0,0.0,0.0,0.0,168.0,18.0,4.0,0.0
9230,6.0,2.0,0.0,0.0,0.0,96.0,18.0,4.0,0.03614457831325301
9231,1.0,2.0,0.0,0.0,0.0,168.0,20.0,4.0,0.0
9232,1.0,2.0,0.0,0.0,1.0,120.0,20.0,4.0,0.0
9233,5.0,2.0,0.0,0.0,1.0,141.0,20.0,4.0,0.024096385542168676
9234,60.0,2.0,0.0,0.0,0.0,168.0,20.0,4.0,0.1927710843373494
9235,1.0,2.0,0.0,0.0,0.0,97.0,12.0,0.0,0.0
9236,7.0,2.0,0.0,0.0,0.0,97.0,12.0,0.0,0.0
9237,2.0,2.0,0.0,0.0,0.0,97.0,12.0,0.0,0.012048192771084338
9238,9.0,2.0,0.0,0.0,0.0,109.0,13.0,0.0,0.024096385542168676
9239,4.0,2.0,0.0,0.0,0.0,207.0,14.0,0.0,0.024096385542168676
9240,50.0,2.0,0.0,0.0,0.0,105.0,15.0,0.0,0.10843373493975904
9241,18.0,2.0,0.0,0.0,0.0,99.0,10.0,3.0,0.04819277108433735
9242,5.0,2.0,0.0,0.0,0.0,144.0,14.0,3.0,0.012048192771084338
9243,1.0,2.0,0.0,0.0,1.0,92.0,14.0,3.0,0.0
9244,1.0,2.0,0.0,0.0,0.0,90.0,14.0,3.0,0.0
9245,6.0,2.0,0.0,0.0,0.0,126.0,14.0,3.0,0.012048192771084338
9246,18.0,2.0,0.0,0.0,0.0,170.0,14.0,3.0,0.04819277108433735
9247,4.0,2.0,0.0,0.0,0.0,367.0,12.0,6.0,0.0
9248,7.0,2.0,0.0,0.0,0.0,161.0,12.0,6.0,0.060240963855421686
9249,5.0,2.0,0.0,0.0,0.0,100.0,13.0,0.0,0.012048192771084338
9250,5.0,2.0,0.0,1.0,0.0,102.0,21.0,0.0,0.012048192771084338
9251,4.0,2.0,0.0,0.0,0.0,238.0,9.0,1.0,0.012048192771084338
9252,34.0,2.0,0.0,0.0,0.0,121.0,10.0,1.0,0.1566265060240964
9253,16.0,2.0,0.0,0.0,0.0,165.0,12.0,2.0,0.060240963855421686
9254,2.0,2.0,0.0,0.0,0.0,327.0,14.0,2.0,0.012048192771084338
9255,7.0,2.0,0.0,0.0,1.0,97.0,14.0,2.0,0.04819277108433735
9256,28.0,2.0,0.0,0.0,0.0,99.0,15.0,2.0,0.1927710843373494
9257,29.0,2.0,0.0,0.0,1.0,104.0,9.0,3.0,0.13253012048192772
9258,1.0,2.0,0.0,1.0,0.0,250.0,17.0,3.0,0.0
9259,66.0,2.0,0.0,1.0,0.0,250.0,17.0,3.0,0.1927710843373494
9260,57.0,2.0,0.0,0.0,0.0,163.0,13.0,1.0,0.14457831325301204
9261,1.0,2.0,0.0,0.0,1.0,189.0,17.0,6.0,0.0
9262,29.0,2.0,0.0,1.0,0.0,92.0,10.0,0.0,0.12048192771084337
9263,3.0,2.0,0.0,1.0,0.0,144.0,14.0,1.0,0.024096385542168676
9264,8.0,2.0,0.0,0.0,0.0,105.0,19.0,1.0,0.07228915662650602
9265,10.0,2.0,0.0,0.0,0.0,337.0,18.0,2.0,0.0963855421686747
9266,13.0,2.0,0.0,0.0,0.0,197.0,14.0,3.0,0.08433734939759036
9267,1.0,2.0,0.0,0.0,0.0,122.0,21.0,6.0,0.0
9268,17.0,2.0,0.0,0.0,0.0,122.0,21.0,6.0,0.04819277108433735
9269,2.0,2.0,0.0,0.0,0.0,1143.0,11.0,3.0,0.0
9270,16.0,2.0,0.0,0.0,1.0,98.0,11.0,3.0,0.060240963855421686
9271,12.0,2.0,0.0,0.0,1.0,331.0,12.0,3.0,0.060240963855421686
9272,17.0,2.0,0.0,0.0,1.0,298.0,8.0,4.0,0.04819277108433735
9273,8.0,2.0,0.0,0.0,0.0,224.0,11.0,0.0,0.03614457831325301
9274,4.0,2.0,0.0,0.0,0.0,121.0,19.0,0.0,0.024096385542168676
9275,14.0,2.0,0.0,0.0,1.0,88.0,19.0,0.0,0.0963855421686747
9276,1.0,2.0,0.0,0.0,1.0,159.0,19.0,3.0,0.0
9277,10.0,2.0,0.0,0.0,1.0,201.0,19.0,3.0,0.060240963855421686
9278,29.0,2.0,0.0,0.0,0.0,107.0,10.0,5.0,0.14457831325301204
9279,7.0,2.0,0.0,0.0,0.0,110.0,12.0,1.0,0.03614457831325301
9280,47.0,2.0,0.0,0.0,0.0,183.0,13.0,1.0,0.26506024096385544
9281,5.0,2.0,0.0,0.0,1.0,319.0,15.0,1.0,0.03614457831325301
9282,2.0,2.0,0.0,0.0,0.0,346.0,19.0,1.0,0.012048192771084338
9283,1.0,2.0,0.0,0.0,1.0,111.0,19.0,1.0,0.0
9284,4.0,2.0,0.0,0.0,0.0,142.0,19.0,1.0,0.03614457831325301
9285,37.0,2.0,0.0,0.0,1.0,357.0,20.0,1.0,0.1566265060240964
9286,9.0,2.0,0.0,0.0,1.0,100.0,12.0,2.0,0.060240963855421686
9287,2.0,2.0,0.0,0.0,0.0,264.0,9.0,4.0,0.012048192771084338
9288,31.0,2.0,0.0,0.0,1.0,85.0,9.0,4.0,0.12048192771084337
9289,2.0,2.0,0.0,0.0,0.0,95.0,9.0,5.0,0.012048192771084338
9290,3.0,2.0,0.0,0.0,0.0,105.0,11.0,0.0,0.024096385542168676
9291,2.0,2.0,0.0,0.0,0.0,226.0,17.0,0.0,0.012048192771084338
9292,35.0,2.0,0.0,0.0,0.0,149.0,17.0,0.0,0.0963855421686747
9293,1.0,2.0,0.0,0.0,0.0,106.0,17.0,3.0,0.0
9294,3.0,2.0,0.0,0.0,0.0,329.0,19.0,3.0,0.0
9295,3.0,2.0,0.0,0.0,0.0,112.0,19.0,3.0,0.012048192771084338
9296,7.0,2.0,0.0,0.0,0.0,158.0,19.0,3.0,0.012048192771084338
9297,17.0,2.0,0.0,0.0,0.0,112.0,20.0,3.0,0.060240963855421686
9298,39.0,2.0,0.0,0.0,1.0,130.0,21.0,3.0,0.1566265060240964
9299,5.0,2.0,0.0,0.0,0.0,382.0,11.0,0.0,0.012048192771084338
9300,14.0,2.0,0.0,0.0,0.0,302.0,12.0,0.0,0.10843373493975904
9301,6.0,2.0,0.0,0.0,0.0,111.0,20.0,1.0,0.03614457831325301
9302,5.0,2.0,0.0,0.0,0.0,111.0,12.0,2.0,0.03614457831325301
9303,1.0,2.0,0.0,0.0,0.0,555.0,10.0,5.0,0.0
9304,2.0,2.0,0.0,0.0,1.0,243.0,10.0,5.0,0.012048192771084338
9305,60.0,2.0,0.0,0.0,0.0,127.0,11.0,5.0,0.25301204819277107
9306,48.0,2.0,0.0,0.0,0.0,122.0,20.0,1.0,0.1686746987951807
9307,42.0,2.0,0.0,0.0,1.0,151.0,19.0,4.0,0.21686746987951808
9308,2.0,2.0,0.0,0.0,0.0,160.0,13.0,2.0,0.012048192771084338
9309,12.0,2.0,0.0,0.0,1.0,92.0,15.0,2.0,0.0963855421686747
9310,1.0,2.0,0.0,0.0,1.0,135.0,21.0,2.0,0.0
9311,2.0,2.0,0.0,0.0,0.0,161.0,21.0,2.0,0.012048192771084338
9312,1.0,2.0,0.0,0.0,1.0,338.0,21.0,2.0,0.0
9313,1.0,2.0,0.0,0.0,0.0,454.0,22.0,2.0,0.0
9314,2.0,2.0,0.0,0.0,0.0,166.0,22.0,2.0,0.0
9315,18.0,2.0,0.0,0.0,0.0,253.0,22.0,2.0,0.08433734939759036
9316,13.0,2.0,0.0,0.0,0.0,218.0,19.0,0.0,0.0963855421686747
9317,10.0,2.0,0.0,0.0,0.0,137.0,18.0,2.0,0.060240963855421686
9318,1.0,2.0,0.0,0.0,0.0,139.0,21.0,2.0,0.0
9319,25.0,2.0,0.0,0.0,0.0,88.0,21.0,2.0,0.10843373493975904
9320,5.0,2.0,0.0,0.0,0.0,337.0,13.0,0.0,0.012048192771084338
9321,6.0,2.0,0.0,0.0,0.0,119.0,16.0,0.0,0.03614457831325301
9322,3.0,2.0,0.0,1.0,0.0,147.0,20.0,1.0,0.012048192771084338
9323,2.0,2.0,0.0,0.0,0.0,147.0,20.0,1.0,0.012048192771084338
9324,5.0,2.0,0.0,0.0,0.0,128.0,22.0,1.0,0.024096385542168676
9325,2.0,2.0,0.0,0.0,0.0,90.0,12.0,2.0,0.012048192771084338
9326,2.0,2.0,0.0,0.0,0.0,90.0,17.0,2.0,0.012048192771084338
9327,23.0,2.0,0.0,0.0,0.0,90.0,17.0,2.0,0.14457831325301204
9328,1.0,2.0,0.0,0.0,1.0,389.0,21.0,6.0,0.0
9329,2.0,2.0,0.0,0.0,0.0,233.0,21.0,6.0,0.012048192771084338
9330,11.0,2.0,0.0,0.0,0.0,97.0,21.0,6.0,0.03614457831325301
9331,1.0,2.0,0.0,0.0,0.0,110.0,10.0,0.0,0.0
9332,5.0,2.0,0.0,0.0,0.0,235.0,10.0,0.0,0.024096385542168676
9333,20.0,2.0,0.0,0.0,0.0,168.0,12.0,0.0,0.10843373493975904
9334,1.0,2.0,0.0,0.0,1.0,239.0,18.0,3.0,0.0
9335,3.0,2.0,0.0,0.0,0.0,146.0,18.0,3.0,0.024096385542168676
9336,13.0,2.0,0.0,1.0,0.0,94.0,21.0,3.0,0.07228915662650602
9337,11.0,2.0,0.0,0.0,0.0,185.0,9.0,4.0,0.0963855421686747
9338,3.0,2.0,0.0,0.0,1.0,241.0,21.0,4.0,0.024096385542168676
9339,3.0,2.0,0.0,0.0,0.0,98.0,8.0,5.0,0.024096385542168676
9340,44.0,2.0,0.0,0.0,1.0,175.0,15.0,5.0,0.20481927710843373
9341,3.0,2.0,0.0,0.0,1.0,77.0,18.0,3.0,0.024096385542168676
9342,6.0,2.0,0.0,0.0,0.0,193.0,16.0,4.0,0.024096385542168676
9343,6.0,2.0,0.0,0.0,1.0,109.0,19.0,0.0,0.03614457831325301
9344,7.0,2.0,0.0,0.0,1.0,208.0,22.0,1.0,0.04819277108433735
9345,12.0,3.0,0.0,0.0,1.0,17.0,4.0,3.0,0.1
9346,76.0,3.0,0.0,0.0,1.0,99.0,17.0,3.0,0.2
9347,11.0,3.0,0.0,0.0,0.0,105.0,15.0,5.0,0.1
9348,6.0,3.0,0.0,0.0,1.0,89.0,20.0,2.0,0.1
9349,28.0,3.0,0.0,0.0,0.0,101.0,20.0,2.0,0.2
9350,26.0,3.0,0.0,0.0,0.0,264.0,18.0,2.0,0.2
9351,26.0,3.0,0.0,0.0,0.0,176.0,21.0,2.0,0.2
9352,1.0,3.0,0.0,0.0,0.0,156.0,21.0,2.0,0.0
9353,2.0,3.0,0.0,0.0,1.0,89.0,21.0,2.0,0.0
9354,6.0,3.0,0.0,0.0,0.0,202.0,21.0,2.0,0.1
9355,85.0,3.0,0.0,0.0,0.0,139.0,21.0,2.0,0.3
9356,1.0,3.0,0.0,0.0,0.0,209.0,11.0,3.0,0.0
9357,31.0,3.0,0.0,0.0,0.0,88.0,11.0,3.0,0.4
9358,30.0,3.0,0.0,0.0,1.0,92.0,15.0,4.0,0.4
9359,4.0,3.0,0.0,0.0,0.0,150.0,22.0,2.0,0.1
9360,46.0,3.0,0.0,0.0,0.0,94.0,22.0,2.0,0.4
9361,1.0,3.0,0.0,0.0,1.0,318.0,23.0,4.0,0.0
9362,12.0,3.0,0.0,0.0,1.0,230.0,23.0,4.0,0.3
9363,15.0,3.0,0.0,0.0,0.0,114.0,20.0,3.0,0.3
9364,5.0,3.0,0.0,0.0,0.0,88.0,13.0,2.0,0.2
9365,59.0,3.0,0.0,0.0,0.0,118.0,14.0,2.0,0.6
9366,2.0,3.0,0.0,0.0,0.0,301.0,19.0,3.0,0.0
9367,4.0,3.0,0.0,0.0,0.0,93.0,19.0,3.0,0.2
9368,6.0,3.0,0.0,0.0,0.0,98.0,19.0,3.0,0.2
9369,25.0,3.0,0.0,0.0,0.0,108.0,20.0,3.0,0.3
9370,21.0,3.0,0.0,0.0,0.0,134.0,16.0,5.0,0.4
9371,45.0,3.0,0.0,0.0,0.0,193.0,0.0,3.0,0.6
9372,44.0,3.0,0.0,0.0,0.0,129.0,18.0,2.0,0.4
9373,1.0,2.0,0.0,0.0,0.0,95.0,17.0,1.0,0.0
9374,43.0,2.0,0.0,0.0,0.0,123.0,17.0,1.0,0.19607843137254902
9375,86.0,2.0,0.0,0.0,0.0,109.0,21.0,2.0,0.3137254901960784
9376,5.0,2.0,0.0,0.0,0.0,199.0,10.0,4.0,0.0784313725490196
9377,6.0,2.0,0.0,0.0,0.0,221.0,12.0,4.0,0.0784313725490196
9378,6.0,2.0,0.0,0.0,1.0,183.0,15.0,4.0,0.0392156862745098
9379,4.0,2.0,0.0,0.0,0.0,99.0,17.0,0.0,0.0196078431372549
9380,1.0,2.0,0.0,0.0,1.0,125.0,17.0,0.0,0.0
9381,11.0,2.0,0.0,0.0,0.0,97.0,17.0,0.0,0.0784313725490196
9382,4.0,2.0,0.0,0.0,0.0,108.0,10.0,5.0,0.058823529411764705
9383,6.0,2.0,0.0,0.0,1.0,143.0,12.0,5.0,0.058823529411764705
9384,2.0,2.0,0.0,0.0,0.0,189.0,12.0,1.0,0.0
9385,2.0,2.0,0.0,0.0,1.0,458.0,12.0,1.0,0.0
9386,2.0,2.0,0.0,0.0,0.0,172.0,12.0,1.0,0.0196078431372549
9387,6.0,2.0,0.0,0.0,0.0,225.0,15.0,3.0,0.058823529411764705
9388,1.0,2.0,0.0,0.0,0.0,125.0,10.0,5.0,0.0
9389,2.0,2.0,0.0,0.0,0.0,133.0,14.0,6.0,0.0
9390,1.0,2.0,0.0,0.0,0.0,168.0,22.0,6.0,0.0
9391,8.0,2.0,0.0,0.0,1.0,130.0,9.0,1.0,0.0784313725490196
9392,1.0,2.0,0.0,1.0,0.0,241.0,11.0,0.0,0.0
9393,23.0,2.0,0.0,0.0,0.0,219.0,22.0,1.0,0.0392156862745098
9394,3.0,2.0,0.0,1.0,0.0,118.0,6.0,3.0,0.0196078431372549
9395,24.0,2.0,0.0,0.0,0.0,133.0,9.0,3.0,0.0392156862745098
9396,3.0,2.0,0.0,0.0,0.0,186.0,10.0,5.0,0.0
9397,12.0,2.0,0.0,0.0,0.0,98.0,7.0,6.0,0.0196078431372549
9398,11.0,2.0,0.0,0.0,0.0,169.0,11.0,6.0,0.0784313725490196
9399,3.0,2.0,0.0,0.0,1.0,147.0,22.0,2.0,0.0196078431372549
9400,7.0,2.0,0.0,0.0,0.0,97.0,22.0,2.0,0.058823529411764705
9401,2.0,2.0,0.0,1.0,0.0,159.0,12.0,5.0,0.0
9402,2.0,2.0,0.0,1.0,0.0,218.0,16.0,5.0,0.0196078431372549
9403,3.0,2.0,0.0,0.0,0.0,152.0,16.0,5.0,0.0196078431372549
9404,2.0,2.0,0.0,1.0,0.0,179.0,21.0,1.0,0.0196078431372549
9405,13.0,2.0,0.0,0.0,0.0,297.0,9.0,4.0,0.0392156862745098
9406,2.0,2.0,0.0,0.0,0.0,198.0,16.0,2.0,0.0
9407,46.0,2.0,0.0,0.0,0.0,428.0,6.0,4.0,0.11764705882352941
9408,16.0,2.0,0.0,0.0,0.0,214.0,20.0,2.0,0.058823529411764705
9409,17.0,2.0,0.0,0.0,0.0,177.0,20.0,5.0,0.058823529411764705
9410,3.0,2.0,0.0,0.0,0.0,88.0,10.0,5.0,0.0196078431372549
9411,18.0,2.0,0.0,0.0,1.0,106.0,5.0,3.0,0.0784313725490196
9412,68.0,2.0,0.0,0.0,1.0,106.0,6.0,6.0,0.0392156862745098
9413,93.0,2.0,0.0,0.0,0.0,155.0,6.0,5.0,0.0784313725490196
9414,1.0,2.0,0.0,0.0,0.0,286.0,6.0,3.0,0.0
9415,1.0,2.0,0.0,0.0,0.0,122.0,6.0,3.0,0.0
9416,9.0,2.0,0.0,0.0,1.0,162.0,6.0,3.0,0.0196078431372549
9417,45.0,2.0,0.0,0.0,0.0,175.0,5.0,4.0,0.0392156862745098
9418,1.0,2.0,0.0,0.0,0.0,145.0,10.0,4.0,0.0
9419,38.0,2.0,0.0,0.0,0.0,130.0,10.0,4.0,0.0392156862745098
9420,4.0,2.0,0.0,0.0,0.0,122.0,7.0,3.0,0.0392156862745098
9421,34.0,2.0,0.0,1.0,0.0,119.0,21.0,3.0,0.0392156862745098
9422,3.0,2.0,0.0,0.0,0.0,96.0,14.0,4.0,0.0
9423,3.0,2.0,0.0,0.0,0.0,96.0,15.0,4.0,0.0392156862745098
9424,6.0,2.0,0.0,0.0,1.0,112.0,20.0,4.0,0.0196078431372549
9425,26.0,2.0,0.0,0.0,1.0,291.0,5.0,5.0,0.0392156862745098
9426,54.0,2.0,0.0,0.0,0.0,352.0,5.0,0.0,0.0392156862745098
9427,84.0,2.0,0.0,0.0,0.0,527.0,5.0,3.0,0.11764705882352941
9428,11.0,2.0,0.0,0.0,0.0,174.0,6.0,4.0,0.0
9429,7.0,2.0,0.0,0.0,1.0,105.0,21.0,5.0,0.0
9430,33.0,2.0,0.0,0.0,1.0,470.0,6.0,6.0,0.0196078431372549
9431,1.0,2.0,0.0,0.0,0.0,526.0,19.0,0.0,0.0
9432,15.0,2.0,0.0,0.0,0.0,151.0,19.0,0.0,0.0392156862745098
9433,19.0,2.0,0.0,0.0,1.0,339.0,21.0,1.0,0.09803921568627451
9434,18.0,2.0,0.0,0.0,0.0,88.0,8.0,5.0,0.0196078431372549
9435,30.0,2.0,0.0,0.0,1.0,233.0,5.0,1.0,0.0
9436,7.0,2.0,0.0,0.0,0.0,99.0,18.0,3.0,0.0392156862745098
9437,8.0,2.0,0.0,0.0,0.0,112.0,22.0,3.0,0.0392156862745098
9438,1.0,2.0,0.0,0.0,0.0,137.0,5.0,1.0,0.0
9439,17.0,2.0,0.0,0.0,1.0,322.0,5.0,1.0,0.0
9440,2.0,2.0,0.0,0.0,0.0,105.0,5.0,1.0,0.0
9441,3.0,2.0,0.0,0.0,1.0,186.0,21.0,1.0,0.0
9442,1.0,2.0,0.0,1.0,0.0,152.0,22.0,1.0,0.0
9443,7.0,2.0,0.0,1.0,0.0,152.0,22.0,1.0,0.0196078431372549
9444,6.0,2.0,0.0,0.0,0.0,174.0,20.0,4.0,0.0
9445,1.0,2.0,0.0,0.0,0.0,275.0,12.0,0.0,0.0
9446,4.0,2.0,0.0,0.0,1.0,217.0,12.0,0.0,0.0196078431372549
9447,40.0,2.0,0.0,0.0,1.0,233.0,5.0,2.0,0.0196078431372549
9448,18.0,2.0,0.0,0.0,0.0,112.0,18.0,0.0,0.0196078431372549
9449,23.0,2.0,0.0,0.0,0.0,201.0,5.0,1.0,0.0392156862745098
9450,18.0,2.0,0.0,0.0,0.0,145.0,20.0,1.0,0.0784313725490196
9451,5.0,2.0,0.0,0.0,0.0,93.0,5.0,3.0,0.0
9452,15.0,2.0,0.0,0.0,1.0,97.0,5.0,4.0,0.0196078431372549
9453,53.0,2.0,0.0,0.0,0.0,236.0,6.0,6.0,0.0196078431372549
9454,6.0,2.0,0.0,0.0,1.0,131.0,21.0,1.0,0.0196078431372549
9455,1.0,2.0,0.0,0.0,0.0,157.0,21.0,2.0,0.0
9456,53.0,2.0,0.0,0.0,1.0,103.0,21.0,2.0,0.0392156862745098
9457,2.0,2.0,0.0,0.0,1.0,357.0,6.0,6.0,0.0
9458,21.0,2.0,0.0,0.0,1.0,159.0,6.0,6.0,0.0196078431372549
9459,4.0,2.0,0.0,0.0,0.0,1056.0,22.0,1.0,0.0
9460,1.0,2.0,0.0,0.0,0.0,179.0,6.0,2.0,0.0
9461,22.0,2.0,0.0,0.0,0.0,252.0,7.0,3.0,0.11764705882352941
9462,95.0,2.0,0.0,0.0,0.0,231.0,10.0,3.0,0.0196078431372549
9463,11.0,2.0,0.0,0.0,0.0,161.0,5.0,6.0,0.0
9464,2.0,2.0,0.0,0.0,0.0,218.0,22.0,6.0,0.0
9465,85.0,2.0,0.0,0.0,0.0,182.0,22.0,6.0,0.09803921568627451
9466,25.0,2.0,0.0,0.0,0.0,266.0,21.0,5.0,0.058823529411764705
9467,131.0,2.0,0.0,0.0,1.0,195.0,18.0,6.0,0.09803921568627451
9468,2.0,2.0,0.0,0.0,1.0,104.0,6.0,6.0,0.0
9469,82.0,2.0,0.0,0.0,0.0,159.0,6.0,6.0,0.0392156862745098
9470,13.0,2.0,0.0,0.0,0.0,97.0,20.0,5.0,0.0196078431372549
9471,97.0,2.0,0.0,0.0,0.0,238.0,6.0,6.0,0.17647058823529413
9472,1.0,2.0,0.0,0.0,1.0,127.0,5.0,3.0,0.0
9473,4.0,2.0,0.0,0.0,0.0,101.0,5.0,3.0,0.0
9474,16.0,2.0,0.0,0.0,1.0,220.0,6.0,3.0,0.0784313725490196
9475,8.0,2.0,0.0,0.0,0.0,102.0,22.0,3.0,0.0196078431372549
9476,1.0,2.0,0.0,0.0,1.0,100.0,6.0,6.0,0.0
9477,9.0,2.0,0.0,0.0,1.0,131.0,6.0,6.0,0.0
9478,22.0,2.0,0.0,0.0,0.0,159.0,6.0,1.0,0.0196078431372549
9479,27.0,2.0,0.0,0.0,0.0,133.0,23.0,1.0,0.0392156862745098
9480,10.0,2.0,0.0,0.0,1.0,160.0,16.0,6.0,0.0196078431372549
9481,16.0,2.0,0.0,0.0,0.0,162.0,21.0,6.0,0.058823529411764705
9482,34.0,2.0,0.0,0.0,1.0,108.0,8.0,2.0,0.0392156862745098
9483,39.0,2.0,0.0,0.0,0.0,277.0,23.0,2.0,0.0392156862745098
9484,6.0,2.0,0.0,0.0,1.0,95.0,22.0,5.0,0.0
9485,6.0,2.0,0.0,0.0,0.0,290.0,22.0,5.0,0.0392156862745098
9486,14.0,2.0,0.0,0.0,1.0,278.0,9.0,0.0,0.0
9487,2.0,2.0,0.0,0.0,1.0,243.0,17.0,0.0,0.0196078431372549
9488,31.0,2.0,0.0,0.0,0.0,320.0,22.0,0.0,0.0196078431372549
9489,45.0,2.0,0.0,0.0,0.0,416.0,23.0,3.0,0.0392156862745098
9490,18.0,2.0,0.0,0.0,0.0,283.0,14.0,5.0,0.0784313725490196
9491,74.0,2.0,0.0,0.0,1.0,217.0,17.0,6.0,0.13725490196078433
9492,1.0,2.0,0.0,0.0,0.0,92.0,19.0,2.0,0.0
9493,4.0,2.0,0.0,0.0,0.0,106.0,20.0,2.0,0.0196078431372549
9494,15.0,2.0,0.0,0.0,0.0,92.0,23.0,2.0,0.0392156862745098
9495,35.0,2.0,0.0,0.0,0.0,142.0,13.0,3.0,0.0392156862745098
9496,10.0,2.0,0.0,0.0,0.0,270.0,18.0,4.0,0.0
9497,6.0,2.0,0.0,0.0,0.0,109.0,7.0,6.0,0.0
9498,32.0,2.0,0.0,0.0,0.0,132.0,5.0,0.0,0.0392156862745098
9499,12.0,2.0,0.0,0.0,0.0,298.0,17.0,1.0,0.0196078431372549
9500,1.0,2.0,0.0,0.0,1.0,94.0,23.0,2.0,0.0
9501,1.0,2.0,0.0,0.0,1.0,104.0,23.0,2.0,0.0
9502,7.0,2.0,0.0,0.0,1.0,98.0,23.0,2.0,0.0
9503,2.0,2.0,0.0,0.0,0.0,140.0,6.0,3.0,0.0
9504,39.0,2.0,0.0,0.0,0.0,161.0,6.0,3.0,0.11764705882352941
9505,4.0,2.0,0.0,0.0,0.0,301.0,21.0,6.0,0.0196078431372549
9506,20.0,2.0,0.0,0.0,0.0,96.0,23.0,6.0,0.0196078431372549
9507,1.0,2.0,0.0,0.0,0.0,371.0,22.0,0.0,0.0
9508,30.0,2.0,0.0,0.0,0.0,205.0,6.0,1.0,0.0
9509,8.0,2.0,0.0,0.0,0.0,184.0,18.0,1.0,0.0196078431372549
9510,11.0,2.0,0.0,0.0,0.0,130.0,19.0,1.0,0.0196078431372549
9511,3.0,2.0,0.0,0.0,0.0,129.0,21.0,1.0,0.0
9512,15.0,2.0,0.0,0.0,0.0,537.0,21.0,1.0,0.0
9513,2.0,2.0,0.0,0.0,0.0,304.0,21.0,1.0,0.0
9514,23.0,2.0,0.0,0.0,0.0,129.0,21.0,1.0,0.0392156862745098
9515,2.0,2.0,0.0,1.0,0.0,100.0,8.0,2.0,0.0
9516,41.0,2.0,0.0,1.0,0.0,94.0,8.0,2.0,0.0196078431372549
9517,26.0,2.0,0.0,0.0,0.0,646.0,18.0,2.0,0.058823529411764705
9518,1.0,2.0,0.0,0.0,0.0,260.0,20.0,1.0,0.0
9519,5.0,2.0,0.0,0.0,0.0,92.0,20.0,1.0,0.0196078431372549
9520,5.0,2.0,0.0,0.0,1.0,217.0,5.0,4.0,0.0196078431372549
9521,22.0,2.0,0.0,0.0,0.0,127.0,8.0,4.0,0.0196078431372549
9522,30.0,2.0,0.0,0.0,0.0,271.0,8.0,4.0,0.0196078431372549
9523,2.0,2.0,0.0,0.0,0.0,195.0,20.0,0.0,0.0
9524,1.0,2.0,0.0,0.0,0.0,129.0,20.0,0.0,0.0
9525,42.0,2.0,0.0,0.0,0.0,176.0,20.0,0.0,0.0392156862745098
9526,7.0,2.0,0.0,0.0,0.0,135.0,10.0,5.0,0.0392156862745098
9527,31.0,2.0,0.0,0.0,1.0,90.0,17.0,5.0,0.0392156862745098
9528,4.0,2.0,0.0,0.0,0.0,371.0,6.0,0.0,0.0196078431372549
9529,27.0,2.0,0.0,0.0,1.0,109.0,8.0,0.0,0.0
9530,1.0,2.0,0.0,0.0,0.0,406.0,20.0,0.0,0.0
9531,3.0,2.0,0.0,0.0,1.0,109.0,20.0,0.0,0.0
9532,4.0,2.0,0.0,0.0,0.0,113.0,8.0,3.0,0.0
9533,5.0,2.0,0.0,0.0,0.0,248.0,8.0,3.0,0.0
9534,9.0,2.0,0.0,0.0,0.0,352.0,8.0,3.0,0.0
9535,10.0,2.0,0.0,0.0,1.0,139.0,8.0,3.0,0.0
9536,25.0,2.0,0.0,0.0,0.0,234.0,22.0,3.0,0.0784313725490196
9537,30.0,2.0,0.0,0.0,0.0,108.0,18.0,4.0,0.058823529411764705
9538,8.0,2.0,0.0,0.0,0.0,120.0,18.0,1.0,0.0
9539,10.0,2.0,0.0,0.0,1.0,128.0,18.0,2.0,0.0392156862745098
9540,28.0,2.0,0.0,0.0,0.0,179.0,6.0,4.0,0.0196078431372549
9541,1.0,2.0,0.0,0.0,0.0,128.0,9.0,4.0,0.0
9542,1.0,2.0,0.0,0.0,1.0,160.0,9.0,4.0,0.0
9543,36.0,2.0,0.0,0.0,0.0,175.0,9.0,4.0,0.0196078431372549
9544,4.0,2.0,0.0,0.0,1.0,89.0,6.0,5.0,0.0196078431372549
9545,1.0,2.0,0.0,0.0,1.0,171.0,22.0,5.0,0.0
9546,1.0,2.0,0.0,0.0,1.0,157.0,22.0,5.0,0.0
9547,2.0,2.0,0.0,0.0,1.0,145.0,22.0,5.0,0.0
9548,11.0,2.0,0.0,0.0,1.0,112.0,22.0,5.0,0.0
9549,13.0,2.0,0.0,0.0,0.0,338.0,7.0,6.0,0.0784313725490196
9550,4.0,2.0,0.0,0.0,0.0,141.0,21.0,0.0,0.0392156862745098
9551,13.0,2.0,0.0,0.0,0.0,133.0,8.0,1.0,0.0784313725490196
9552,1.0,2.0,0.0,0.0,0.0,339.0,17.0,2.0,0.0
9553,33.0,2.0,0.0,0.0,1.0,217.0,22.0,2.0,0.0784313725490196
9554,1.0,2.0,0.0,0.0,0.0,179.0,5.0,5.0,0.0
9555,3.0,2.0,0.0,0.0,0.0,243.0,5.0,5.0,0.0196078431372549
9556,7.0,2.0,0.0,0.0,0.0,106.0,6.0,5.0,0.0196078431372549
9557,33.0,2.0,0.0,0.0,0.0,301.0,14.0,5.0,0.0392156862745098
9558,86.0,2.0,0.0,0.0,1.0,204.0,20.0,0.0,0.17647058823529413
9559,12.0,2.0,0.0,0.0,0.0,105.0,8.0,5.0,0.0392156862745098
9560,2.0,2.0,0.0,0.0,0.0,143.0,20.0,1.0,0.0
9561,16.0,2.0,0.0,0.0,1.0,113.0,22.0,1.0,0.0392156862745098
9562,9.0,2.0,0.0,0.0,0.0,120.0,6.0,6.0,0.0
9563,3.0,2.0,0.0,0.0,1.0,127.0,8.0,6.0,0.0
9564,1.0,2.0,0.0,0.0,0.0,132.0,9.0,6.0,0.0
9565,8.0,2.0,0.0,0.0,1.0,113.0,9.0,6.0,0.0
9566,30.0,2.0,0.0,0.0,0.0,96.0,5.0,1.0,0.0196078431372549
9567,8.0,2.0,0.0,0.0,0.0,179.0,5.0,0.0,0.0196078431372549
9568,2.0,2.0,0.0,0.0,1.0,227.0,5.0,5.0,0.0
9569,48.0,2.0,0.0,0.0,1.0,227.0,7.0,5.0,0.0196078431372549
9570,4.0,2.0,0.0,0.0,1.0,157.0,23.0,5.0,0.0
9571,2.0,2.0,0.0,0.0,0.0,129.0,8.0,0.0,0.0
9572,10.0,2.0,0.0,0.0,0.0,151.0,8.0,0.0,0.0
9573,5.0,2.0,0.0,0.0,0.0,151.0,9.0,1.0,0.0
9574,72.0,2.0,0.0,0.0,0.0,123.0,9.0,1.0,0.0392156862745098
9575,26.0,2.0,0.0,0.0,0.0,201.0,6.0,4.0,0.0784313725490196
9576,1.0,2.0,0.0,0.0,1.0,195.0,23.0,5.0,0.0
9577,19.0,2.0,0.0,0.0,1.0,193.0,23.0,5.0,0.0196078431372549
9578,25.0,2.0,0.0,0.0,0.0,160.0,9.0,6.0,0.0196078431372549
9579,2.0,2.0,0.0,0.0,0.0,151.0,5.0,1.0,0.0
9580,1.0,2.0,0.0,1.0,1.0,443.0,17.0,1.0,0.0
9581,33.0,2.0,0.0,1.0,0.0,145.0,17.0,1.0,0.058823529411764705
9582,1.0,2.0,0.0,1.0,0.0,397.0,18.0,2.0,0.0
9583,6.0,2.0,0.0,1.0,0.0,145.0,18.0,2.0,0.0392156862745098
9584,2.0,2.0,0.0,0.0,0.0,88.0,8.0,3.0,0.0
9585,46.0,2.0,0.0,0.0,1.0,182.0,17.0,3.0,0.058823529411764705
9586,10.0,2.0,0.0,0.0,1.0,136.0,7.0,5.0,0.0196078431372549
9587,1.0,2.0,0.0,0.0,0.0,529.0,5.0,6.0,0.0
9588,18.0,2.0,0.0,0.0,1.0,110.0,5.0,6.0,0.0196078431372549
9589,25.0,2.0,0.0,0.0,0.0,166.0,11.0,0.0,0.0392156862745098
9590,8.0,2.0,0.0,0.0,0.0,358.0,15.0,3.0,0.0196078431372549
9591,1.0,2.0,0.0,0.0,0.0,1122.0,4.0,4.0,0.0
9592,5.0,2.0,0.0,0.0,0.0,120.0,4.0,4.0,0.0
9593,7.0,2.0,0.0,0.0,0.0,2968.0,5.0,4.0,0.0392156862745098
9594,1.0,2.0,0.0,0.0,0.0,96.0,18.0,4.0,0.0
9595,14.0,2.0,0.0,0.0,1.0,192.0,18.0,4.0,0.0
9596,60.0,2.0,0.0,0.0,0.0,742.0,23.0,4.0,0.0196078431372549
9597,7.0,2.0,0.0,0.0,1.0,234.0,18.0,3.0,0.0196078431372549
9598,54.0,2.0,0.0,0.0,0.0,146.0,17.0,6.0,0.09803921568627451
9599,7.0,2.0,0.0,0.0,1.0,107.0,7.0,0.0,0.0196078431372549
9600,65.0,2.0,0.0,0.0,0.0,297.0,9.0,2.0,0.0196078431372549
9601,2.0,2.0,0.0,0.0,1.0,154.0,17.0,2.0,0.0
9602,30.0,2.0,0.0,0.0,0.0,164.0,20.0,2.0,0.0392156862745098
9603,6.0,2.0,0.0,0.0,0.0,226.0,20.0,1.0,0.0
9604,15.0,2.0,0.0,0.0,0.0,226.0,20.0,1.0,0.0196078431372549
9605,6.0,2.0,0.0,0.0,0.0,2968.0,6.0,1.0,0.0196078431372549
9606,1.0,2.0,0.0,0.0,0.0,224.0,14.0,1.0,0.0
9607,25.0,2.0,0.0,0.0,0.0,242.0,21.0,1.0,0.0784313725490196
9608,40.0,2.0,0.0,0.0,0.0,105.0,9.0,5.0,0.0196078431372549
9609,64.0,2.0,0.0,0.0,0.0,141.0,6.0,2.0,0.09803921568627451
9610,3.0,2.0,0.0,0.0,0.0,102.0,10.0,6.0,0.0
9611,9.0,2.0,0.0,0.0,0.0,102.0,18.0,6.0,0.0784313725490196
9612,7.0,2.0,0.0,0.0,0.0,166.0,13.0,3.0,0.058823529411764705
9613,7.0,2.0,0.0,0.0,1.0,117.0,22.0,6.0,0.0784313725490196
9614,46.0,2.0,0.0,0.0,1.0,168.0,5.0,5.0,0.0784313725490196
9615,13.0,2.0,0.0,0.0,1.0,168.0,5.0,3.0,0.11764705882352941
9616,5.0,2.0,0.0,0.0,0.0,98.0,10.0,2.0,0.0392156862745098
9617,2.0,2.0,0.0,0.0,0.0,337.0,13.0,0.0,0.0196078431372549
9618,6.0,2.0,0.0,0.0,0.0,113.0,5.0,2.0,0.0
9619,14.0,2.0,0.0,0.0,0.0,175.0,15.0,1.0,0.0392156862745098
9620,7.0,2.0,0.0,1.0,0.0,108.0,5.0,0.0,0.0784313725490196
9621,15.0,2.0,0.0,0.0,0.0,181.0,6.0,2.0,0.13725490196078433
9622,5.0,2.0,0.0,1.0,0.0,94.0,21.0,5.0,0.0392156862745098
9623,18.0,2.0,0.0,0.0,0.0,104.0,19.0,0.0,0.058823529411764705
9624,1.0,2.0,0.0,0.0,0.0,128.0,17.0,6.0,0.0
9625,24.0,2.0,0.0,0.0,0.0,110.0,17.0,6.0,0.0196078431372549
9626,27.0,2.0,0.0,1.0,0.0,112.0,15.0,4.0,0.0784313725490196
9627,7.0,2.0,0.0,0.0,0.0,98.0,22.0,3.0,0.058823529411764705
9628,50.0,2.0,0.0,0.0,0.0,96.0,7.0,0.0,0.17647058823529413
9629,26.0,2.0,0.0,0.0,0.0,412.0,9.0,3.0,0.11764705882352941
9630,13.0,2.0,0.0,0.0,0.0,230.0,19.0,5.0,0.058823529411764705
9631,8.0,2.0,0.0,0.0,0.0,264.0,13.0,6.0,0.0784313725490196
9632,28.0,1.0,0.0,0.0,1.0,18.0,20.0,4.0,0.7333333333333333
9633,4.0,1.0,0.0,0.0,0.0,152.0,7.0,2.0,0.13333333333333333
9634,1.0,1.0,0.0,0.0,0.0,160.0,20.0,2.0,0.0
9635,1.0,1.0,1.0,0.0,0.0,0.0,20.0,2.0,0.0
9636,6.0,1.0,0.0,0.0,0.0,145.0,20.0,2.0,0.125
9637,2.0,1.0,0.0,0.0,0.0,264.0,14.0,5.0,0.0
9638,9.0,1.0,0.0,0.0,0.0,112.0,10.0,0.0,0.125
9639,25.0,1.0,0.0,0.0,0.0,284.0,15.0,2.0,0.625
9640,3.0,1.0,0.0,0.0,0.0,125.0,16.0,2.0,0.0
9641,2.0,1.0,0.0,0.0,0.0,117.0,17.0,3.0,0.0625
9642,1.0,1.0,0.0,0.0,0.0,190.0,21.0,4.0,0.0
9643,12.0,1.0,0.0,1.0,0.0,95.0,12.0,5.0,0.125
9644,11.0,1.0,0.0,1.0,0.0,95.0,15.0,2.0,0.3125
9645,3.0,1.0,0.0,0.0,0.0,88.0,11.0,3.0,0.125
9646,17.0,1.0,0.0,0.0,0.0,322.0,21.0,6.0,0.1875
9647,1.0,1.0,0.0,0.0,0.0,265.0,20.0,2.0,0.0
9648,5.0,1.0,0.0,0.0,0.0,109.0,16.0,3.0,0.1875
9649,2.0,1.0,0.0,0.0,1.0,153.0,20.0,3.0,0.0625
9650,1.0,1.0,0.0,0.0,0.0,89.0,10.0,4.0,0.0
9651,6.0,1.0,0.0,0.0,0.0,336.0,16.0,2.0,0.0625
9652,4.0,1.0,0.0,0.0,0.0,168.0,16.0,0.0,0.0625
9653,51.0,3.0,0.0,0.0,0.0,22.0,16.0,6.0,0.5185185185185185
9654,1.0,3.0,0.0,0.0,0.0,111.0,14.0,6.0,0.0
9655,1.0,3.0,0.0,0.0,0.0,111.0,16.0,6.0,0.0
9656,1.0,3.0,0.0,0.0,0.0,92.0,17.0,6.0,0.0
9657,17.0,3.0,0.0,0.0,0.0,179.0,18.0,0.0,0.25925925925925924
9658,19.0,3.0,0.0,0.0,0.0,141.0,18.0,3.0,0.2222222222222222
9659,13.0,3.0,0.0,0.0,0.0,168.0,2.0,4.0,0.14814814814814814
9660,39.0,3.0,0.0,0.0,0.0,168.0,19.0,4.0,0.18518518518518517
9661,7.0,3.0,0.0,0.0,1.0,111.0,18.0,2.0,0.07407407407407407
9662,26.0,3.0,0.0,0.0,1.0,117.0,12.0,1.0,0.25925925925925924
9663,13.0,3.0,0.0,0.0,1.0,89.0,15.0,5.0,0.2222222222222222
9664,1.0,3.0,0.0,0.0,0.0,112.0,23.0,5.0,0.0
9665,1.0,3.0,0.0,0.0,0.0,108.0,23.0,5.0,0.0
9666,14.0,3.0,0.0,0.0,1.0,145.0,0.0,6.0,0.25925925925925924
9667,13.0,3.0,0.0,0.0,0.0,95.0,13.0,4.0,0.2222222222222222
9668,18.0,3.0,0.0,0.0,1.0,159.0,17.0,0.0,0.25925925925925924
9669,5.0,3.0,0.0,0.0,1.0,95.0,23.0,2.0,0.07407407407407407
9670,51.0,3.0,0.0,0.0,1.0,303.0,18.0,4.0,0.2962962962962963
9671,5.0,3.0,0.0,0.0,0.0,262.0,18.0,6.0,0.037037037037037035
9672,16.0,3.0,0.0,0.0,1.0,123.0,12.0,2.0,0.18518518518518517
9673,12.0,3.0,0.0,0.0,0.0,173.0,16.0,2.0,0.18518518518518517
9674,1.0,3.0,0.0,0.0,0.0,107.0,23.0,5.0,0.0
9675,27.0,3.0,0.0,0.0,0.0,89.0,9.0,1.0,0.2222222222222222
9676,9.0,3.0,0.0,0.0,1.0,114.0,19.0,2.0,0.14814814814814814
9677,11.0,3.0,0.0,0.0,1.0,75.0,16.0,3.0,0.18518518518518517
9678,109.0,3.0,0.0,1.0,1.0,76.0,15.0,5.0,0.6296296296296297
9679,17.0,3.0,0.0,0.0,1.0,260.0,13.0,4.0,0.2962962962962963
9680,33.0,3.0,0.0,1.0,0.0,144.0,16.0,4.0,0.48148148148148145
9681,65.0,3.0,0.0,0.0,1.0,99.0,18.0,3.0,0.5555555555555556
9682,12.0,3.0,0.0,0.0,0.0,219.0,19.0,2.0,0.1111111111111111
9683,22.0,3.0,0.0,0.0,0.0,181.0,15.0,4.0,0.3333333333333333
9684,10.0,3.0,0.0,0.0,0.0,161.0,19.0,2.0,0.25925925925925924
9685,17.0,1.0,1.0,0.0,0.0,0.0,14.0,1.0,0.2857142857142857
9686,24.0,1.0,0.0,0.0,0.0,322.0,21.0,6.0,0.5238095238095238
9687,2.0,1.0,0.0,0.0,1.0,151.0,10.0,6.0,0.0
9688,13.0,1.0,0.0,0.0,0.0,211.0,10.0,6.0,0.38095238095238093
9689,11.0,3.0,0.0,0.0,0.0,24.0,15.0,1.0,0.28
9690,24.0,3.0,0.0,0.0,0.0,111.0,16.0,3.0,0.32
9691,22.0,3.0,0.0,0.0,0.0,104.0,21.0,2.0,0.32
9692,44.0,3.0,0.0,0.0,1.0,102.0,8.0,5.0,0.52
9693,2.0,3.0,0.0,0.0,0.0,141.0,18.0,3.0,0.04
9694,38.0,3.0,0.0,0.0,0.0,114.0,18.0,3.0,0.52
9695,1.0,3.0,0.0,0.0,0.0,164.0,14.0,5.0,0.0
9696,2.0,3.0,0.0,0.0,1.0,111.0,14.0,5.0,0.04
9697,1.0,3.0,0.0,0.0,0.0,145.0,14.0,5.0,0.0
9698,4.0,3.0,0.0,0.0,0.0,91.0,15.0,5.0,0.04
9699,2.0,3.0,0.0,0.0,1.0,117.0,12.0,1.0,0.04
9700,10.0,3.0,0.0,0.0,0.0,126.0,13.0,1.0,0.16
9701,8.0,3.0,0.0,0.0,1.0,93.0,21.0,3.0,0.24
9702,38.0,3.0,0.0,0.0,0.0,101.0,9.0,2.0,0.36
9703,8.0,3.0,0.0,0.0,0.0,96.0,16.0,4.0,0.2
9704,19.0,3.0,0.0,0.0,0.0,112.0,17.0,0.0,0.28
9705,9.0,3.0,0.0,0.0,0.0,140.0,22.0,3.0,0.24
9706,15.0,3.0,0.0,0.0,1.0,107.0,21.0,4.0,0.24
9707,8.0,3.0,0.0,0.0,1.0,161.0,20.0,2.0,0.24
9708,19.0,3.0,0.0,0.0,1.0,148.0,16.0,6.0,0.36
9709,3.0,3.0,0.0,0.0,0.0,173.0,16.0,2.0,0.08
9710,23.0,3.0,0.0,0.0,0.0,98.0,17.0,2.0,0.36
9711,52.0,3.0,0.0,0.0,1.0,114.0,19.0,2.0,0.48
9712,1.0,3.0,0.0,0.0,0.0,90.0,19.0,3.0,0.0
9713,28.0,3.0,0.0,0.0,0.0,94.0,19.0,3.0,0.4
9714,15.0,3.0,0.0,0.0,0.0,94.0,19.0,2.0,0.2
9715,26.0,3.0,0.0,0.0,0.0,93.0,16.0,3.0,0.4
9716,84.0,3.0,0.0,0.0,1.0,89.0,19.0,1.0,0.48
9717,4.0,3.0,0.0,0.0,1.0,260.0,13.0,4.0,0.04
9718,87.0,3.0,0.0,0.0,0.0,204.0,15.0,4.0,0.52
9719,32.0,3.0,0.0,0.0,1.0,152.0,18.0,6.0,0.48
9720,2.0,3.0,0.0,0.0,0.0,91.0,18.0,2.0,0.04
9721,1.0,3.0,0.0,0.0,0.0,118.0,19.0,2.0,0.0
9722,2.0,3.0,0.0,0.0,0.0,132.0,19.0,2.0,0.04
9723,13.0,3.0,0.0,0.0,0.0,254.0,21.0,2.0,0.2
9724,12.0,3.0,0.0,0.0,0.0,181.0,15.0,4.0,0.28
9725,19.0,3.0,0.0,0.0,1.0,318.0,18.0,0.0,0.28
9726,7.0,2.0,0.0,0.0,1.0,21.0,16.0,2.0,0.046511627906976744
9727,13.0,2.0,0.0,0.0,0.0,95.0,20.0,3.0,0.05813953488372093
9728,6.0,2.0,0.0,0.0,1.0,86.0,21.0,3.0,0.023255813953488372
9729,1.0,2.0,0.0,1.0,0.0,98.0,22.0,3.0,0.0
9730,11.0,2.0,0.0,0.0,1.0,137.0,22.0,3.0,0.08139534883720931
9731,8.0,2.0,0.0,0.0,0.0,110.0,8.0,4.0,0.046511627906976744
9732,22.0,2.0,0.0,0.0,1.0,150.0,10.0,4.0,0.10465116279069768
9733,3.0,2.0,0.0,0.0,0.0,304.0,17.0,4.0,0.011627906976744186
9734,6.0,2.0,0.0,0.0,0.0,137.0,20.0,4.0,0.03488372093023256
9735,101.0,2.0,0.0,1.0,0.0,357.0,23.0,4.0,0.22093023255813954
9736,11.0,2.0,0.0,0.0,0.0,343.0,16.0,3.0,0.11627906976744186
9737,11.0,2.0,0.0,0.0,0.0,129.0,19.0,4.0,0.06976744186046512
9738,36.0,2.0,0.0,0.0,0.0,100.0,10.0,6.0,0.16279069767441862
9739,2.0,2.0,0.0,0.0,0.0,143.0,16.0,3.0,0.011627906976744186
9740,41.0,2.0,0.0,0.0,1.0,101.0,21.0,3.0,0.12790697674418605
9741,71.0,2.0,0.0,0.0,1.0,357.0,20.0,2.0,0.20930232558139536
9742,2.0,2.0,0.0,0.0,0.0,631.0,5.0,3.0,0.011627906976744186
9743,57.0,2.0,0.0,0.0,1.0,126.0,10.0,6.0,0.09302325581395349
9744,7.0,2.0,0.0,0.0,0.0,186.0,15.0,5.0,0.03488372093023256
9745,17.0,2.0,0.0,1.0,0.0,141.0,8.0,6.0,0.11627906976744186
9746,34.0,2.0,0.0,0.0,0.0,90.0,11.0,2.0,0.1511627906976744
9747,62.0,2.0,0.0,0.0,0.0,170.0,21.0,4.0,0.16279069767441862
9748,36.0,2.0,0.0,0.0,0.0,157.0,10.0,1.0,0.13953488372093023
9749,1.0,2.0,0.0,0.0,0.0,108.0,17.0,3.0,0.0
9750,1.0,2.0,0.0,0.0,1.0,114.0,17.0,3.0,0.0
9751,41.0,2.0,0.0,0.0,0.0,157.0,18.0,3.0,0.1744186046511628
9752,14.0,2.0,0.0,0.0,0.0,129.0,19.0,6.0,0.11627906976744186
9753,6.0,2.0,0.0,0.0,0.0,112.0,22.0,6.0,0.03488372093023256
9754,5.0,2.0,0.0,0.0,1.0,137.0,23.0,6.0,0.046511627906976744
9755,49.0,2.0,0.0,0.0,0.0,123.0,0.0,0.0,0.22093023255813954
9756,1.0,2.0,0.0,0.0,0.0,159.0,10.0,6.0,0.0
9757,35.0,2.0,0.0,0.0,0.0,134.0,10.0,6.0,0.1511627906976744
9758,1.0,2.0,0.0,0.0,0.0,117.0,20.0,6.0,0.0
9759,42.0,2.0,0.0,0.0,1.0,204.0,20.0,6.0,0.1511627906976744
9760,4.0,2.0,0.0,0.0,0.0,90.0,14.0,0.0,0.023255813953488372
9761,28.0,2.0,0.0,0.0,0.0,193.0,12.0,3.0,0.11627906976744186
9762,21.0,2.0,0.0,0.0,0.0,240.0,9.0,5.0,0.06976744186046512
9763,17.0,2.0,0.0,0.0,0.0,319.0,20.0,5.0,0.10465116279069768
9764,10.0,2.0,0.0,0.0,0.0,165.0,21.0,5.0,0.10465116279069768
9765,2.0,2.0,0.0,0.0,1.0,103.0,10.0,6.0,0.011627906976744186
9766,2.0,2.0,0.0,0.0,1.0,103.0,11.0,6.0,0.011627906976744186
9767,2.0,2.0,0.0,0.0,0.0,1211.0,10.0,0.0,0.011627906976744186
9768,26.0,2.0,0.0,0.0,0.0,106.0,11.0,0.0,0.12790697674418605
9769,11.0,2.0,0.0,0.0,0.0,527.0,14.0,2.0,0.023255813953488372
9770,8.0,2.0,0.0,0.0,0.0,212.0,12.0,3.0,0.023255813953488372
9771,12.0,2.0,0.0,0.0,1.0,137.0,22.0,3.0,0.046511627906976744
9772,38.0,2.0,0.0,0.0,0.0,88.0,0.0,5.0,0.22093023255813954
9773,8.0,2.0,0.0,0.0,1.0,108.0,10.0,2.0,0.05813953488372093
9774,48.0,2.0,0.0,0.0,0.0,221.0,11.0,3.0,0.05813953488372093
9775,24.0,2.0,0.0,0.0,0.0,96.0,13.0,4.0,0.05813953488372093
9776,31.0,2.0,0.0,0.0,0.0,317.0,15.0,6.0,0.12790697674418605
9777,1.0,2.0,0.0,0.0,0.0,125.0,14.0,2.0,0.0
9778,7.0,2.0,0.0,0.0,1.0,410.0,18.0,2.0,0.023255813953488372
9779,21.0,2.0,0.0,0.0,0.0,88.0,22.0,2.0,0.06976744186046512
9780,4.0,2.0,0.0,0.0,1.0,111.0,10.0,4.0,0.03488372093023256
9781,3.0,2.0,0.0,0.0,0.0,221.0,23.0,4.0,0.023255813953488372
9782,25.0,2.0,0.0,0.0,1.0,135.0,9.0,2.0,0.09302325581395349
9783,14.0,2.0,0.0,0.0,1.0,185.0,21.0,0.0,0.03488372093023256
9784,40.0,2.0,0.0,0.0,0.0,390.0,22.0,3.0,0.18604651162790697
9785,15.0,2.0,0.0,0.0,0.0,247.0,10.0,6.0,0.09302325581395349
9786,3.0,2.0,0.0,0.0,0.0,99.0,10.0,2.0,0.011627906976744186
9787,22.0,2.0,0.0,0.0,0.0,87.0,14.0,2.0,0.10465116279069768
9788,14.0,2.0,0.0,0.0,1.0,357.0,9.0,4.0,0.08139534883720931
9789,2.0,2.0,0.0,0.0,0.0,659.0,18.0,4.0,0.011627906976744186
9790,1.0,2.0,0.0,0.0,0.0,164.0,19.0,4.0,0.0
9791,22.0,2.0,0.0,0.0,0.0,93.0,19.0,4.0,0.09302325581395349
9792,2.0,2.0,0.0,0.0,1.0,89.0,22.0,6.0,0.011627906976744186
9793,1.0,2.0,0.0,0.0,0.0,166.0,22.0,6.0,0.0
9794,66.0,2.0,0.0,0.0,1.0,105.0,23.0,6.0,0.19767441860465115
9795,54.0,2.0,0.0,0.0,0.0,474.0,22.0,4.0,0.19767441860465115
9796,5.0,2.0,0.0,0.0,0.0,175.0,17.0,2.0,0.0
9797,66.0,2.0,0.0,0.0,0.0,106.0,18.0,2.0,0.22093023255813954
9798,20.0,2.0,0.0,1.0,0.0,134.0,8.0,5.0,0.10465116279069768
9799,20.0,2.0,0.0,0.0,0.0,163.0,20.0,1.0,0.09302325581395349
9800,18.0,2.0,0.0,0.0,0.0,143.0,21.0,4.0,0.1511627906976744
9801,1.0,2.0,0.0,0.0,1.0,101.0,9.0,6.0,0.0
9802,42.0,2.0,0.0,0.0,0.0,91.0,12.0,6.0,0.18604651162790697
9803,1.0,2.0,0.0,1.0,0.0,152.0,21.0,4.0,0.0
9804,4.0,2.0,0.0,1.0,0.0,150.0,21.0,4.0,0.03488372093023256
9805,31.0,2.0,0.0,1.0,0.0,150.0,22.0,4.0,0.06976744186046512
9806,10.0,2.0,0.0,0.0,0.0,142.0,20.0,6.0,0.06976744186046512
9807,32.0,2.0,0.0,0.0,0.0,206.0,21.0,1.0,0.10465116279069768
9808,1.0,2.0,0.0,0.0,0.0,331.0,21.0,2.0,0.0
9809,52.0,2.0,0.0,0.0,0.0,287.0,21.0,2.0,0.20930232558139536
9810,1.0,2.0,0.0,0.0,0.0,246.0,9.0,6.0,0.0
9811,12.0,2.0,0.0,0.0,0.0,128.0,9.0,6.0,0.03488372093023256
9812,2.0,2.0,0.0,0.0,0.0,295.0,14.0,4.0,0.0
9813,7.0,2.0,0.0,0.0,1.0,243.0,18.0,4.0,0.011627906976744186
9814,7.0,2.0,0.0,0.0,0.0,845.0,9.0,4.0,0.023255813953488372
9815,4.0,2.0,0.0,0.0,0.0,145.0,12.0,5.0,0.023255813953488372
9816,1.0,2.0,0.0,0.0,1.0,107.0,8.0,6.0,0.0
9817,4.0,2.0,0.0,0.0,0.0,158.0,8.0,6.0,0.011627906976744186
9818,12.0,2.0,0.0,0.0,0.0,94.0,18.0,6.0,0.03488372093023256
9819,2.0,2.0,0.0,0.0,0.0,289.0,7.0,1.0,0.0
9820,5.0,2.0,0.0,0.0,0.0,87.0,9.0,1.0,0.011627906976744186
9821,27.0,2.0,0.0,0.0,0.0,231.0,17.0,1.0,0.05813953488372093
9822,3.0,2.0,0.0,0.0,0.0,258.0,13.0,4.0,0.011627906976744186
9823,2.0,2.0,0.0,0.0,0.0,229.0,17.0,4.0,0.011627906976744186
9824,3.0,2.0,0.0,0.0,1.0,481.0,7.0,5.0,0.0
9825,14.0,2.0,0.0,0.0,0.0,586.0,14.0,5.0,0.06976744186046512
9826,2.0,2.0,0.0,0.0,0.0,129.0,17.0,6.0,0.011627906976744186
9827,61.0,2.0,0.0,0.0,1.0,245.0,18.0,6.0,0.09302325581395349
9828,12.0,2.0,0.0,0.0,1.0,96.0,22.0,2.0,0.03488372093023256
9829,2.0,2.0,0.0,0.0,1.0,186.0,19.0,3.0,0.0
9830,1.0,2.0,0.0,1.0,0.0,764.0,21.0,3.0,0.0
9831,20.0,2.0,0.0,0.0,1.0,192.0,21.0,3.0,0.06976744186046512
9832,10.0,2.0,0.0,0.0,0.0,142.0,16.0,4.0,0.05813953488372093
9833,27.0,2.0,0.0,0.0,0.0,96.0,10.0,0.0,0.08139534883720931
9834,20.0,2.0,0.0,0.0,0.0,89.0,20.0,0.0,0.08139534883720931
9835,4.0,2.0,0.0,0.0,0.0,183.0,21.0,6.0,0.011627906976744186
9836,12.0,2.0,0.0,0.0,0.0,207.0,9.0,2.0,0.05813953488372093
9837,54.0,2.0,0.0,0.0,1.0,127.0,19.0,5.0,0.1511627906976744
9838,10.0,2.0,0.0,0.0,1.0,220.0,15.0,3.0,0.046511627906976744
9839,2.0,2.0,0.0,0.0,0.0,105.0,7.0,5.0,0.0
9840,1.0,2.0,0.0,0.0,0.0,152.0,8.0,5.0,0.0
9841,13.0,2.0,0.0,0.0,0.0,96.0,12.0,5.0,0.05813953488372093
9842,22.0,2.0,0.0,0.0,0.0,124.0,14.0,1.0,0.09302325581395349
9843,1.0,2.0,0.0,0.0,0.0,92.0,18.0,6.0,0.0
9844,46.0,2.0,0.0,0.0,0.0,337.0,13.0,0.0,0.23255813953488372
9845,7.0,2.0,0.0,0.0,0.0,87.0,9.0,2.0,0.05813953488372093
9846,42.0,2.0,0.0,0.0,0.0,114.0,13.0,2.0,0.06976744186046512
9847,3.0,2.0,0.0,1.0,0.0,94.0,21.0,5.0,0.011627906976744186
9848,29.0,2.0,0.0,0.0,0.0,95.0,13.0,0.0,0.05813953488372093
9849,4.0,2.0,0.0,1.0,0.0,100.0,21.0,6.0,0.023255813953488372
9850,5.0,2.0,0.0,0.0,1.0,190.0,9.0,1.0,0.03488372093023256
9851,1.0,2.0,0.0,0.0,0.0,92.0,22.0,4.0,0.0
9852,55.0,2.0,0.0,0.0,0.0,286.0,9.0,6.0,0.1744186046511628
9853,10.0,2.0,0.0,0.0,0.0,132.0,14.0,0.0,0.06976744186046512
9854,17.0,2.0,0.0,0.0,0.0,100.0,7.0,2.0,0.05813953488372093
9855,1.0,2.0,0.0,1.0,1.0,144.0,21.0,5.0,0.0
9856,12.0,2.0,0.0,1.0,1.0,141.0,21.0,5.0,0.046511627906976744
9857,3.0,2.0,0.0,0.0,0.0,232.0,22.0,0.0,0.023255813953488372
9858,3.0,2.0,0.0,0.0,0.0,106.0,9.0,1.0,0.0
9859,37.0,2.0,0.0,0.0,1.0,409.0,10.0,2.0,0.19767441860465115
9860,1.0,2.0,0.0,0.0,0.0,232.0,11.0,5.0,0.0
9861,1.0,2.0,0.0,0.0,0.0,193.0,11.0,5.0,0.0
9862,2.0,2.0,0.0,0.0,0.0,100.0,14.0,5.0,0.011627906976744186
9863,1.0,2.0,0.0,0.0,1.0,141.0,22.0,5.0,0.0
9864,1.0,2.0,0.0,0.0,0.0,103.0,22.0,5.0,0.0
9865,8.0,2.0,0.0,0.0,1.0,169.0,22.0,5.0,0.03488372093023256
9866,6.0,1.0,1.0,0.0,0.0,0.0,9.0,1.0,0.041237113402061855
9867,17.0,1.0,0.0,0.0,0.0,207.0,17.0,2.0,0.09278350515463918
9868,8.0,1.0,0.0,0.0,0.0,170.0,14.0,4.0,0.020618556701030927
9869,3.0,1.0,0.0,0.0,0.0,268.0,16.0,6.0,0.010309278350515464
9870,1.0,1.0,0.0,0.0,0.0,94.0,17.0,6.0,0.0
9871,19.0,1.0,0.0,0.0,1.0,353.0,18.0,6.0,0.09278350515463918
9872,11.0,1.0,0.0,0.0,0.0,126.0,8.0,5.0,0.07216494845360824
9873,23.0,1.0,0.0,0.0,1.0,243.0,7.0,1.0,0.05154639175257732
9874,27.0,1.0,0.0,0.0,0.0,146.0,12.0,1.0,0.12371134020618557
9875,4.0,1.0,0.0,0.0,0.0,192.0,20.0,1.0,0.0
9876,7.0,1.0,0.0,0.0,0.0,190.0,20.0,1.0,0.030927835051546393
9877,7.0,1.0,0.0,0.0,0.0,216.0,20.0,1.0,0.020618556701030927
9878,1.0,1.0,0.0,0.0,0.0,119.0,21.0,1.0,0.0
9879,17.0,1.0,0.0,0.0,1.0,606.0,21.0,1.0,0.07216494845360824
9880,13.0,1.0,0.0,0.0,0.0,109.0,9.0,2.0,0.030927835051546393
9881,5.0,1.0,0.0,0.0,0.0,143.0,11.0,2.0,0.020618556701030927
9882,5.0,1.0,0.0,0.0,0.0,110.0,12.0,2.0,0.010309278350515464
9883,2.0,1.0,0.0,0.0,1.0,606.0,13.0,2.0,0.010309278350515464
9884,26.0,1.0,0.0,0.0,0.0,305.0,18.0,2.0,0.10309278350515463
9885,3.0,1.0,0.0,0.0,0.0,733.0,18.0,3.0,0.010309278350515464
9886,1.0,1.0,0.0,0.0,0.0,162.0,21.0,3.0,0.0
9887,3.0,1.0,0.0,0.0,1.0,427.0,21.0,3.0,0.020618556701030927
9888,5.0,1.0,0.0,0.0,0.0,413.0,22.0,3.0,0.041237113402061855
9889,1.0,1.0,0.0,0.0,1.0,160.0,13.0,4.0,0.0
9890,20.0,1.0,0.0,0.0,0.0,348.0,13.0,4.0,0.09278350515463918
9891,48.0,1.0,0.0,0.0,0.0,99.0,22.0,4.0,0.13402061855670103
9892,39.0,1.0,0.0,0.0,0.0,160.0,20.0,6.0,0.10309278350515463
9893,91.0,1.0,0.0,0.0,0.0,270.0,12.0,1.0,0.26804123711340205
9894,16.0,1.0,0.0,0.0,0.0,254.0,21.0,3.0,0.041237113402061855
9895,16.0,1.0,0.0,1.0,0.0,129.0,13.0,4.0,0.08247422680412371
9896,14.0,1.0,0.0,0.0,0.0,223.0,20.0,4.0,0.05154639175257732
9897,5.0,1.0,0.0,0.0,0.0,88.0,17.0,5.0,0.0
9898,15.0,1.0,0.0,0.0,0.0,422.0,17.0,5.0,0.041237113402061855
9899,3.0,1.0,0.0,0.0,1.0,117.0,17.0,6.0,0.010309278350515464
9900,12.0,1.0,0.0,0.0,1.0,345.0,12.0,0.0,0.020618556701030927
9901,4.0,1.0,0.0,0.0,0.0,135.0,21.0,0.0,0.010309278350515464
9902,4.0,1.0,0.0,0.0,0.0,112.0,8.0,1.0,0.020618556701030927
9903,2.0,1.0,0.0,0.0,0.0,100.0,10.0,1.0,0.0
9904,3.0,1.0,0.0,0.0,0.0,103.0,12.0,1.0,0.010309278350515464
9905,5.0,1.0,0.0,0.0,0.0,100.0,19.0,1.0,0.010309278350515464
9906,7.0,1.0,0.0,0.0,0.0,258.0,9.0,2.0,0.030927835051546393
9907,7.0,1.0,0.0,0.0,0.0,121.0,14.0,2.0,0.020618556701030927
9908,3.0,1.0,0.0,0.0,1.0,143.0,16.0,2.0,0.0
9909,4.0,1.0,0.0,0.0,0.0,251.0,19.0,2.0,0.010309278350515464
9910,5.0,1.0,0.0,0.0,0.0,121.0,20.0,2.0,0.030927835051546393
9911,1.0,1.0,0.0,1.0,0.0,94.0,11.0,3.0,0.0
9912,27.0,1.0,0.0,1.0,0.0,100.0,11.0,3.0,0.020618556701030927
9913,7.0,1.0,0.0,0.0,1.0,106.0,22.0,3.0,0.030927835051546393
9914,18.0,1.0,0.0,1.0,0.0,138.0,8.0,4.0,0.05154639175257732
9915,23.0,1.0,0.0,0.0,1.0,221.0,14.0,4.0,0.09278350515463918
9916,11.0,1.0,0.0,0.0,0.0,167.0,17.0,4.0,0.041237113402061855
9917,2.0,1.0,0.0,0.0,1.0,134.0,6.0,5.0,0.010309278350515464
9918,38.0,1.0,0.0,0.0,1.0,90.0,8.0,5.0,0.1134020618556701
9919,29.0,1.0,0.0,0.0,0.0,97.0,8.0,6.0,0.10309278350515463
9920,7.0,1.0,0.0,0.0,0.0,148.0,15.0,0.0,0.030927835051546393
9921,6.0,1.0,0.0,0.0,1.0,92.0,20.0,0.0,0.030927835051546393
9922,14.0,1.0,0.0,0.0,1.0,370.0,6.0,1.0,0.041237113402061855
9923,23.0,1.0,0.0,0.0,0.0,246.0,15.0,1.0,0.09278350515463918
9924,19.0,1.0,0.0,0.0,0.0,213.0,14.0,2.0,0.05154639175257732
9925,20.0,1.0,0.0,1.0,0.0,764.0,20.0,2.0,0.08247422680412371
9926,10.0,1.0,0.0,0.0,0.0,125.0,17.0,3.0,0.041237113402061855
9927,6.0,1.0,0.0,0.0,1.0,285.0,22.0,3.0,0.041237113402061855
9928,10.0,1.0,0.0,0.0,1.0,201.0,10.0,4.0,0.041237113402061855
9929,23.0,1.0,0.0,0.0,0.0,283.0,13.0,4.0,0.010309278350515464
9930,9.0,1.0,0.0,0.0,0.0,96.0,15.0,4.0,0.05154639175257732
9931,4.0,1.0,0.0,0.0,0.0,403.0,19.0,4.0,0.020618556701030927
9932,1.0,1.0,0.0,0.0,1.0,94.0,19.0,4.0,0.0
9933,7.0,1.0,0.0,0.0,1.0,131.0,21.0,4.0,0.041237113402061855
9934,1.0,1.0,0.0,0.0,1.0,212.0,22.0,4.0,0.0
9935,2.0,1.0,0.0,0.0,1.0,160.0,22.0,4.0,0.010309278350515464
9936,13.0,1.0,0.0,0.0,0.0,215.0,22.0,4.0,0.030927835051546393
9937,3.0,1.0,0.0,0.0,0.0,225.0,11.0,5.0,0.0
9938,9.0,1.0,0.0,0.0,0.0,313.0,12.0,5.0,0.041237113402061855
9939,6.0,1.0,0.0,0.0,1.0,100.0,13.0,5.0,0.041237113402061855
9940,2.0,1.0,0.0,0.0,0.0,212.0,20.0,5.0,0.0
9941,1.0,1.0,0.0,0.0,1.0,186.0,21.0,5.0,0.0
9942,3.0,1.0,0.0,0.0,1.0,131.0,21.0,5.0,0.0
9943,3.0,1.0,0.0,0.0,0.0,248.0,10.0,6.0,0.010309278350515464
9944,10.0,1.0,0.0,0.0,0.0,260.0,13.0,6.0,0.041237113402061855
9945,2.0,1.0,0.0,0.0,0.0,133.0,23.0,6.0,0.010309278350515464
9946,2.0,1.0,0.0,0.0,0.0,297.0,7.0,0.0,0.0
9947,8.0,1.0,0.0,0.0,0.0,116.0,8.0,0.0,0.030927835051546393
9948,21.0,1.0,0.0,1.0,0.0,160.0,11.0,0.0,0.08247422680412371
9949,3.0,1.0,0.0,0.0,0.0,129.0,18.0,0.0,0.010309278350515464
9950,5.0,1.0,0.0,0.0,0.0,214.0,22.0,0.0,0.010309278350515464
9951,2.0,1.0,0.0,0.0,0.0,208.0,22.0,0.0,0.010309278350515464
9952,72.0,1.0,0.0,0.0,0.0,212.0,11.0,1.0,0.15463917525773196
9953,14.0,1.0,0.0,0.0,0.0,185.0,15.0,3.0,0.030927835051546393
9954,6.0,1.0,0.0,0.0,1.0,94.0,16.0,4.0,0.010309278350515464
9955,9.0,1.0,0.0,0.0,1.0,181.0,18.0,4.0,0.020618556701030927
9956,1.0,1.0,0.0,0.0,1.0,215.0,20.0,4.0,0.0
9957,6.0,1.0,0.0,0.0,1.0,92.0,20.0,4.0,0.020618556701030927
9958,18.0,1.0,0.0,0.0,0.0,120.0,8.0,5.0,0.041237113402061855
9959,1.0,1.0,0.0,0.0,0.0,195.0,13.0,5.0,0.0
9960,5.0,1.0,0.0,0.0,0.0,641.0,18.0,5.0,0.010309278350515464
9961,7.0,1.0,0.0,0.0,1.0,85.0,18.0,5.0,0.041237113402061855
9962,21.0,1.0,0.0,0.0,1.0,93.0,20.0,5.0,0.10309278350515463
9963,1.0,1.0,0.0,0.0,0.0,130.0,14.0,6.0,0.0
9964,1.0,1.0,0.0,0.0,0.0,170.0,14.0,6.0,0.0
9965,1.0,1.0,0.0,0.0,0.0,185.0,14.0,6.0,0.0
9966,2.0,1.0,0.0,0.0,0.0,102.0,14.0,6.0,0.0
9967,1.0,1.0,0.0,0.0,0.0,162.0,15.0,6.0,0.0
9968,5.0,1.0,0.0,0.0,0.0,117.0,15.0,6.0,0.030927835051546393
9969,1.0,1.0,0.0,0.0,0.0,205.0,17.0,6.0,0.0
9970,8.0,1.0,0.0,0.0,0.0,159.0,17.0,6.0,0.020618556701030927
9971,11.0,1.0,0.0,0.0,0.0,141.0,22.0,6.0,0.041237113402061855
9972,16.0,1.0,0.0,0.0,0.0,148.0,15.0,0.0,0.10309278350515463
9973,6.0,1.0,0.0,0.0,0.0,224.0,20.0,0.0,0.05154639175257732
9974,3.0,1.0,0.0,0.0,1.0,255.0,20.0,0.0,0.020618556701030927
9975,2.0,1.0,0.0,0.0,0.0,102.0,20.0,0.0,0.010309278350515464
9976,9.0,1.0,0.0,0.0,0.0,260.0,21.0,0.0,0.07216494845360824
9977,3.0,1.0,0.0,0.0,1.0,255.0,9.0,1.0,0.020618556701030927
9978,2.0,1.0,0.0,0.0,0.0,357.0,10.0,1.0,0.010309278350515464
9979,2.0,1.0,0.0,0.0,0.0,121.0,11.0,1.0,0.0
9980,4.0,1.0,0.0,0.0,1.0,146.0,12.0,1.0,0.020618556701030927
9981,1.0,1.0,0.0,0.0,0.0,106.0,12.0,1.0,0.0
9982,18.0,1.0,0.0,0.0,0.0,96.0,12.0,1.0,0.061855670103092786
9983,2.0,1.0,0.0,0.0,0.0,148.0,19.0,1.0,0.0
9984,3.0,1.0,0.0,1.0,0.0,329.0,19.0,1.0,0.020618556701030927
9985,1.0,1.0,0.0,0.0,0.0,91.0,19.0,1.0,0.0
9986,3.0,1.0,0.0,0.0,0.0,129.0,19.0,1.0,0.010309278350515464
9987,2.0,1.0,0.0,0.0,0.0,172.0,20.0,1.0,0.010309278350515464
9988,2.0,1.0,0.0,0.0,0.0,148.0,21.0,1.0,0.0
9989,1.0,1.0,0.0,0.0,1.0,158.0,21.0,1.0,0.0
9990,5.0,1.0,0.0,0.0,0.0,147.0,21.0,1.0,0.0
9991,8.0,1.0,0.0,0.0,1.0,158.0,21.0,1.0,0.020618556701030927
9992,4.0,1.0,0.0,0.0,0.0,312.0,9.0,2.0,0.020618556701030927
9993,1.0,1.0,0.0,0.0,0.0,192.0,10.0,2.0,0.0
9994,32.0,1.0,0.0,0.0,0.0,151.0,10.0,2.0,0.08247422680412371
9995,3.0,1.0,0.0,1.0,0.0,95.0,18.0,2.0,0.020618556701030927
9996,13.0,1.0,0.0,0.0,1.0,118.0,20.0,2.0,0.041237113402061855
9997,2.0,1.0,0.0,0.0,0.0,168.0,15.0,3.0,0.010309278350515464
9998,3.0,1.0,0.0,0.0,1.0,160.0,21.0,3.0,0.020618556701030927
9999,2.0,1.0,0.0,0.0,0.0,194.0,6.0,4.0,0.0
10000,1.0,1.0,0.0,0.0,0.0,486.0,9.0,4.0,0.0
10001,5.0,1.0,0.0,0.0,1.0,106.0,10.0,4.0,0.020618556701030927
10002,2.0,1.0,0.0,0.0,1.0,115.0,10.0,4.0,0.0
10003,17.0,1.0,0.0,0.0,1.0,204.0,11.0,4.0,0.041237113402061855
10004,28.0,1.0,0.0,0.0,1.0,230.0,14.0,4.0,0.05154639175257732
10005,30.0,1.0,0.0,0.0,0.0,123.0,16.0,4.0,0.12371134020618557
10006,8.0,1.0,0.0,0.0,0.0,214.0,14.0,5.0,0.05154639175257732
10007,6.0,1.0,0.0,0.0,0.0,125.0,20.0,5.0,0.05154639175257732
10008,6.0,1.0,0.0,0.0,1.0,100.0,8.0,6.0,0.041237113402061855
10009,14.0,1.0,0.0,0.0,0.0,102.0,11.0,6.0,0.05154639175257732
10010,2.0,1.0,0.0,0.0,0.0,459.0,20.0,6.0,0.010309278350515464
10011,8.0,1.0,0.0,0.0,1.0,94.0,21.0,6.0,0.061855670103092786
10012,5.0,1.0,0.0,0.0,0.0,548.0,21.0,6.0,0.041237113402061855
10013,19.0,1.0,0.0,0.0,1.0,230.0,22.0,6.0,0.10309278350515463
10014,1.0,1.0,0.0,0.0,0.0,127.0,12.0,0.0,0.0
10015,7.0,1.0,0.0,0.0,0.0,231.0,12.0,0.0,0.030927835051546393
10016,18.0,1.0,0.0,0.0,1.0,173.0,14.0,0.0,0.05154639175257732
10017,13.0,1.0,0.0,0.0,0.0,341.0,23.0,0.0,0.061855670103092786
10018,1.0,1.0,0.0,0.0,0.0,467.0,13.0,1.0,0.0
10019,2.0,1.0,0.0,0.0,0.0,256.0,14.0,1.0,0.0
10020,90.0,1.0,0.0,0.0,1.0,230.0,15.0,1.0,0.17525773195876287
10021,51.0,1.0,0.0,0.0,1.0,171.0,11.0,2.0,0.07216494845360824
10022,51.0,1.0,0.0,0.0,0.0,383.0,17.0,2.0,0.09278350515463918
10023,4.0,1.0,0.0,0.0,0.0,135.0,10.0,3.0,0.020618556701030927
10024,4.0,1.0,0.0,0.0,0.0,171.0,14.0,3.0,0.020618556701030927
10025,4.0,1.0,0.0,0.0,0.0,160.0,19.0,3.0,0.010309278350515464
10026,8.0,1.0,0.0,0.0,0.0,182.0,19.0,3.0,0.030927835051546393
10027,5.0,1.0,0.0,0.0,0.0,114.0,21.0,3.0,0.030927835051546393
10028,6.0,1.0,0.0,0.0,0.0,303.0,21.0,3.0,0.030927835051546393
10029,17.0,1.0,0.0,0.0,0.0,194.0,7.0,4.0,0.07216494845360824
10030,1.0,1.0,0.0,0.0,0.0,341.0,21.0,4.0,0.0
10031,1.0,1.0,0.0,0.0,0.0,125.0,22.0,4.0,0.0
10032,4.0,1.0,0.0,0.0,0.0,584.0,22.0,4.0,0.020618556701030927
10033,2.0,1.0,0.0,0.0,0.0,87.0,22.0,4.0,0.010309278350515464
10034,2.0,1.0,0.0,0.0,1.0,378.0,7.0,5.0,0.010309278350515464
10035,3.0,1.0,0.0,0.0,1.0,174.0,10.0,5.0,0.020618556701030927
10036,3.0,1.0,0.0,0.0,1.0,225.0,11.0,5.0,0.0
10037,1.0,1.0,0.0,0.0,0.0,108.0,16.0,5.0,0.0
10038,1.0,1.0,0.0,0.0,0.0,255.0,17.0,5.0,0.0
10039,8.0,1.0,0.0,0.0,0.0,115.0,17.0,5.0,0.0
10040,3.0,1.0,0.0,0.0,0.0,89.0,19.0,5.0,0.010309278350515464
10041,1.0,1.0,0.0,0.0,0.0,136.0,20.0,5.0,0.0
10042,2.0,1.0,0.0,0.0,0.0,93.0,20.0,5.0,0.0
10043,3.0,1.0,0.0,0.0,1.0,93.0,6.0,6.0,0.010309278350515464
10044,2.0,1.0,0.0,0.0,1.0,263.0,11.0,6.0,0.0
10045,68.0,1.0,0.0,0.0,0.0,96.0,12.0,6.0,0.13402061855670103
10046,1.0,1.0,0.0,0.0,1.0,87.0,21.0,0.0,0.0
10047,1.0,1.0,0.0,0.0,0.0,125.0,21.0,0.0,0.0
10048,4.0,1.0,0.0,0.0,1.0,178.0,21.0,0.0,0.0
10049,5.0,1.0,0.0,0.0,1.0,309.0,21.0,0.0,0.020618556701030927
10050,6.0,1.0,0.0,0.0,1.0,318.0,22.0,0.0,0.010309278350515464
10051,1.0,1.0,0.0,0.0,0.0,178.0,22.0,0.0,0.0
10052,4.0,1.0,0.0,0.0,0.0,171.0,23.0,0.0,0.010309278350515464
10053,19.0,1.0,0.0,0.0,0.0,147.0,8.0,1.0,0.07216494845360824
10054,15.0,1.0,0.0,0.0,0.0,160.0,14.0,1.0,0.07216494845360824
10055,21.0,1.0,0.0,0.0,0.0,187.0,20.0,1.0,0.07216494845360824
10056,1.0,1.0,0.0,0.0,0.0,111.0,13.0,2.0,0.0
10057,1.0,1.0,0.0,0.0,0.0,271.0,13.0,2.0,0.0
10058,4.0,1.0,0.0,0.0,0.0,321.0,15.0,2.0,0.020618556701030927
10059,3.0,1.0,0.0,0.0,0.0,144.0,20.0,2.0,0.010309278350515464
10060,22.0,1.0,0.0,0.0,0.0,125.0,21.0,2.0,0.061855670103092786
10061,1.0,1.0,0.0,0.0,0.0,88.0,20.0,3.0,0.0
10062,17.0,1.0,0.0,0.0,0.0,120.0,20.0,3.0,0.020618556701030927
10063,6.0,1.0,0.0,0.0,1.0,114.0,9.0,4.0,0.0
10064,12.0,1.0,0.0,0.0,0.0,692.0,13.0,4.0,0.020618556701030927
10065,6.0,1.0,0.0,1.0,0.0,384.0,22.0,4.0,0.020618556701030927
10066,3.0,1.0,0.0,0.0,0.0,178.0,12.0,5.0,0.0
10067,5.0,1.0,0.0,0.0,1.0,230.0,12.0,5.0,0.010309278350515464
10068,18.0,1.0,0.0,0.0,0.0,109.0,13.0,5.0,0.09278350515463918
10069,7.0,1.0,0.0,0.0,0.0,133.0,21.0,5.0,0.020618556701030927
10070,1.0,1.0,0.0,0.0,0.0,223.0,23.0,5.0,0.0
10071,3.0,1.0,0.0,0.0,0.0,111.0,23.0,5.0,0.020618556701030927
10072,5.0,1.0,0.0,0.0,0.0,932.0,5.0,6.0,0.030927835051546393
10073,6.0,1.0,0.0,0.0,0.0,123.0,15.0,6.0,0.030927835051546393
10074,24.0,1.0,0.0,0.0,0.0,547.0,18.0,6.0,0.09278350515463918
10075,2.0,1.0,0.0,0.0,1.0,85.0,19.0,0.0,0.010309278350515464
10076,1.0,1.0,0.0,0.0,0.0,548.0,19.0,0.0,0.0
10077,2.0,1.0,0.0,0.0,0.0,148.0,20.0,0.0,0.0
10078,1.0,1.0,0.0,0.0,0.0,271.0,22.0,0.0,0.0
10079,5.0,1.0,0.0,0.0,1.0,143.0,22.0,0.0,0.020618556701030927
10080,9.0,1.0,0.0,0.0,0.0,221.0,13.0,1.0,0.020618556701030927
10081,11.0,1.0,0.0,0.0,0.0,121.0,21.0,1.0,0.020618556701030927
10082,9.0,1.0,0.0,0.0,1.0,94.0,21.0,1.0,0.041237113402061855
10083,2.0,1.0,0.0,0.0,0.0,152.0,9.0,2.0,0.0
10084,1.0,1.0,0.0,0.0,0.0,114.0,10.0,2.0,0.0
10085,2.0,1.0,0.0,0.0,1.0,118.0,10.0,2.0,0.010309278350515464
10086,14.0,1.0,0.0,0.0,0.0,105.0,16.0,2.0,0.07216494845360824
10087,5.0,1.0,0.0,0.0,0.0,560.0,19.0,2.0,0.020618556701030927
10088,18.0,1.0,0.0,0.0,0.0,139.0,20.0,2.0,0.08247422680412371
10089,4.0,1.0,0.0,0.0,0.0,139.0,8.0,3.0,0.030927835051546393
10090,17.0,1.0,0.0,0.0,1.0,93.0,8.0,3.0,0.05154639175257732
10091,1.0,1.0,0.0,0.0,0.0,196.0,15.0,3.0,0.0
10092,40.0,1.0,0.0,0.0,0.0,197.0,15.0,3.0,0.10309278350515463
10093,29.0,1.0,0.0,0.0,0.0,161.0,14.0,4.0,0.08247422680412371
10094,3.0,1.0,0.0,0.0,0.0,393.0,17.0,5.0,0.020618556701030927
10095,3.0,1.0,0.0,0.0,1.0,196.0,20.0,5.0,0.0
10096,38.0,1.0,0.0,0.0,0.0,152.0,20.0,5.0,0.17525773195876287
10097,6.0,1.0,0.0,0.0,0.0,219.0,5.0,0.0,0.030927835051546393
10098,2.0,1.0,0.0,0.0,0.0,120.0,15.0,0.0,0.0
10099,4.0,1.0,0.0,0.0,0.0,120.0,15.0,0.0,0.0
10100,4.0,1.0,0.0,0.0,0.0,161.0,16.0,0.0,0.030927835051546393
10101,2.0,1.0,0.0,0.0,0.0,113.0,19.0,0.0,0.0
10102,1.0,1.0,0.0,1.0,0.0,399.0,19.0,0.0,0.0
10103,4.0,1.0,0.0,0.0,0.0,95.0,20.0,0.0,0.020618556701030927
10104,8.0,1.0,0.0,0.0,0.0,328.0,22.0,0.0,0.041237113402061855
10105,16.0,1.0,0.0,0.0,0.0,139.0,11.0,1.0,0.061855670103092786
10106,18.0,1.0,0.0,0.0,0.0,164.0,16.0,1.0,0.10309278350515463
10107,26.0,1.0,0.0,0.0,0.0,334.0,22.0,1.0,0.17525773195876287
10108,28.0,1.0,0.0,0.0,1.0,231.0,12.0,2.0,0.030927835051546393
10109,1.0,1.0,0.0,0.0,0.0,115.0,12.0,2.0,0.0
10110,75.0,1.0,0.0,0.0,0.0,129.0,12.0,2.0,0.09278350515463918
10111,10.0,1.0,0.0,0.0,0.0,334.0,16.0,2.0,0.041237113402061855
10112,45.0,1.0,0.0,0.0,0.0,459.0,20.0,2.0,0.18556701030927836
10113,3.0,1.0,0.0,0.0,0.0,100.0,16.0,3.0,0.020618556701030927
10114,7.0,1.0,0.0,0.0,1.0,105.0,16.0,3.0,0.041237113402061855
10115,4.0,1.0,0.0,0.0,1.0,86.0,17.0,3.0,0.030927835051546393
10116,31.0,1.0,0.0,0.0,0.0,144.0,18.0,3.0,0.13402061855670103
10117,4.0,1.0,0.0,0.0,1.0,187.0,5.0,4.0,0.010309278350515464
10118,14.0,1.0,0.0,0.0,0.0,182.0,7.0,4.0,0.08247422680412371
10119,2.0,1.0,0.0,0.0,0.0,328.0,20.0,4.0,0.0
10120,16.0,1.0,0.0,0.0,0.0,120.0,20.0,4.0,0.061855670103092786
10121,2.0,1.0,0.0,0.0,0.0,187.0,7.0,5.0,0.010309278350515464
10122,1.0,1.0,0.0,0.0,0.0,152.0,7.0,5.0,0.0
10123,3.0,1.0,0.0,0.0,1.0,161.0,11.0,5.0,0.010309278350515464
10124,1.0,1.0,0.0,0.0,0.0,91.0,16.0,5.0,0.0
10125,3.0,1.0,0.0,0.0,0.0,126.0,17.0,5.0,0.010309278350515464
10126,4.0,1.0,0.0,0.0,0.0,180.0,21.0,5.0,0.010309278350515464
10127,2.0,1.0,0.0,0.0,0.0,155.0,9.0,6.0,0.010309278350515464
10128,30.0,1.0,0.0,0.0,0.0,266.0,11.0,6.0,0.08247422680412371
10129,7.0,1.0,0.0,0.0,0.0,1744.0,6.0,0.0,0.010309278350515464
10130,5.0,1.0,0.0,0.0,0.0,106.0,10.0,0.0,0.030927835051546393
10131,1.0,1.0,0.0,0.0,0.0,334.0,15.0,0.0,0.0
10132,2.0,1.0,0.0,0.0,0.0,658.0,15.0,0.0,0.010309278350515464
10133,5.0,1.0,0.0,0.0,0.0,129.0,15.0,0.0,0.030927835051546393
10134,2.0,1.0,0.0,0.0,0.0,90.0,19.0,0.0,0.010309278350515464
10135,4.0,1.0,0.0,0.0,0.0,260.0,19.0,0.0,0.010309278350515464
10136,12.0,1.0,0.0,0.0,0.0,100.0,20.0,0.0,0.0
10137,5.0,1.0,0.0,0.0,0.0,134.0,22.0,0.0,0.010309278350515464
10138,5.0,1.0,0.0,0.0,0.0,116.0,11.0,1.0,0.020618556701030927
10139,4.0,1.0,0.0,0.0,0.0,179.0,15.0,1.0,0.030927835051546393
10140,3.0,1.0,0.0,0.0,0.0,168.0,17.0,1.0,0.0
10141,10.0,1.0,0.0,0.0,0.0,223.0,18.0,1.0,0.020618556701030927
10142,11.0,1.0,0.0,1.0,0.0,92.0,20.0,1.0,0.030927835051546393
10143,2.0,1.0,0.0,0.0,0.0,1875.0,7.0,2.0,0.010309278350515464
10144,1.0,1.0,0.0,0.0,0.0,93.0,7.0,2.0,0.0
10145,3.0,1.0,0.0,0.0,0.0,105.0,8.0,2.0,0.010309278350515464
10146,9.0,1.0,0.0,0.0,1.0,202.0,10.0,2.0,0.05154639175257732
10147,1.0,1.0,0.0,0.0,0.0,153.0,16.0,2.0,0.0
10148,8.0,1.0,0.0,0.0,0.0,93.0,16.0,2.0,0.020618556701030927
10149,8.0,1.0,0.0,0.0,0.0,367.0,19.0,2.0,0.041237113402061855
10150,9.0,1.0,0.0,0.0,0.0,133.0,8.0,3.0,0.05154639175257732
10151,13.0,1.0,0.0,0.0,0.0,154.0,11.0,3.0,0.1134020618556701
10152,1.0,1.0,0.0,0.0,1.0,95.0,15.0,3.0,0.0
10153,6.0,1.0,0.0,1.0,0.0,228.0,17.0,3.0,0.030927835051546393
10154,1.0,1.0,0.0,0.0,0.0,195.0,18.0,3.0,0.0
10155,4.0,1.0,0.0,0.0,0.0,91.0,19.0,3.0,0.010309278350515464
10156,7.0,1.0,0.0,0.0,0.0,119.0,20.0,3.0,0.030927835051546393
10157,6.0,1.0,0.0,0.0,0.0,163.0,21.0,3.0,0.010309278350515464
10158,1.0,1.0,0.0,0.0,0.0,213.0,7.0,4.0,0.0
10159,2.0,1.0,0.0,0.0,0.0,182.0,7.0,4.0,0.010309278350515464
10160,6.0,1.0,0.0,0.0,0.0,88.0,9.0,4.0,0.030927835051546393
10161,15.0,1.0,0.0,0.0,0.0,166.0,11.0,4.0,0.010309278350515464
10162,4.0,1.0,0.0,0.0,1.0,122.0,19.0,4.0,0.020618556701030927
10163,17.0,1.0,0.0,0.0,1.0,184.0,19.0,4.0,0.07216494845360824
10164,2.0,1.0,0.0,0.0,0.0,182.0,21.0,4.0,0.010309278350515464
10165,2.0,1.0,0.0,0.0,0.0,117.0,22.0,4.0,0.010309278350515464
10166,2.0,1.0,0.0,0.0,0.0,174.0,22.0,4.0,0.0
10167,1.0,1.0,0.0,0.0,0.0,96.0,22.0,4.0,0.0
10168,29.0,1.0,0.0,0.0,0.0,124.0,22.0,4.0,0.08247422680412371
10169,26.0,1.0,0.0,0.0,0.0,372.0,15.0,5.0,0.10309278350515463
10170,12.0,1.0,0.0,0.0,1.0,149.0,21.0,5.0,0.07216494845360824
10171,4.0,1.0,0.0,0.0,0.0,97.0,19.0,6.0,0.010309278350515464
10172,2.0,1.0,0.0,0.0,0.0,3179.0,21.0,6.0,0.010309278350515464
10173,21.0,1.0,0.0,0.0,1.0,477.0,21.0,6.0,0.030927835051546393
10174,11.0,1.0,0.0,0.0,0.0,124.0,9.0,0.0,0.041237113402061855
10175,2.0,1.0,0.0,0.0,0.0,103.0,19.0,0.0,0.010309278350515464
10176,14.0,1.0,0.0,0.0,0.0,113.0,21.0,0.0,0.08247422680412371
10177,2.0,1.0,0.0,0.0,1.0,162.0,9.0,1.0,0.0
10178,3.0,1.0,0.0,0.0,0.0,150.0,9.0,1.0,0.010309278350515464
10179,6.0,1.0,0.0,0.0,1.0,162.0,10.0,1.0,0.010309278350515464
10180,2.0,1.0,0.0,0.0,0.0,200.0,11.0,1.0,0.0
10181,3.0,1.0,0.0,0.0,0.0,200.0,12.0,1.0,0.0
10182,3.0,1.0,0.0,0.0,0.0,132.0,16.0,1.0,0.010309278350515464
10183,4.0,1.0,0.0,0.0,0.0,110.0,17.0,1.0,0.0
10184,5.0,1.0,0.0,0.0,0.0,138.0,18.0,1.0,0.030927835051546393
10185,3.0,1.0,0.0,0.0,0.0,138.0,19.0,1.0,0.010309278350515464
10186,11.0,1.0,0.0,0.0,0.0,230.0,19.0,1.0,0.05154639175257732
10187,3.0,1.0,0.0,0.0,0.0,112.0,15.0,2.0,0.0
10188,16.0,1.0,0.0,0.0,0.0,137.0,19.0,2.0,0.020618556701030927
10189,13.0,1.0,0.0,0.0,1.0,130.0,22.0,2.0,0.020618556701030927
10190,2.0,1.0,0.0,0.0,1.0,130.0,7.0,3.0,0.010309278350515464
10191,2.0,1.0,0.0,0.0,0.0,88.0,8.0,3.0,0.010309278350515464
10192,1.0,1.0,0.0,0.0,1.0,249.0,12.0,3.0,0.0
10193,5.0,1.0,0.0,0.0,0.0,105.0,12.0,3.0,0.020618556701030927
10194,4.0,1.0,0.0,0.0,0.0,317.0,15.0,3.0,0.010309278350515464
10195,4.0,1.0,0.0,0.0,1.0,122.0,20.0,3.0,0.0
10196,6.0,1.0,0.0,0.0,0.0,108.0,23.0,3.0,0.020618556701030927
10197,3.0,1.0,0.0,0.0,0.0,161.0,10.0,4.0,0.010309278350515464
10198,6.0,1.0,0.0,0.0,1.0,97.0,14.0,4.0,0.041237113402061855
10199,7.0,1.0,0.0,0.0,0.0,361.0,18.0,4.0,0.020618556701030927
10200,31.0,1.0,0.0,0.0,0.0,3225.0,19.0,4.0,0.1134020618556701
10201,3.0,1.0,0.0,0.0,1.0,130.0,16.0,5.0,0.0
10202,5.0,1.0,0.0,0.0,0.0,98.0,20.0,5.0,0.020618556701030927
10203,2.0,1.0,0.0,0.0,1.0,109.0,9.0,6.0,0.010309278350515464
10204,11.0,1.0,0.0,0.0,1.0,131.0,13.0,6.0,0.041237113402061855
10205,34.0,1.0,0.0,0.0,1.0,146.0,8.0,0.0,0.14432989690721648
10206,19.0,1.0,0.0,0.0,0.0,180.0,14.0,0.0,0.12371134020618557
10207,11.0,1.0,0.0,0.0,1.0,126.0,20.0,0.0,0.061855670103092786
10208,11.0,1.0,0.0,0.0,0.0,122.0,11.0,1.0,0.010309278350515464
10209,28.0,1.0,0.0,0.0,1.0,245.0,13.0,1.0,0.05154639175257732
10210,14.0,1.0,0.0,0.0,0.0,420.0,9.0,2.0,0.030927835051546393
10211,5.0,1.0,0.0,0.0,0.0,278.0,13.0,2.0,0.010309278350515464
10212,3.0,1.0,0.0,0.0,0.0,232.0,13.0,2.0,0.010309278350515464
10213,8.0,1.0,0.0,0.0,0.0,106.0,13.0,2.0,0.05154639175257732
10214,17.0,1.0,0.0,0.0,0.0,121.0,15.0,2.0,0.041237113402061855
10215,22.0,1.0,0.0,0.0,0.0,151.0,19.0,2.0,0.041237113402061855
10216,5.0,1.0,0.0,0.0,0.0,152.0,17.0,3.0,0.010309278350515464
10217,12.0,1.0,0.0,0.0,1.0,259.0,19.0,3.0,0.041237113402061855
10218,17.0,1.0,0.0,0.0,1.0,126.0,18.0,4.0,0.05154639175257732
10219,9.0,1.0,0.0,0.0,0.0,111.0,8.0,5.0,0.020618556701030927
10220,27.0,1.0,0.0,0.0,0.0,126.0,17.0,5.0,0.030927835051546393
10221,4.0,1.0,0.0,0.0,0.0,159.0,9.0,6.0,0.020618556701030927
10222,14.0,1.0,0.0,0.0,0.0,118.0,10.0,6.0,0.05154639175257732
10223,5.0,1.0,0.0,0.0,0.0,175.0,21.0,6.0,0.010309278350515464
10224,96.0,1.0,0.0,0.0,0.0,150.0,21.0,6.0,0.24742268041237114
10225,5.0,1.0,0.0,0.0,0.0,132.0,23.0,1.0,0.041237113402061855
10226,18.0,1.0,0.0,0.0,0.0,636.0,7.0,2.0,0.07216494845360824
10227,59.0,1.0,0.0,0.0,0.0,319.0,15.0,2.0,0.12371134020618557
10228,1.0,1.0,0.0,0.0,0.0,338.0,16.0,3.0,0.0
10229,1.0,1.0,0.0,0.0,0.0,106.0,17.0,3.0,0.0
10230,24.0,1.0,0.0,0.0,0.0,97.0,17.0,3.0,0.10309278350515463
10231,43.0,1.0,0.0,0.0,1.0,473.0,7.0,4.0,0.14432989690721648
10232,31.0,1.0,0.0,0.0,1.0,896.0,11.0,5.0,0.13402061855670103
10233,8.0,1.0,0.0,0.0,1.0,131.0,17.0,0.0,0.030927835051546393
10234,5.0,1.0,0.0,0.0,0.0,126.0,22.0,0.0,0.030927835051546393
10235,8.0,1.0,0.0,0.0,0.0,140.0,12.0,1.0,0.030927835051546393
10236,3.0,1.0,0.0,0.0,0.0,95.0,20.0,1.0,0.010309278350515464
10237,4.0,1.0,0.0,0.0,1.0,332.0,21.0,1.0,0.020618556701030927
10238,8.0,1.0,0.0,0.0,0.0,111.0,11.0,2.0,0.030927835051546393
10239,9.0,1.0,0.0,1.0,0.0,143.0,14.0,2.0,0.05154639175257732
10240,22.0,1.0,0.0,0.0,0.0,92.0,19.0,2.0,0.1134020618556701
10241,7.0,1.0,0.0,0.0,1.0,124.0,19.0,3.0,0.041237113402061855
10242,1.0,1.0,0.0,0.0,0.0,277.0,20.0,3.0,0.0
10243,5.0,1.0,0.0,0.0,0.0,132.0,20.0,3.0,0.030927835051546393
10244,6.0,1.0,0.0,0.0,0.0,235.0,9.0,4.0,0.010309278350515464
10245,9.0,1.0,0.0,0.0,0.0,258.0,14.0,4.0,0.020618556701030927
10246,3.0,1.0,0.0,0.0,0.0,125.0,18.0,4.0,0.010309278350515464
10247,6.0,1.0,0.0,0.0,0.0,136.0,19.0,4.0,0.010309278350515464
10248,10.0,1.0,0.0,0.0,1.0,133.0,22.0,4.0,0.05154639175257732
10249,54.0,1.0,0.0,0.0,0.0,201.0,17.0,5.0,0.12371134020618557
10250,9.0,1.0,0.0,0.0,0.0,164.0,20.0,1.0,0.041237113402061855
10251,6.0,1.0,0.0,0.0,0.0,169.0,8.0,2.0,0.020618556701030927
10252,4.0,1.0,0.0,0.0,0.0,659.0,11.0,2.0,0.0
10253,6.0,1.0,0.0,0.0,0.0,156.0,16.0,2.0,0.041237113402061855
10254,3.0,1.0,0.0,0.0,1.0,472.0,19.0,2.0,0.010309278350515464
10255,6.0,1.0,0.0,0.0,1.0,85.0,6.0,3.0,0.05154639175257732
10256,15.0,1.0,0.0,0.0,1.0,210.0,11.0,3.0,0.061855670103092786
10257,2.0,1.0,0.0,0.0,0.0,191.0,6.0,4.0,0.010309278350515464
10258,13.0,1.0,0.0,0.0,0.0,320.0,9.0,4.0,0.010309278350515464
10259,65.0,1.0,0.0,0.0,0.0,130.0,16.0,4.0,0.15463917525773196
10260,5.0,1.0,0.0,0.0,0.0,274.0,23.0,6.0,0.010309278350515464
10261,7.0,1.0,0.0,0.0,0.0,514.0,12.0,0.0,0.030927835051546393
10262,6.0,1.0,0.0,0.0,0.0,178.0,17.0,0.0,0.030927835051546393
10263,3.0,1.0,0.0,0.0,0.0,451.0,21.0,0.0,0.010309278350515464
10264,3.0,1.0,0.0,0.0,0.0,173.0,21.0,0.0,0.010309278350515464
10265,2.0,1.0,0.0,0.0,0.0,451.0,23.0,0.0,0.010309278350515464
10266,6.0,1.0,0.0,0.0,0.0,156.0,10.0,1.0,0.030927835051546393
10267,45.0,1.0,0.0,0.0,0.0,170.0,20.0,1.0,0.16494845360824742
10268,17.0,1.0,0.0,0.0,1.0,113.0,11.0,2.0,0.041237113402061855
10269,1.0,1.0,0.0,0.0,0.0,101.0,12.0,2.0,0.0
10270,23.0,1.0,0.0,0.0,0.0,231.0,12.0,2.0,0.061855670103092786
10271,2.0,1.0,0.0,0.0,1.0,100.0,5.0,3.0,0.0
10272,12.0,1.0,0.0,0.0,0.0,101.0,9.0,3.0,0.041237113402061855
10273,28.0,1.0,0.0,0.0,1.0,94.0,13.0,3.0,0.12371134020618557
10274,2.0,1.0,0.0,0.0,0.0,230.0,15.0,3.0,0.0
10275,1.0,1.0,0.0,0.0,0.0,122.0,15.0,3.0,0.0
10276,9.0,1.0,0.0,0.0,0.0,293.0,15.0,3.0,0.041237113402061855
10277,3.0,1.0,0.0,0.0,0.0,188.0,19.0,3.0,0.010309278350515464
10278,3.0,1.0,0.0,0.0,0.0,120.0,19.0,3.0,0.020618556701030927
10279,1.0,1.0,0.0,0.0,0.0,97.0,19.0,3.0,0.0
10280,11.0,1.0,0.0,0.0,0.0,148.0,19.0,3.0,0.030927835051546393
10281,55.0,1.0,0.0,0.0,0.0,95.0,6.0,4.0,0.14432989690721648
10282,4.0,1.0,0.0,0.0,0.0,300.0,17.0,4.0,0.010309278350515464
10283,25.0,1.0,0.0,0.0,0.0,400.0,17.0,4.0,0.05154639175257732
10284,3.0,1.0,0.0,0.0,0.0,650.0,8.0,5.0,0.010309278350515464
10285,8.0,1.0,0.0,0.0,0.0,512.0,9.0,5.0,0.030927835051546393
10286,4.0,1.0,0.0,0.0,1.0,156.0,15.0,5.0,0.010309278350515464
10287,2.0,1.0,0.0,0.0,0.0,194.0,16.0,5.0,0.010309278350515464
10288,3.0,1.0,0.0,0.0,0.0,174.0,17.0,5.0,0.0
10289,22.0,1.0,0.0,0.0,0.0,118.0,17.0,5.0,0.041237113402061855
10290,5.0,1.0,0.0,0.0,1.0,93.0,9.0,6.0,0.010309278350515464
10291,13.0,1.0,0.0,1.0,0.0,92.0,11.0,6.0,0.041237113402061855
10292,6.0,1.0,0.0,0.0,1.0,146.0,20.0,6.0,0.020618556701030927
10293,24.0,1.0,0.0,0.0,0.0,206.0,9.0,0.0,0.030927835051546393
10294,12.0,1.0,0.0,0.0,0.0,117.0,15.0,0.0,0.020618556701030927
10295,2.0,1.0,0.0,0.0,0.0,248.0,19.0,0.0,0.010309278350515464
10296,9.0,1.0,0.0,0.0,0.0,437.0,20.0,0.0,0.041237113402061855
10297,2.0,1.0,0.0,0.0,0.0,95.0,12.0,1.0,0.0
10298,65.0,1.0,0.0,0.0,0.0,126.0,12.0,1.0,0.14432989690721648
10299,56.0,1.0,0.0,0.0,1.0,103.0,20.0,1.0,0.13402061855670103
10300,3.0,1.0,0.0,1.0,0.0,192.0,18.0,2.0,0.010309278350515464
10301,10.0,1.0,0.0,1.0,0.0,228.0,19.0,2.0,0.05154639175257732
10302,2.0,1.0,0.0,0.0,0.0,202.0,21.0,2.0,0.010309278350515464
10303,1.0,1.0,0.0,0.0,0.0,256.0,21.0,2.0,0.0
10304,7.0,1.0,0.0,0.0,1.0,221.0,22.0,2.0,0.030927835051546393
10305,29.0,1.0,0.0,0.0,0.0,112.0,6.0,3.0,0.08247422680412371
10306,10.0,1.0,0.0,0.0,0.0,233.0,9.0,3.0,0.041237113402061855
10307,7.0,1.0,0.0,0.0,0.0,87.0,10.0,3.0,0.010309278350515464
10308,29.0,1.0,0.0,0.0,0.0,214.0,11.0,3.0,0.061855670103092786
10309,1.0,1.0,0.0,0.0,0.0,183.0,14.0,3.0,0.0
10310,6.0,1.0,0.0,0.0,0.0,138.0,14.0,3.0,0.030927835051546393
10311,16.0,1.0,0.0,0.0,0.0,167.0,16.0,3.0,0.030927835051546393
10312,24.0,1.0,0.0,0.0,1.0,90.0,19.0,3.0,0.09278350515463918
10313,6.0,1.0,0.0,0.0,0.0,209.0,16.0,4.0,0.0
10314,3.0,1.0,0.0,0.0,1.0,136.0,18.0,4.0,0.010309278350515464
10315,8.0,1.0,0.0,0.0,0.0,95.0,22.0,4.0,0.041237113402061855
10316,14.0,1.0,0.0,0.0,0.0,206.0,12.0,5.0,0.07216494845360824
10317,6.0,1.0,0.0,0.0,0.0,107.0,15.0,5.0,0.041237113402061855
10318,1.0,1.0,0.0,0.0,0.0,398.0,9.0,6.0,0.0
10319,21.0,1.0,0.0,1.0,1.0,127.0,17.0,6.0,0.10309278350515463
10320,13.0,1.0,0.0,0.0,0.0,116.0,0.0,1.0,0.07216494845360824
10321,6.0,1.0,0.0,0.0,1.0,195.0,11.0,1.0,0.041237113402061855
10322,32.0,1.0,0.0,0.0,0.0,149.0,12.0,1.0,0.13402061855670103
10323,2.0,1.0,0.0,0.0,1.0,207.0,12.0,3.0,0.010309278350515464
10324,1.0,1.0,0.0,0.0,0.0,111.0,20.0,3.0,0.0
10325,16.0,1.0,0.0,0.0,0.0,142.0,20.0,3.0,0.030927835051546393
10326,35.0,1.0,0.0,0.0,0.0,116.0,10.0,4.0,0.10309278350515463
10327,3.0,1.0,0.0,1.0,1.0,134.0,19.0,4.0,0.010309278350515464
10328,7.0,1.0,0.0,0.0,1.0,265.0,21.0,4.0,0.041237113402061855
10329,34.0,1.0,0.0,0.0,0.0,148.0,8.0,5.0,0.08247422680412371
10330,5.0,1.0,0.0,0.0,1.0,98.0,11.0,5.0,0.010309278350515464
10331,2.0,1.0,0.0,0.0,0.0,110.0,12.0,5.0,0.0
10332,6.0,1.0,0.0,0.0,0.0,118.0,12.0,5.0,0.010309278350515464
10333,8.0,1.0,0.0,0.0,0.0,292.0,21.0,5.0,0.020618556701030927
10334,13.0,1.0,0.0,0.0,0.0,104.0,10.0,6.0,0.05154639175257732
10335,1.0,1.0,0.0,0.0,0.0,164.0,16.0,6.0,0.0
10336,3.0,1.0,0.0,0.0,1.0,211.0,16.0,6.0,0.0
10337,1.0,1.0,0.0,0.0,0.0,108.0,20.0,6.0,0.0
10338,2.0,1.0,0.0,0.0,1.0,211.0,21.0,6.0,0.0
10339,1.0,1.0,0.0,0.0,1.0,114.0,7.0,0.0,0.0
10340,5.0,1.0,0.0,0.0,0.0,122.0,7.0,0.0,0.010309278350515464
10341,7.0,1.0,0.0,0.0,0.0,94.0,8.0,0.0,0.020618556701030927
10342,2.0,1.0,0.0,0.0,1.0,143.0,9.0,0.0,0.0
10343,1.0,1.0,0.0,0.0,0.0,239.0,9.0,0.0,0.0
10344,3.0,1.0,0.0,0.0,0.0,103.0,9.0,0.0,0.0
10345,3.0,1.0,0.0,0.0,1.0,143.0,9.0,0.0,0.0
10346,1.0,1.0,0.0,0.0,0.0,292.0,9.0,0.0,0.0
10347,1.0,1.0,0.0,0.0,0.0,173.0,9.0,0.0,0.0
10348,1.0,1.0,0.0,0.0,0.0,223.0,9.0,0.0,0.0
10349,5.0,1.0,0.0,0.0,0.0,99.0,11.0,0.0,0.020618556701030927
10350,1.0,1.0,0.0,0.0,0.0,226.0,13.0,0.0,0.0
10351,1.0,1.0,0.0,0.0,0.0,158.0,13.0,0.0,0.0
10352,8.0,1.0,0.0,0.0,0.0,134.0,14.0,0.0,0.020618556701030927
10353,9.0,1.0,0.0,0.0,1.0,240.0,15.0,0.0,0.0
10354,2.0,1.0,0.0,0.0,1.0,287.0,17.0,0.0,0.0
10355,1.0,1.0,0.0,0.0,1.0,159.0,19.0,0.0,0.0
10356,2.0,1.0,0.0,0.0,0.0,116.0,19.0,0.0,0.0
10357,6.0,1.0,0.0,0.0,0.0,182.0,21.0,0.0,0.010309278350515464
10358,1.0,1.0,0.0,0.0,0.0,166.0,7.0,1.0,0.0
10359,7.0,1.0,0.0,0.0,0.0,208.0,10.0,1.0,0.0
10360,19.0,1.0,0.0,1.0,0.0,151.0,14.0,1.0,0.08247422680412371
10361,4.0,1.0,0.0,0.0,1.0,163.0,16.0,2.0,0.020618556701030927
10362,9.0,1.0,0.0,0.0,0.0,97.0,18.0,2.0,0.030927835051546393
10363,1.0,1.0,0.0,0.0,1.0,841.0,22.0,2.0,0.0
10364,6.0,1.0,0.0,0.0,0.0,215.0,23.0,2.0,0.0
10365,2.0,1.0,0.0,0.0,1.0,126.0,7.0,3.0,0.0
10366,2.0,1.0,0.0,0.0,0.0,220.0,7.0,3.0,0.0
10367,26.0,1.0,0.0,0.0,0.0,164.0,8.0,3.0,0.061855670103092786
10368,4.0,1.0,0.0,1.0,1.0,175.0,13.0,3.0,0.010309278350515464
10369,1.0,1.0,0.0,0.0,0.0,338.0,20.0,3.0,0.0
10370,7.0,1.0,0.0,0.0,0.0,134.0,20.0,3.0,0.030927835051546393
10371,6.0,1.0,0.0,0.0,0.0,125.0,10.0,4.0,0.0
10372,20.0,1.0,0.0,0.0,1.0,115.0,14.0,4.0,0.061855670103092786
10373,15.0,1.0,0.0,0.0,0.0,96.0,10.0,5.0,0.030927835051546393
10374,36.0,1.0,0.0,0.0,0.0,211.0,10.0,5.0,0.061855670103092786
10375,4.0,1.0,0.0,0.0,0.0,162.0,16.0,5.0,0.010309278350515464
10376,5.0,1.0,0.0,0.0,0.0,236.0,8.0,6.0,0.010309278350515464
10377,10.0,1.0,0.0,1.0,0.0,225.0,17.0,6.0,0.041237113402061855
10378,13.0,1.0,0.0,0.0,0.0,126.0,10.0,0.0,0.05154639175257732
10379,1.0,1.0,0.0,0.0,0.0,129.0,14.0,0.0,0.0
10380,1.0,1.0,0.0,1.0,0.0,112.0,16.0,0.0,0.0
10381,3.0,1.0,0.0,0.0,0.0,159.0,17.0,0.0,0.010309278350515464
10382,7.0,1.0,0.0,1.0,1.0,212.0,19.0,0.0,0.030927835051546393
10383,2.0,1.0,0.0,0.0,0.0,230.0,8.0,1.0,0.010309278350515464
10384,23.0,1.0,0.0,0.0,0.0,108.0,11.0,1.0,0.12371134020618557
10385,21.0,1.0,0.0,0.0,1.0,157.0,17.0,1.0,0.16494845360824742
10386,3.0,1.0,0.0,0.0,0.0,345.0,22.0,1.0,0.020618556701030927
10387,31.0,1.0,0.0,0.0,0.0,403.0,12.0,2.0,0.12371134020618557
10388,1.0,1.0,0.0,0.0,0.0,274.0,11.0,3.0,0.0
10389,14.0,1.0,0.0,1.0,0.0,263.0,11.0,3.0,0.020618556701030927
10390,4.0,1.0,0.0,0.0,1.0,133.0,14.0,3.0,0.020618556701030927
10391,2.0,1.0,0.0,0.0,0.0,156.0,17.0,3.0,0.0
10392,1.0,1.0,0.0,0.0,0.0,297.0,20.0,3.0,0.0
10393,6.0,1.0,0.0,0.0,0.0,274.0,20.0,3.0,0.041237113402061855
10394,8.0,1.0,0.0,0.0,1.0,189.0,17.0,4.0,0.030927835051546393
10395,4.0,1.0,0.0,0.0,0.0,116.0,8.0,5.0,0.010309278350515464
10396,1.0,1.0,0.0,0.0,1.0,121.0,16.0,5.0,0.0
10397,25.0,1.0,0.0,0.0,0.0,248.0,17.0,5.0,0.12371134020618557
10398,6.0,1.0,0.0,0.0,0.0,168.0,20.0,6.0,0.030927835051546393
10399,4.0,1.0,0.0,0.0,0.0,190.0,3.0,0.0,0.030927835051546393
10400,30.0,1.0,0.0,0.0,1.0,170.0,11.0,0.0,0.12371134020618557
10401,8.0,1.0,0.0,0.0,0.0,240.0,11.0,1.0,0.041237113402061855
10402,3.0,1.0,0.0,0.0,0.0,136.0,19.0,1.0,0.0
10403,3.0,1.0,0.0,0.0,0.0,240.0,20.0,1.0,0.0
10404,4.0,1.0,0.0,0.0,0.0,91.0,21.0,1.0,0.020618556701030927
10405,2.0,1.0,0.0,0.0,1.0,229.0,11.0,2.0,0.010309278350515464
10406,1.0,1.0,0.0,0.0,1.0,301.0,13.0,2.0,0.0
10407,5.0,1.0,0.0,0.0,0.0,260.0,13.0,2.0,0.0
10408,3.0,1.0,0.0,0.0,0.0,124.0,16.0,2.0,0.0
10409,3.0,1.0,0.0,0.0,1.0,160.0,17.0,2.0,0.0
10410,6.0,1.0,0.0,0.0,1.0,229.0,18.0,2.0,0.020618556701030927
10411,4.0,1.0,0.0,0.0,1.0,89.0,9.0,3.0,0.010309278350515464
10412,25.0,1.0,0.0,0.0,0.0,93.0,10.0,3.0,0.05154639175257732
10413,2.0,1.0,0.0,0.0,0.0,452.0,14.0,4.0,0.0
10414,4.0,1.0,0.0,0.0,0.0,240.0,16.0,4.0,0.020618556701030927
10415,1.0,1.0,0.0,0.0,0.0,240.0,21.0,4.0,0.0
10416,4.0,1.0,0.0,0.0,0.0,95.0,7.0,5.0,0.010309278350515464
10417,9.0,1.0,0.0,0.0,1.0,975.0,10.0,5.0,0.010309278350515464
10418,2.0,1.0,0.0,0.0,0.0,458.0,10.0,6.0,0.010309278350515464
10419,9.0,1.0,0.0,0.0,0.0,458.0,15.0,6.0,0.041237113402061855
10420,2.0,1.0,0.0,0.0,1.0,129.0,21.0,6.0,0.0
10421,5.0,1.0,0.0,0.0,0.0,142.0,7.0,0.0,0.020618556701030927
10422,11.0,1.0,0.0,0.0,0.0,161.0,9.0,0.0,0.061855670103092786
10423,1.0,1.0,0.0,0.0,0.0,525.0,8.0,1.0,0.0
10424,21.0,1.0,0.0,0.0,0.0,96.0,8.0,1.0,0.041237113402061855
10425,3.0,1.0,0.0,0.0,1.0,207.0,13.0,1.0,0.0
10426,2.0,1.0,0.0,0.0,1.0,130.0,14.0,1.0,0.0
10427,5.0,1.0,0.0,0.0,0.0,648.0,14.0,1.0,0.020618556701030927
10428,2.0,1.0,0.0,0.0,0.0,410.0,19.0,1.0,0.010309278350515464
10429,1.0,1.0,0.0,0.0,0.0,257.0,20.0,1.0,0.0
10430,1.0,1.0,0.0,0.0,0.0,216.0,20.0,1.0,0.0
10431,20.0,1.0,0.0,0.0,1.0,193.0,20.0,1.0,0.05154639175257732
10432,17.0,1.0,0.0,0.0,0.0,164.0,22.0,1.0,0.061855670103092786
10433,3.0,1.0,0.0,0.0,0.0,170.0,20.0,2.0,0.0
10434,1.0,1.0,0.0,0.0,0.0,510.0,20.0,2.0,0.0
10435,1.0,1.0,0.0,0.0,0.0,150.0,20.0,2.0,0.0
10436,4.0,1.0,0.0,0.0,1.0,130.0,21.0,2.0,0.020618556701030927
10437,8.0,1.0,0.0,0.0,0.0,95.0,7.0,3.0,0.020618556701030927
10438,1.0,1.0,0.0,0.0,0.0,109.0,8.0,3.0,0.0
10439,7.0,1.0,0.0,0.0,0.0,201.0,10.0,3.0,0.020618556701030927
10440,10.0,1.0,0.0,0.0,0.0,246.0,15.0,3.0,0.020618556701030927
10441,5.0,1.0,0.0,0.0,0.0,150.0,20.0,3.0,0.020618556701030927
10442,6.0,1.0,0.0,0.0,0.0,244.0,20.0,3.0,0.010309278350515464
10443,1.0,1.0,0.0,0.0,1.0,106.0,7.0,4.0,0.0
10444,1.0,1.0,0.0,0.0,0.0,150.0,7.0,4.0,0.0
10445,2.0,1.0,0.0,0.0,0.0,283.0,10.0,4.0,0.010309278350515464
10446,19.0,1.0,0.0,0.0,0.0,166.0,11.0,4.0,0.010309278350515464
10447,4.0,1.0,0.0,0.0,0.0,98.0,13.0,4.0,0.0
10448,3.0,1.0,0.0,0.0,0.0,224.0,15.0,4.0,0.010309278350515464
10449,15.0,1.0,0.0,0.0,0.0,183.0,17.0,4.0,0.05154639175257732
10450,47.0,1.0,0.0,0.0,0.0,151.0,6.0,5.0,0.09278350515463918
10451,26.0,1.0,0.0,0.0,0.0,122.0,19.0,5.0,0.05154639175257732
10452,14.0,1.0,0.0,0.0,0.0,147.0,19.0,6.0,0.041237113402061855
10453,1.0,1.0,0.0,0.0,0.0,507.0,13.0,0.0,0.0
10454,3.0,1.0,0.0,0.0,0.0,244.0,13.0,0.0,0.0
10455,9.0,1.0,0.0,0.0,0.0,509.0,13.0,0.0,0.030927835051546393
10456,5.0,1.0,0.0,0.0,0.0,421.0,21.0,0.0,0.041237113402061855
10457,6.0,1.0,0.0,0.0,0.0,102.0,8.0,1.0,0.020618556701030927
10458,9.0,1.0,0.0,0.0,1.0,108.0,12.0,1.0,0.041237113402061855
10459,4.0,1.0,0.0,0.0,1.0,159.0,13.0,1.0,0.010309278350515464
10460,2.0,1.0,0.0,0.0,0.0,179.0,8.0,2.0,0.0
10461,4.0,1.0,0.0,0.0,0.0,250.0,10.0,2.0,0.0
10462,2.0,1.0,0.0,0.0,0.0,113.0,14.0,2.0,0.010309278350515464
10463,2.0,1.0,0.0,0.0,0.0,128.0,16.0,2.0,0.0
10464,2.0,1.0,0.0,0.0,0.0,163.0,17.0,2.0,0.010309278350515464
10465,1.0,1.0,0.0,0.0,0.0,294.0,9.0,3.0,0.0
10466,2.0,1.0,0.0,0.0,0.0,164.0,9.0,3.0,0.0
10467,17.0,1.0,0.0,0.0,0.0,139.0,12.0,3.0,0.08247422680412371
10468,2.0,1.0,0.0,0.0,1.0,120.0,20.0,3.0,0.010309278350515464
10469,5.0,1.0,0.0,0.0,1.0,148.0,22.0,3.0,0.030927835051546393
10470,12.0,1.0,0.0,0.0,0.0,215.0,8.0,4.0,0.010309278350515464
10471,12.0,1.0,0.0,0.0,1.0,102.0,16.0,4.0,0.041237113402061855
10472,20.0,1.0,0.0,0.0,0.0,1342.0,20.0,5.0,0.020618556701030927
10473,19.0,1.0,0.0,0.0,1.0,347.0,22.0,6.0,0.07216494845360824
10474,11.0,1.0,0.0,0.0,0.0,383.0,8.0,1.0,0.010309278350515464
10475,19.0,1.0,0.0,0.0,1.0,103.0,17.0,1.0,0.12371134020618557
10476,3.0,1.0,0.0,0.0,0.0,206.0,13.0,2.0,0.0
10477,17.0,1.0,0.0,0.0,1.0,97.0,19.0,2.0,0.020618556701030927
10478,3.0,1.0,0.0,0.0,0.0,183.0,8.0,3.0,0.010309278350515464
10479,2.0,1.0,0.0,0.0,0.0,147.0,10.0,3.0,0.0
10480,4.0,1.0,0.0,0.0,0.0,89.0,12.0,3.0,0.010309278350515464
10481,1.0,1.0,0.0,0.0,0.0,108.0,13.0,3.0,0.0
10482,1.0,1.0,0.0,0.0,0.0,182.0,14.0,3.0,0.0
10483,20.0,1.0,0.0,0.0,0.0,312.0,19.0,3.0,0.061855670103092786
10484,10.0,1.0,0.0,0.0,0.0,132.0,17.0,4.0,0.030927835051546393
10485,5.0,1.0,0.0,0.0,1.0,663.0,9.0,5.0,0.010309278350515464
10486,3.0,1.0,0.0,0.0,0.0,116.0,11.0,5.0,0.020618556701030927
10487,7.0,1.0,0.0,0.0,1.0,152.0,11.0,5.0,0.020618556701030927
10488,7.0,1.0,0.0,0.0,0.0,225.0,18.0,5.0,0.05154639175257732
10489,2.0,1.0,0.0,0.0,0.0,109.0,11.0,6.0,0.010309278350515464
10490,3.0,1.0,0.0,0.0,0.0,108.0,12.0,6.0,0.020618556701030927
10491,15.0,1.0,0.0,0.0,0.0,1056.0,17.0,6.0,0.09278350515463918
10492,1.0,1.0,0.0,0.0,0.0,1219.0,20.0,0.0,0.0
10493,28.0,1.0,0.0,0.0,0.0,1223.0,20.0,0.0,0.1134020618556701
10494,8.0,1.0,0.0,0.0,0.0,1219.0,9.0,2.0,0.020618556701030927
10495,6.0,1.0,0.0,0.0,0.0,109.0,15.0,2.0,0.010309278350515464
10496,10.0,1.0,0.0,0.0,0.0,213.0,9.0,3.0,0.041237113402061855
10497,1.0,1.0,0.0,0.0,0.0,243.0,19.0,4.0,0.0
10498,25.0,1.0,0.0,0.0,0.0,518.0,19.0,4.0,0.030927835051546393
10499,9.0,1.0,0.0,0.0,0.0,171.0,9.0,6.0,0.020618556701030927
10500,2.0,1.0,0.0,0.0,1.0,102.0,21.0,6.0,0.0
10501,10.0,1.0,0.0,1.0,1.0,76.0,22.0,6.0,0.061855670103092786
10502,1.0,1.0,0.0,0.0,0.0,89.0,13.0,0.0,0.0
10503,20.0,1.0,0.0,0.0,0.0,207.0,14.0,0.0,0.13402061855670103
10504,7.0,1.0,0.0,0.0,0.0,128.0,12.0,1.0,0.030927835051546393
10505,6.0,1.0,0.0,0.0,1.0,90.0,15.0,1.0,0.041237113402061855
10506,12.0,1.0,0.0,0.0,1.0,90.0,16.0,1.0,0.041237113402061855
10507,60.0,1.0,0.0,0.0,0.0,146.0,8.0,2.0,0.16494845360824742
10508,10.0,1.0,0.0,0.0,0.0,298.0,20.0,2.0,0.030927835051546393
10509,1.0,1.0,0.0,1.0,0.0,116.0,13.0,3.0,0.0
10510,15.0,1.0,0.0,0.0,0.0,117.0,13.0,3.0,0.05154639175257732
10511,2.0,1.0,0.0,0.0,0.0,153.0,18.0,3.0,0.0
10512,3.0,1.0,0.0,0.0,0.0,170.0,20.0,3.0,0.0
10513,4.0,1.0,0.0,0.0,0.0,298.0,22.0,3.0,0.030927835051546393
10514,13.0,1.0,0.0,0.0,0.0,166.0,10.0,4.0,0.041237113402061855
10515,3.0,1.0,0.0,0.0,0.0,197.0,11.0,4.0,0.020618556701030927
10516,3.0,1.0,0.0,0.0,0.0,306.0,13.0,4.0,0.0
10517,3.0,1.0,0.0,0.0,0.0,181.0,13.0,4.0,0.0
10518,1.0,1.0,0.0,0.0,0.0,381.0,14.0,4.0,0.0
10519,13.0,1.0,0.0,0.0,0.0,104.0,14.0,4.0,0.05154639175257732
10520,5.0,1.0,0.0,0.0,0.0,148.0,16.0,4.0,0.020618556701030927
10521,3.0,1.0,0.0,0.0,0.0,310.0,19.0,4.0,0.010309278350515464
10522,3.0,1.0,0.0,0.0,1.0,191.0,20.0,4.0,0.0
10523,2.0,1.0,0.0,0.0,0.0,116.0,20.0,4.0,0.0
10524,6.0,1.0,0.0,0.0,0.0,88.0,21.0,4.0,0.020618556701030927
10525,20.0,1.0,0.0,0.0,0.0,140.0,9.0,5.0,0.05154639175257732
10526,10.0,1.0,0.0,0.0,0.0,170.0,20.0,6.0,0.05154639175257732
10527,16.0,1.0,0.0,0.0,0.0,689.0,17.0,0.0,0.030927835051546393
10528,12.0,1.0,0.0,0.0,0.0,666.0,19.0,0.0,0.07216494845360824
10529,6.0,1.0,0.0,0.0,0.0,124.0,7.0,1.0,0.010309278350515464
10530,4.0,1.0,0.0,0.0,0.0,565.0,14.0,1.0,0.020618556701030927
10531,12.0,1.0,0.0,0.0,0.0,146.0,20.0,1.0,0.07216494845360824
10532,5.0,1.0,0.0,0.0,0.0,110.0,17.0,2.0,0.030927835051546393
10533,9.0,1.0,0.0,0.0,0.0,337.0,12.0,3.0,0.020618556701030927
10534,7.0,1.0,0.0,0.0,1.0,148.0,20.0,3.0,0.020618556701030927
10535,2.0,1.0,0.0,0.0,1.0,221.0,22.0,3.0,0.010309278350515464
10536,1.0,1.0,0.0,0.0,1.0,185.0,8.0,4.0,0.0
10537,2.0,1.0,0.0,0.0,1.0,143.0,8.0,4.0,0.0
10538,1.0,1.0,0.0,0.0,1.0,185.0,8.0,4.0,0.0
10539,3.0,1.0,0.0,0.0,1.0,143.0,8.0,4.0,0.0
10540,18.0,1.0,0.0,0.0,0.0,109.0,8.0,4.0,0.09278350515463918
10541,6.0,1.0,0.0,0.0,0.0,159.0,14.0,4.0,0.041237113402061855
10542,6.0,1.0,0.0,0.0,0.0,91.0,16.0,4.0,0.030927835051546393
10543,3.0,1.0,0.0,0.0,0.0,130.0,17.0,4.0,0.010309278350515464
10544,20.0,1.0,0.0,0.0,0.0,294.0,18.0,4.0,0.14432989690721648
10545,10.0,1.0,0.0,0.0,0.0,477.0,21.0,4.0,0.05154639175257732
10546,14.0,1.0,0.0,0.0,0.0,144.0,22.0,4.0,0.07216494845360824
10547,37.0,1.0,0.0,0.0,1.0,274.0,9.0,5.0,0.1134020618556701
10548,39.0,1.0,0.0,0.0,0.0,276.0,11.0,5.0,0.14432989690721648
10549,12.0,1.0,0.0,0.0,0.0,626.0,21.0,5.0,0.08247422680412371
10550,13.0,1.0,0.0,1.0,1.0,151.0,22.0,6.0,0.07216494845360824
10551,7.0,1.0,0.0,0.0,0.0,181.0,12.0,0.0,0.020618556701030927
10552,35.0,1.0,0.0,1.0,0.0,147.0,15.0,0.0,0.1958762886597938
10553,5.0,1.0,0.0,0.0,0.0,95.0,11.0,2.0,0.030927835051546393
10554,2.0,1.0,0.0,0.0,0.0,118.0,13.0,2.0,0.0
10555,3.0,1.0,0.0,0.0,0.0,170.0,14.0,2.0,0.0
10556,3.0,1.0,0.0,0.0,0.0,267.0,18.0,2.0,0.0
10557,10.0,1.0,0.0,1.0,1.0,285.0,19.0,2.0,0.07216494845360824
10558,16.0,1.0,0.0,0.0,0.0,170.0,11.0,3.0,0.05154639175257732
10559,4.0,1.0,0.0,0.0,0.0,263.0,18.0,3.0,0.030927835051546393
10560,5.0,1.0,0.0,0.0,0.0,178.0,9.0,4.0,0.030927835051546393
10561,3.0,1.0,0.0,0.0,1.0,107.0,17.0,4.0,0.020618556701030927
10562,1.0,1.0,0.0,0.0,0.0,293.0,20.0,4.0,0.0
10563,1.0,1.0,0.0,0.0,0.0,192.0,20.0,4.0,0.0
10564,7.0,1.0,0.0,0.0,0.0,185.0,20.0,4.0,0.05154639175257732
10565,5.0,1.0,0.0,0.0,1.0,128.0,6.0,5.0,0.030927835051546393
10566,25.0,1.0,0.0,0.0,1.0,143.0,11.0,5.0,0.10309278350515463
10567,1.0,1.0,0.0,0.0,1.0,860.0,19.0,6.0,0.0
10568,4.0,1.0,0.0,0.0,1.0,835.0,20.0,6.0,0.0
10569,2.0,1.0,0.0,0.0,0.0,110.0,22.0,6.0,0.010309278350515464
10570,9.0,1.0,0.0,0.0,0.0,128.0,10.0,0.0,0.05154639175257732
10571,6.0,1.0,0.0,0.0,1.0,115.0,13.0,0.0,0.030927835051546393
10572,1.0,1.0,0.0,0.0,0.0,93.0,14.0,0.0,0.0
10573,25.0,1.0,0.0,1.0,0.0,109.0,14.0,0.0,0.1134020618556701
10574,3.0,1.0,0.0,0.0,1.0,503.0,14.0,1.0,0.010309278350515464
10575,23.0,1.0,0.0,0.0,0.0,175.0,15.0,1.0,0.08247422680412371
10576,33.0,1.0,0.0,0.0,0.0,488.0,12.0,2.0,0.16494845360824742
10577,3.0,1.0,0.0,0.0,0.0,345.0,20.0,2.0,0.010309278350515464
10578,7.0,1.0,0.0,0.0,0.0,488.0,21.0,2.0,0.041237113402061855
10579,22.0,1.0,0.0,0.0,0.0,543.0,9.0,3.0,0.061855670103092786
10580,89.0,1.0,0.0,0.0,0.0,89.0,13.0,3.0,0.27835051546391754
10581,82.0,1.0,0.0,0.0,0.0,155.0,18.0,4.0,0.2268041237113402
10582,2.0,1.0,0.0,0.0,0.0,204.0,20.0,5.0,0.010309278350515464
10583,15.0,1.0,0.0,0.0,0.0,169.0,21.0,5.0,0.030927835051546393
10584,23.0,1.0,0.0,0.0,0.0,379.0,10.0,6.0,0.1134020618556701
10585,32.0,1.0,0.0,0.0,0.0,162.0,21.0,6.0,0.1958762886597938
10586,14.0,1.0,0.0,0.0,0.0,197.0,17.0,0.0,0.1134020618556701
10587,8.0,1.0,0.0,0.0,0.0,105.0,10.0,1.0,0.041237113402061855
10588,45.0,1.0,0.0,0.0,0.0,252.0,14.0,1.0,0.17525773195876287
10589,30.0,1.0,0.0,0.0,0.0,116.0,21.0,1.0,0.14432989690721648
10590,1.0,1.0,0.0,0.0,0.0,106.0,22.0,2.0,0.0
10591,2.0,1.0,0.0,0.0,0.0,114.0,6.0,3.0,0.0
10592,2.0,1.0,0.0,0.0,0.0,111.0,8.0,3.0,0.010309278350515464
10593,28.0,1.0,0.0,0.0,0.0,107.0,9.0,3.0,0.07216494845360824
10594,11.0,1.0,0.0,1.0,0.0,200.0,20.0,3.0,0.041237113402061855
10595,5.0,1.0,0.0,0.0,0.0,98.0,10.0,4.0,0.0
10596,6.0,1.0,0.0,0.0,0.0,129.0,11.0,4.0,0.020618556701030927
10597,7.0,1.0,0.0,0.0,0.0,126.0,15.0,4.0,0.05154639175257732
10598,3.0,1.0,0.0,0.0,0.0,111.0,18.0,4.0,0.010309278350515464
10599,1.0,1.0,0.0,0.0,1.0,103.0,18.0,4.0,0.0
10600,10.0,1.0,0.0,0.0,0.0,236.0,18.0,4.0,0.020618556701030927
10601,2.0,1.0,0.0,0.0,0.0,287.0,22.0,4.0,0.010309278350515464
10602,8.0,1.0,0.0,0.0,1.0,249.0,22.0,4.0,0.05154639175257732
10603,7.0,1.0,0.0,0.0,0.0,98.0,8.0,5.0,0.020618556701030927
10604,9.0,1.0,0.0,0.0,0.0,89.0,10.0,5.0,0.061855670103092786
10605,2.0,1.0,0.0,0.0,0.0,106.0,18.0,6.0,0.010309278350515464
10606,3.0,1.0,0.0,0.0,0.0,90.0,19.0,6.0,0.0
10607,1.0,1.0,0.0,0.0,0.0,103.0,20.0,6.0,0.0
10608,1.0,1.0,0.0,0.0,0.0,91.0,20.0,6.0,0.0
10609,9.0,1.0,0.0,0.0,0.0,98.0,20.0,6.0,0.010309278350515464
10610,3.0,1.0,0.0,0.0,0.0,374.0,22.0,6.0,0.0
10611,3.0,1.0,0.0,0.0,1.0,270.0,22.0,6.0,0.0
10612,3.0,1.0,0.0,0.0,1.0,101.0,6.0,0.0,0.020618556701030927
10613,9.0,1.0,0.0,0.0,1.0,858.0,9.0,0.0,0.061855670103092786
10614,3.0,1.0,0.0,0.0,0.0,117.0,17.0,0.0,0.0
10615,1.0,1.0,0.0,0.0,0.0,103.0,20.0,0.0,0.0
10616,7.0,1.0,0.0,0.0,0.0,106.0,22.0,0.0,0.05154639175257732
10617,22.0,1.0,0.0,0.0,1.0,292.0,12.0,1.0,0.041237113402061855
10618,36.0,1.0,0.0,0.0,0.0,776.0,22.0,1.0,0.16494845360824742
10619,1.0,1.0,0.0,0.0,0.0,178.0,20.0,3.0,0.0
10620,3.0,1.0,0.0,0.0,0.0,242.0,21.0,3.0,0.010309278350515464
10621,8.0,1.0,0.0,0.0,0.0,134.0,23.0,3.0,0.020618556701030927
10622,3.0,1.0,0.0,0.0,0.0,572.0,8.0,4.0,0.010309278350515464
10623,1.0,1.0,0.0,0.0,0.0,150.0,8.0,4.0,0.0
10624,5.0,1.0,0.0,0.0,0.0,134.0,8.0,4.0,0.0
10625,12.0,1.0,0.0,0.0,1.0,307.0,8.0,4.0,0.010309278350515464
10626,38.0,1.0,0.0,0.0,0.0,261.0,11.0,4.0,0.09278350515463918
10627,35.0,1.0,0.0,0.0,0.0,104.0,13.0,4.0,0.09278350515463918
10628,1.0,1.0,0.0,0.0,0.0,309.0,19.0,4.0,0.0
10629,16.0,1.0,0.0,0.0,1.0,190.0,22.0,4.0,0.09278350515463918
10630,1.0,1.0,0.0,0.0,0.0,155.0,20.0,5.0,0.0
10631,4.0,1.0,0.0,0.0,0.0,352.0,20.0,5.0,0.020618556701030927
10632,6.0,1.0,0.0,0.0,0.0,339.0,23.0,5.0,0.020618556701030927
10633,16.0,1.0,0.0,0.0,0.0,339.0,21.0,6.0,0.061855670103092786
10634,47.0,1.0,0.0,0.0,0.0,159.0,14.0,0.0,0.14432989690721648
10635,7.0,1.0,0.0,0.0,0.0,176.0,13.0,1.0,0.041237113402061855
10636,2.0,1.0,0.0,0.0,0.0,455.0,16.0,1.0,0.0
10637,41.0,1.0,0.0,0.0,0.0,116.0,17.0,1.0,0.32989690721649484
10638,12.0,1.0,0.0,0.0,0.0,116.0,10.0,2.0,0.07216494845360824
10639,3.0,1.0,0.0,0.0,0.0,330.0,13.0,3.0,0.020618556701030927
10640,6.0,1.0,0.0,0.0,0.0,130.0,20.0,3.0,0.05154639175257732
10641,5.0,1.0,0.0,0.0,0.0,300.0,0.0,4.0,0.020618556701030927
10642,2.0,1.0,0.0,0.0,0.0,2248.0,16.0,4.0,0.010309278350515464
10643,1.0,3.0,0.0,0.0,0.0,23.0,12.0,0.0,0.0
10644,16.0,3.0,0.0,0.0,0.0,90.0,12.0,0.0,0.13333333333333333
10645,46.0,3.0,0.0,0.0,0.0,93.0,19.0,1.0,0.3333333333333333
10646,10.0,3.0,0.0,0.0,0.0,88.0,17.0,0.0,0.2
10647,75.0,3.0,0.0,0.0,1.0,114.0,11.0,6.0,0.4666666666666667
10648,13.0,3.0,0.0,0.0,0.0,90.0,16.0,0.0,0.3333333333333333
10649,52.0,3.0,0.0,0.0,1.0,132.0,11.0,1.0,0.5333333333333333
10650,62.0,3.0,0.0,0.0,0.0,333.0,21.0,1.0,0.7333333333333333
10651,30.0,3.0,0.0,0.0,0.0,249.0,16.0,3.0,0.7333333333333333
10652,46.0,3.0,0.0,0.0,0.0,119.0,20.0,0.0,0.8666666666666667
10653,29.0,3.0,0.0,0.0,1.0,87.0,21.0,3.0,0.6666666666666666
10654,1.0,3.0,0.0,0.0,0.0,114.0,16.0,6.0,0.0
10655,40.0,3.0,0.0,0.0,0.0,2.0,16.0,6.0,0.4444444444444444
10656,3.0,3.0,0.0,0.0,1.0,197.0,14.0,2.0,0.05555555555555555
10657,9.0,3.0,0.0,0.0,0.0,121.0,18.0,2.0,0.2222222222222222
10658,1.0,3.0,0.0,0.0,1.0,130.0,22.0,2.0,0.0
10659,29.0,3.0,0.0,0.0,0.0,141.0,18.0,3.0,0.3888888888888889
10660,42.0,3.0,0.0,0.0,1.0,117.0,12.0,1.0,0.5
10661,13.0,3.0,0.0,0.0,1.0,159.0,17.0,0.0,0.1111111111111111
10662,30.0,3.0,0.0,0.0,0.0,89.0,6.0,4.0,0.5
10663,16.0,3.0,0.0,0.0,0.0,141.0,22.0,3.0,0.2777777777777778
10664,50.0,3.0,0.0,0.0,1.0,114.0,19.0,2.0,0.6111111111111112
10665,1.0,3.0,0.0,0.0,0.0,142.0,21.0,1.0,0.0
10666,57.0,3.0,0.0,0.0,0.0,133.0,21.0,1.0,0.7777777777777778
10667,4.0,3.0,0.0,0.0,0.0,153.0,19.0,3.0,0.05555555555555555
10668,2.0,3.0,0.0,0.0,0.0,138.0,19.0,3.0,0.0
10669,12.0,3.0,0.0,0.0,0.0,92.0,19.0,3.0,0.3333333333333333
10670,13.0,3.0,0.0,0.0,1.0,90.0,20.0,4.0,0.2222222222222222
10671,23.0,3.0,0.0,0.0,0.0,98.0,17.0,1.0,0.5555555555555556
10672,11.0,3.0,0.0,0.0,0.0,90.0,18.0,2.0,0.2777777777777778
10673,2.0,3.0,0.0,0.0,0.0,90.0,22.0,2.0,0.05555555555555555
10674,10.0,3.0,0.0,0.0,0.0,87.0,22.0,2.0,0.1111111111111111
10675,7.0,3.0,0.0,0.0,0.0,150.0,12.0,3.0,0.05555555555555555
10676,46.0,3.0,0.0,0.0,0.0,126.0,21.0,3.0,0.7222222222222222
10677,9.0,3.0,0.0,0.0,0.0,101.0,12.0,2.0,0.3333333333333333
10678,49.0,3.0,0.0,0.0,1.0,233.0,21.0,2.0,0.6666666666666666
10679,8.0,3.0,0.0,0.0,1.0,260.0,13.0,4.0,0.16666666666666666
10680,36.0,3.0,0.0,0.0,0.0,110.0,20.0,2.0,0.7777777777777778
10681,97.0,3.0,0.0,0.0,0.0,337.0,23.0,3.0,0.7777777777777778
10682,3.0,3.0,0.0,0.0,0.0,99.0,8.0,3.0,0.0
10683,11.0,3.0,0.0,0.0,0.0,153.0,9.0,3.0,0.2222222222222222
10684,25.0,3.0,0.0,0.0,0.0,181.0,15.0,4.0,0.5555555555555556
10685,5.0,3.0,0.0,0.0,1.0,121.0,15.0,3.0,0.05555555555555555
10686,2.0,2.0,0.0,0.0,1.0,29.0,13.0,1.0,0.0
10687,11.0,2.0,0.0,0.0,1.0,208.0,13.0,1.0,0.08196721311475409
10688,8.0,2.0,0.0,1.0,0.0,106.0,11.0,3.0,0.04918032786885246
10689,2.0,2.0,0.0,0.0,0.0,636.0,9.0,1.0,0.01639344262295082
10690,4.0,2.0,0.0,0.0,0.0,286.0,5.0,2.0,0.03278688524590164
10691,5.0,2.0,0.0,0.0,0.0,91.0,11.0,2.0,0.01639344262295082
10692,3.0,2.0,0.0,0.0,0.0,91.0,11.0,2.0,0.03278688524590164
10693,7.0,2.0,0.0,0.0,1.0,155.0,11.0,2.0,0.06557377049180328
10694,1.0,2.0,0.0,0.0,1.0,197.0,12.0,2.0,0.0
10695,1.0,2.0,0.0,0.0,0.0,230.0,12.0,2.0,0.0
10696,18.0,2.0,0.0,0.0,0.0,146.0,12.0,2.0,0.11475409836065574
10697,8.0,2.0,0.0,0.0,0.0,88.0,2.0,1.0,0.06557377049180328
10698,7.0,2.0,0.0,0.0,0.0,150.0,3.0,1.0,0.08196721311475409
10699,1.0,2.0,0.0,1.0,0.0,128.0,4.0,1.0,0.0
10700,3.0,2.0,0.0,0.0,0.0,87.0,5.0,1.0,0.03278688524590164
10701,1.0,2.0,0.0,0.0,0.0,115.0,5.0,1.0,0.0
10702,8.0,2.0,0.0,0.0,0.0,88.0,6.0,1.0,0.04918032786885246
10703,9.0,2.0,0.0,0.0,0.0,102.0,8.0,1.0,0.13114754098360656
10704,8.0,2.0,0.0,0.0,0.0,107.0,10.0,1.0,0.06557377049180328
10705,1.0,2.0,0.0,0.0,1.0,115.0,21.0,2.0,0.0
10706,14.0,2.0,0.0,0.0,0.0,207.0,2.0,2.0,0.16393442622950818
10707,11.0,2.0,0.0,0.0,1.0,123.0,1.0,0.0,0.13114754098360656
10708,20.0,2.0,0.0,0.0,1.0,153.0,18.0,0.0,0.19672131147540983
10709,1.0,2.0,0.0,0.0,0.0,332.0,11.0,4.0,0.0
10710,20.0,2.0,0.0,0.0,0.0,109.0,11.0,4.0,0.11475409836065574
10711,13.0,2.0,0.0,0.0,1.0,333.0,8.0,4.0,0.08196721311475409
10712,22.0,2.0,0.0,0.0,0.0,123.0,9.0,4.0,0.04918032786885246
10713,4.0,2.0,0.0,0.0,0.0,209.0,9.0,4.0,0.01639344262295082
10714,27.0,2.0,0.0,0.0,1.0,91.0,9.0,4.0,0.21311475409836064
10715,1.0,2.0,0.0,0.0,1.0,469.0,11.0,1.0,0.0
10716,1.0,2.0,0.0,0.0,1.0,161.0,11.0,1.0,0.0
10717,3.0,2.0,0.0,0.0,0.0,403.0,1.0,2.0,0.03278688524590164
10718,46.0,2.0,0.0,0.0,0.0,98.0,2.0,1.0,0.21311475409836064
10719,4.0,2.0,0.0,0.0,0.0,168.0,7.0,1.0,0.01639344262295082
10720,39.0,2.0,0.0,0.0,0.0,100.0,10.0,1.0,0.22950819672131148
10721,1.0,2.0,0.0,0.0,1.0,187.0,3.0,3.0,0.0
10722,56.0,2.0,0.0,0.0,0.0,132.0,3.0,3.0,0.2459016393442623
10723,15.0,2.0,0.0,0.0,0.0,109.0,5.0,5.0,0.14754098360655737
10724,13.0,2.0,0.0,0.0,0.0,91.0,7.0,5.0,0.13114754098360656
10725,28.0,2.0,0.0,0.0,0.0,89.0,0.0,0.0,0.18032786885245902
10726,7.0,2.0,0.0,0.0,1.0,89.0,7.0,0.0,0.08196721311475409
10727,7.0,2.0,0.0,0.0,0.0,106.0,8.0,0.0,0.08196721311475409
10728,2.0,2.0,0.0,0.0,1.0,164.0,8.0,0.0,0.01639344262295082
10729,1.0,2.0,0.0,0.0,0.0,96.0,9.0,0.0,0.0
10730,20.0,2.0,0.0,1.0,0.0,97.0,9.0,0.0,0.13114754098360656
10731,25.0,2.0,0.0,0.0,0.0,120.0,1.0,1.0,0.18032786885245902
10732,25.0,2.0,0.0,0.0,0.0,117.0,8.0,1.0,0.11475409836065574
10733,6.0,2.0,0.0,0.0,1.0,162.0,9.0,1.0,0.08196721311475409
10734,4.0,2.0,0.0,0.0,0.0,237.0,9.0,1.0,0.04918032786885246
10735,14.0,2.0,0.0,0.0,0.0,104.0,10.0,1.0,0.11475409836065574
10736,10.0,2.0,0.0,0.0,0.0,121.0,3.0,2.0,0.03278688524590164
10737,3.0,2.0,0.0,0.0,0.0,276.0,5.0,2.0,0.01639344262295082
10738,8.0,2.0,0.0,0.0,0.0,137.0,7.0,2.0,0.08196721311475409
10739,19.0,2.0,0.0,0.0,0.0,119.0,8.0,2.0,0.16393442622950818
10740,6.0,2.0,0.0,0.0,0.0,227.0,21.0,3.0,0.06557377049180328
10741,29.0,2.0,0.0,0.0,1.0,205.0,11.0,4.0,0.18032786885245902
10742,6.0,2.0,0.0,0.0,0.0,104.0,4.0,4.0,0.04918032786885246
10743,6.0,2.0,0.0,0.0,0.0,120.0,6.0,3.0,0.06557377049180328
10744,1.0,2.0,0.0,0.0,0.0,209.0,8.0,3.0,0.0
10745,31.0,2.0,0.0,0.0,1.0,106.0,9.0,3.0,0.18032786885245902
10746,4.0,2.0,0.0,0.0,0.0,130.0,10.0,6.0,0.01639344262295082
10747,1.0,2.0,0.0,0.0,0.0,92.0,10.0,6.0,0.0
10748,4.0,2.0,0.0,0.0,0.0,430.0,11.0,6.0,0.03278688524590164
10749,3.0,2.0,0.0,0.0,0.0,99.0,11.0,6.0,0.03278688524590164
10750,6.0,2.0,0.0,0.0,1.0,129.0,12.0,6.0,0.04918032786885246
10751,1.0,2.0,0.0,0.0,0.0,91.0,1.0,0.0,0.0
10752,2.0,2.0,0.0,0.0,0.0,101.0,1.0,0.0,0.01639344262295082
10753,4.0,2.0,0.0,0.0,1.0,96.0,3.0,0.0,0.04918032786885246
10754,4.0,2.0,0.0,0.0,0.0,172.0,7.0,0.0,0.03278688524590164
10755,15.0,2.0,0.0,0.0,1.0,192.0,7.0,0.0,0.08196721311475409
10756,1.0,2.0,0.0,0.0,0.0,147.0,22.0,2.0,0.0
10757,31.0,2.0,0.0,0.0,0.0,112.0,22.0,2.0,0.2459016393442623
10758,11.0,2.0,0.0,0.0,0.0,137.0,5.0,0.0,0.11475409836065574
10759,28.0,2.0,0.0,0.0,0.0,259.0,9.0,0.0,0.21311475409836064
10760,5.0,1.0,0.0,0.0,1.0,3.0,7.0,2.0,0.043010752688172046
10761,22.0,1.0,0.0,0.0,0.0,421.0,14.0,2.0,0.11827956989247312
10762,2.0,1.0,0.0,0.0,0.0,105.0,20.0,3.0,0.010752688172043012
10763,6.0,1.0,0.0,0.0,1.0,119.0,21.0,3.0,0.021505376344086023
10764,5.0,1.0,0.0,0.0,0.0,129.0,9.0,4.0,0.03225806451612903
10765,2.0,1.0,0.0,1.0,0.0,112.0,15.0,4.0,0.010752688172043012
10766,15.0,1.0,0.0,0.0,0.0,129.0,19.0,4.0,0.07526881720430108
10767,29.0,1.0,0.0,0.0,0.0,299.0,8.0,6.0,0.11827956989247312
10768,16.0,1.0,0.0,0.0,0.0,224.0,6.0,0.0,0.0967741935483871
10769,1.0,1.0,0.0,0.0,1.0,367.0,23.0,0.0,0.0
10770,15.0,1.0,0.0,0.0,1.0,150.0,6.0,1.0,0.08602150537634409
10771,1.0,1.0,0.0,0.0,0.0,135.0,20.0,2.0,0.0
10772,2.0,1.0,0.0,0.0,0.0,282.0,21.0,2.0,0.010752688172043012
10773,1.0,1.0,0.0,0.0,1.0,306.0,0.0,3.0,0.0
10774,23.0,1.0,0.0,0.0,1.0,96.0,6.0,3.0,0.0967741935483871
10775,27.0,1.0,0.0,0.0,0.0,93.0,20.0,3.0,0.11827956989247312
10776,3.0,1.0,0.0,0.0,1.0,975.0,11.0,5.0,0.021505376344086023
10777,62.0,1.0,0.0,0.0,1.0,227.0,14.0,5.0,0.1935483870967742
10778,3.0,1.0,0.0,0.0,0.0,251.0,18.0,1.0,0.010752688172043012
10779,17.0,1.0,0.0,0.0,0.0,138.0,21.0,1.0,0.10752688172043011
10780,17.0,1.0,0.0,0.0,0.0,510.0,20.0,2.0,0.10752688172043011
10781,7.0,1.0,0.0,0.0,0.0,398.0,13.0,3.0,0.03225806451612903
10782,2.0,1.0,0.0,0.0,0.0,132.0,16.0,3.0,0.0
10783,18.0,1.0,0.0,0.0,0.0,89.0,22.0,3.0,0.11827956989247312
10784,6.0,1.0,0.0,0.0,0.0,198.0,22.0,4.0,0.03225806451612903
10785,16.0,1.0,0.0,0.0,0.0,105.0,11.0,5.0,0.0967741935483871
10786,24.0,1.0,0.0,0.0,1.0,225.0,10.0,0.0,0.043010752688172046
10787,8.0,1.0,0.0,0.0,0.0,233.0,21.0,0.0,0.043010752688172046
10788,7.0,1.0,0.0,0.0,1.0,235.0,17.0,1.0,0.021505376344086023
10789,2.0,1.0,0.0,0.0,1.0,155.0,19.0,1.0,0.010752688172043012
10790,17.0,1.0,0.0,0.0,0.0,164.0,6.0,2.0,0.0967741935483871
10791,9.0,1.0,0.0,0.0,1.0,828.0,8.0,3.0,0.053763440860215055
10792,6.0,1.0,0.0,0.0,1.0,148.0,22.0,3.0,0.03225806451612903
10793,17.0,1.0,0.0,0.0,0.0,328.0,10.0,4.0,0.053763440860215055
10794,25.0,1.0,0.0,0.0,0.0,356.0,11.0,5.0,0.08602150537634409
10795,9.0,1.0,0.0,0.0,0.0,120.0,20.0,6.0,0.043010752688172046
10796,12.0,1.0,0.0,0.0,0.0,550.0,0.0,0.0,0.06451612903225806
10797,29.0,1.0,0.0,0.0,0.0,243.0,18.0,0.0,0.15053763440860216
10798,46.0,1.0,0.0,0.0,0.0,141.0,15.0,2.0,0.13978494623655913
10799,32.0,1.0,0.0,0.0,0.0,265.0,22.0,4.0,0.08602150537634409
10800,5.0,1.0,0.0,0.0,1.0,152.0,11.0,5.0,0.03225806451612903
10801,1.0,1.0,0.0,0.0,0.0,222.0,14.0,5.0,0.0
10802,5.0,1.0,0.0,0.0,1.0,100.0,15.0,5.0,0.021505376344086023
10803,1.0,1.0,0.0,0.0,0.0,163.0,20.0,5.0,0.0
10804,4.0,1.0,0.0,0.0,0.0,483.0,22.0,5.0,0.021505376344086023
10805,10.0,1.0,0.0,0.0,0.0,91.0,10.0,6.0,0.06451612903225806
10806,9.0,1.0,0.0,0.0,1.0,152.0,16.0,6.0,0.06451612903225806
10807,3.0,1.0,0.0,0.0,0.0,222.0,11.0,0.0,0.0
10808,7.0,1.0,0.0,0.0,0.0,222.0,11.0,0.0,0.021505376344086023
10809,6.0,1.0,0.0,0.0,0.0,1219.0,20.0,0.0,0.03225806451612903
10810,15.0,1.0,0.0,0.0,0.0,396.0,21.0,0.0,0.10752688172043011
10811,1.0,1.0,0.0,0.0,1.0,116.0,20.0,2.0,0.0
10812,16.0,1.0,0.0,0.0,0.0,107.0,21.0,2.0,0.08602150537634409
10813,8.0,1.0,0.0,0.0,0.0,147.0,21.0,3.0,0.010752688172043012
10814,49.0,1.0,0.0,0.0,1.0,316.0,7.0,4.0,0.15053763440860216
10815,14.0,1.0,0.0,0.0,0.0,187.0,8.0,6.0,0.021505376344086023
10816,8.0,1.0,0.0,0.0,0.0,216.0,18.0,6.0,0.06451612903225806
10817,3.0,1.0,0.0,0.0,0.0,154.0,20.0,6.0,0.021505376344086023
10818,8.0,1.0,0.0,0.0,0.0,154.0,23.0,6.0,0.07526881720430108
10819,53.0,1.0,0.0,0.0,0.0,273.0,17.0,0.0,0.23655913978494625
10820,39.0,1.0,0.0,0.0,0.0,192.0,9.0,2.0,0.17204301075268819
10821,1.0,1.0,0.0,0.0,0.0,366.0,9.0,3.0,0.0
10822,52.0,1.0,0.0,0.0,0.0,305.0,12.0,3.0,0.13978494623655913
10823,11.0,1.0,0.0,0.0,0.0,283.0,7.0,6.0,0.0967741935483871
10824,61.0,1.0,0.0,0.0,0.0,134.0,8.0,0.0,0.16129032258064516
10825,14.0,1.0,0.0,0.0,0.0,118.0,8.0,1.0,0.08602150537634409
10826,4.0,1.0,0.0,1.0,0.0,103.0,16.0,2.0,0.021505376344086023
10827,3.0,1.0,0.0,0.0,0.0,216.0,7.0,3.0,0.010752688172043012
10828,1.0,1.0,0.0,0.0,0.0,90.0,9.0,3.0,0.0
10829,10.0,1.0,0.0,0.0,1.0,339.0,9.0,3.0,0.06451612903225806
10830,11.0,1.0,0.0,0.0,0.0,103.0,7.0,4.0,0.021505376344086023
10831,2.0,1.0,0.0,0.0,0.0,514.0,14.0,4.0,0.010752688172043012
10832,8.0,1.0,0.0,0.0,0.0,104.0,16.0,4.0,0.021505376344086023
10833,2.0,1.0,0.0,0.0,0.0,294.0,18.0,4.0,0.010752688172043012
10834,21.0,1.0,0.0,0.0,0.0,294.0,18.0,4.0,0.043010752688172046
10835,3.0,1.0,0.0,0.0,0.0,149.0,20.0,4.0,0.010752688172043012
10836,66.0,1.0,0.0,0.0,0.0,248.0,22.0,4.0,0.17204301075268819
10837,21.0,1.0,0.0,0.0,0.0,91.0,13.0,5.0,0.07526881720430108
10838,27.0,1.0,0.0,1.0,1.0,386.0,19.0,5.0,0.1827956989247312
10839,19.0,1.0,0.0,0.0,1.0,131.0,21.0,6.0,0.12903225806451613
10840,7.0,1.0,0.0,0.0,0.0,342.0,13.0,0.0,0.053763440860215055
10841,2.0,1.0,0.0,0.0,0.0,194.0,22.0,0.0,0.010752688172043012
10842,13.0,1.0,0.0,0.0,0.0,144.0,23.0,0.0,0.10752688172043011
10843,1.0,1.0,0.0,0.0,0.0,163.0,10.0,1.0,0.0
10844,4.0,1.0,0.0,0.0,1.0,132.0,10.0,1.0,0.03225806451612903
10845,4.0,1.0,0.0,1.0,0.0,247.0,16.0,1.0,0.010752688172043012
10846,9.0,1.0,0.0,0.0,0.0,87.0,8.0,2.0,0.043010752688172046
10847,35.0,1.0,0.0,0.0,0.0,95.0,11.0,2.0,0.0967741935483871
10848,5.0,1.0,0.0,0.0,0.0,627.0,8.0,4.0,0.043010752688172046
10849,32.0,1.0,0.0,0.0,1.0,159.0,11.0,4.0,0.0967741935483871
10850,1.0,1.0,0.0,0.0,0.0,156.0,22.0,4.0,0.0
10851,7.0,1.0,0.0,0.0,1.0,104.0,22.0,4.0,0.03225806451612903
10852,14.0,1.0,0.0,0.0,1.0,128.0,6.0,5.0,0.06451612903225806
10853,9.0,1.0,0.0,0.0,0.0,87.0,12.0,5.0,0.03225806451612903
10854,18.0,1.0,0.0,0.0,0.0,165.0,20.0,5.0,0.053763440860215055
10855,3.0,1.0,0.0,0.0,0.0,110.0,22.0,6.0,0.010752688172043012
10856,25.0,1.0,0.0,1.0,0.0,97.0,23.0,6.0,0.10752688172043011
10857,7.0,1.0,0.0,0.0,0.0,358.0,15.0,0.0,0.053763440860215055
10858,23.0,1.0,0.0,0.0,0.0,104.0,17.0,0.0,0.053763440860215055
10859,1.0,1.0,0.0,0.0,1.0,182.0,9.0,1.0,0.0
10860,28.0,1.0,0.0,0.0,1.0,182.0,10.0,1.0,0.08602150537634409
10861,2.0,1.0,0.0,0.0,1.0,286.0,19.0,1.0,0.010752688172043012
10862,9.0,1.0,0.0,0.0,1.0,169.0,21.0,1.0,0.043010752688172046
10863,14.0,1.0,0.0,0.0,1.0,171.0,9.0,2.0,0.07526881720430108
10864,65.0,1.0,0.0,0.0,1.0,600.0,18.0,2.0,0.16129032258064516
10865,11.0,1.0,0.0,0.0,0.0,171.0,11.0,4.0,0.03225806451612903
10866,8.0,1.0,0.0,0.0,0.0,285.0,12.0,4.0,0.043010752688172046
10867,24.0,1.0,0.0,0.0,0.0,242.0,14.0,4.0,0.08602150537634409
10868,96.0,1.0,0.0,0.0,1.0,147.0,6.0,5.0,0.3010752688172043
10869,5.0,1.0,0.0,0.0,0.0,146.0,8.0,0.0,0.021505376344086023
10870,1.0,1.0,0.0,0.0,0.0,152.0,12.0,0.0,0.0
10871,69.0,1.0,0.0,1.0,0.0,217.0,13.0,0.0,0.22580645161290322
10872,3.0,1.0,0.0,0.0,0.0,114.0,6.0,3.0,0.010752688172043012
10873,17.0,1.0,0.0,0.0,0.0,119.0,7.0,3.0,0.03225806451612903
10874,3.0,1.0,0.0,0.0,0.0,246.0,10.0,3.0,0.021505376344086023
10875,21.0,1.0,0.0,0.0,0.0,124.0,13.0,3.0,0.06451612903225806
10876,10.0,1.0,0.0,0.0,0.0,107.0,12.0,4.0,0.07526881720430108
10877,25.0,1.0,0.0,0.0,0.0,1219.0,21.0,4.0,0.12903225806451613
10878,54.0,1.0,0.0,0.0,1.0,89.0,14.0,6.0,0.21505376344086022
10879,7.0,1.0,0.0,0.0,0.0,248.0,17.0,1.0,0.043010752688172046
10880,2.0,1.0,0.0,0.0,0.0,132.0,21.0,1.0,0.0
10881,1.0,1.0,0.0,0.0,0.0,776.0,22.0,1.0,0.0
10882,2.0,1.0,0.0,0.0,0.0,776.0,7.0,2.0,0.010752688172043012
10883,37.0,1.0,0.0,0.0,0.0,331.0,13.0,2.0,0.10752688172043011
10884,5.0,1.0,0.0,0.0,0.0,108.0,22.0,3.0,0.021505376344086023
10885,4.0,1.0,0.0,0.0,0.0,162.0,8.0,4.0,0.03225806451612903
10886,12.0,1.0,0.0,0.0,0.0,89.0,11.0,4.0,0.06451612903225806
10887,22.0,1.0,0.0,0.0,0.0,288.0,13.0,4.0,0.13978494623655913
10888,15.0,1.0,0.0,0.0,0.0,104.0,16.0,5.0,0.08602150537634409
10889,12.0,1.0,0.0,0.0,0.0,93.0,21.0,6.0,0.043010752688172046
10890,29.0,1.0,0.0,0.0,0.0,283.0,11.0,0.0,0.08602150537634409
10891,59.0,1.0,0.0,0.0,0.0,89.0,13.0,1.0,0.15053763440860216
10892,1.0,1.0,0.0,0.0,0.0,212.0,11.0,2.0,0.0
10893,8.0,1.0,0.0,0.0,0.0,212.0,12.0,2.0,0.053763440860215055
10894,2.0,1.0,0.0,0.0,0.0,212.0,15.0,2.0,0.010752688172043012
10895,1.0,1.0,0.0,0.0,0.0,87.0,15.0,2.0,0.0
10896,3.0,1.0,0.0,0.0,0.0,140.0,15.0,2.0,0.010752688172043012
10897,5.0,1.0,0.0,0.0,0.0,330.0,19.0,2.0,0.03225806451612903
10898,13.0,1.0,0.0,0.0,0.0,114.0,9.0,3.0,0.11827956989247312
10899,2.0,1.0,0.0,0.0,0.0,2248.0,16.0,4.0,0.010752688172043012
10900,2.0,2.0,0.0,0.0,1.0,29.0,13.0,1.0,0.0
10901,11.0,2.0,0.0,0.0,1.0,208.0,13.0,1.0,0.05434782608695652
10902,8.0,2.0,0.0,1.0,0.0,106.0,11.0,3.0,0.03260869565217391
10903,2.0,2.0,0.0,0.0,0.0,636.0,9.0,1.0,0.010869565217391304
10904,4.0,2.0,0.0,0.0,0.0,286.0,5.0,2.0,0.021739130434782608
10905,5.0,2.0,0.0,0.0,0.0,91.0,11.0,2.0,0.010869565217391304
10906,3.0,2.0,0.0,0.0,0.0,91.0,11.0,2.0,0.021739130434782608
10907,7.0,2.0,0.0,0.0,1.0,155.0,11.0,2.0,0.043478260869565216
10908,1.0,2.0,0.0,0.0,1.0,197.0,12.0,2.0,0.0
10909,1.0,2.0,0.0,0.0,0.0,230.0,12.0,2.0,0.0
10910,18.0,2.0,0.0,0.0,0.0,146.0,12.0,2.0,0.07608695652173914
10911,8.0,2.0,0.0,0.0,0.0,88.0,2.0,1.0,0.043478260869565216
10912,7.0,2.0,0.0,0.0,0.0,150.0,3.0,1.0,0.05434782608695652
10913,1.0,2.0,0.0,1.0,0.0,128.0,4.0,1.0,0.0
10914,3.0,2.0,0.0,0.0,0.0,87.0,5.0,1.0,0.021739130434782608
10915,1.0,2.0,0.0,0.0,0.0,115.0,5.0,1.0,0.0
10916,8.0,2.0,0.0,0.0,0.0,88.0,6.0,1.0,0.03260869565217391
10917,9.0,2.0,0.0,0.0,0.0,102.0,8.0,1.0,0.08695652173913043
10918,8.0,2.0,0.0,0.0,0.0,107.0,10.0,1.0,0.043478260869565216
10919,1.0,2.0,0.0,0.0,1.0,115.0,21.0,2.0,0.0
10920,14.0,2.0,0.0,0.0,0.0,207.0,2.0,2.0,0.10869565217391304
10921,11.0,2.0,0.0,0.0,1.0,123.0,1.0,0.0,0.08695652173913043
10922,20.0,2.0,0.0,0.0,1.0,153.0,18.0,0.0,0.13043478260869565
10923,1.0,2.0,0.0,0.0,0.0,332.0,11.0,4.0,0.0
10924,20.0,2.0,0.0,0.0,0.0,109.0,11.0,4.0,0.07608695652173914
10925,13.0,2.0,0.0,0.0,1.0,333.0,8.0,4.0,0.05434782608695652
10926,22.0,2.0,0.0,0.0,0.0,123.0,9.0,4.0,0.03260869565217391
10927,4.0,2.0,0.0,0.0,0.0,209.0,9.0,4.0,0.010869565217391304
10928,27.0,2.0,0.0,0.0,1.0,91.0,9.0,4.0,0.14130434782608695
10929,1.0,2.0,0.0,0.0,1.0,469.0,11.0,1.0,0.0
10930,1.0,2.0,0.0,0.0,1.0,161.0,11.0,1.0,0.0
10931,3.0,2.0,0.0,0.0,0.0,403.0,1.0,2.0,0.021739130434782608
10932,46.0,2.0,0.0,0.0,0.0,98.0,2.0,1.0,0.14130434782608695
10933,4.0,2.0,0.0,0.0,0.0,168.0,7.0,1.0,0.010869565217391304
10934,39.0,2.0,0.0,0.0,0.0,100.0,10.0,1.0,0.15217391304347827
10935,1.0,2.0,0.0,0.0,1.0,187.0,3.0,3.0,0.0
10936,56.0,2.0,0.0,0.0,0.0,132.0,3.0,3.0,0.16304347826086957
10937,15.0,2.0,0.0,0.0,0.0,109.0,5.0,5.0,0.09782608695652174
10938,13.0,2.0,0.0,0.0,0.0,91.0,7.0,5.0,0.08695652173913043
10939,28.0,2.0,0.0,0.0,0.0,89.0,0.0,0.0,0.11956521739130435
10940,7.0,2.0,0.0,0.0,1.0,89.0,7.0,0.0,0.05434782608695652
10941,7.0,2.0,0.0,0.0,0.0,106.0,8.0,0.0,0.05434782608695652
10942,2.0,2.0,0.0,0.0,1.0,164.0,8.0,0.0,0.010869565217391304
10943,1.0,2.0,0.0,0.0,0.0,96.0,9.0,0.0,0.0
10944,20.0,2.0,0.0,1.0,0.0,97.0,9.0,0.0,0.08695652173913043
10945,25.0,2.0,0.0,0.0,0.0,120.0,1.0,1.0,0.11956521739130435
10946,25.0,2.0,0.0,0.0,0.0,117.0,8.0,1.0,0.07608695652173914
10947,6.0,2.0,0.0,0.0,1.0,162.0,9.0,1.0,0.05434782608695652
10948,4.0,2.0,0.0,0.0,0.0,237.0,9.0,1.0,0.03260869565217391
10949,14.0,2.0,0.0,0.0,0.0,104.0,10.0,1.0,0.07608695652173914
10950,10.0,2.0,0.0,0.0,0.0,121.0,3.0,2.0,0.021739130434782608
10951,3.0,2.0,0.0,0.0,0.0,276.0,5.0,2.0,0.010869565217391304
10952,8.0,2.0,0.0,0.0,0.0,137.0,7.0,2.0,0.05434782608695652
10953,19.0,2.0,0.0,0.0,0.0,119.0,8.0,2.0,0.10869565217391304
10954,6.0,2.0,0.0,0.0,0.0,227.0,21.0,3.0,0.043478260869565216
10955,29.0,2.0,0.0,0.0,1.0,205.0,11.0,4.0,0.11956521739130435
10956,6.0,2.0,0.0,0.0,0.0,104.0,4.0,4.0,0.03260869565217391
10957,6.0,2.0,0.0,0.0,0.0,120.0,6.0,3.0,0.043478260869565216
10958,1.0,2.0,0.0,0.0,0.0,209.0,8.0,3.0,0.0
10959,31.0,2.0,0.0,0.0,1.0,106.0,9.0,3.0,0.11956521739130435
10960,4.0,2.0,0.0,0.0,0.0,130.0,10.0,6.0,0.010869565217391304
10961,1.0,2.0,0.0,0.0,0.0,92.0,10.0,6.0,0.0
10962,4.0,2.0,0.0,0.0,0.0,430.0,11.0,6.0,0.021739130434782608
10963,3.0,2.0,0.0,0.0,0.0,99.0,11.0,6.0,0.021739130434782608
10964,6.0,2.0,0.0,0.0,1.0,129.0,12.0,6.0,0.03260869565217391
10965,1.0,2.0,0.0,0.0,0.0,91.0,1.0,0.0,0.0
10966,2.0,2.0,0.0,0.0,0.0,101.0,1.0,0.0,0.010869565217391304
10967,4.0,2.0,0.0,0.0,1.0,96.0,3.0,0.0,0.03260869565217391
10968,4.0,2.0,0.0,0.0,0.0,172.0,7.0,0.0,0.021739130434782608
10969,15.0,2.0,0.0,0.0,1.0,192.0,7.0,0.0,0.05434782608695652
10970,1.0,2.0,0.0,0.0,0.0,147.0,22.0,2.0,0.0
10971,31.0,2.0,0.0,0.0,0.0,112.0,22.0,2.0,0.16304347826086957
10972,11.0,2.0,0.0,0.0,0.0,137.0,5.0,0.0,0.07608695652173914
10973,38.0,2.0,0.0,0.0,0.0,259.0,9.0,0.0,0.1956521739130435
10974,37.0,2.0,0.0,0.0,1.0,114.0,3.0,3.0,0.15217391304347827
10975,1.0,2.0,0.0,0.0,0.0,241.0,3.0,0.0,0.0
10976,17.0,2.0,0.0,0.0,1.0,119.0,4.0,2.0,0.13043478260869565
10977,19.0,2.0,0.0,0.0,0.0,126.0,2.0,0.0,0.09782608695652174
10978,16.0,2.0,0.0,0.0,0.0,96.0,1.0,4.0,0.10869565217391304
10979,77.0,2.0,0.0,0.0,1.0,122.0,11.0,2.0,0.21739130434782608
10980,5.0,2.0,0.0,0.0,0.0,141.0,3.0,0.0,0.021739130434782608
10981,66.0,2.0,0.0,0.0,0.0,134.0,6.0,0.0,0.25
10982,6.0,2.0,0.0,0.0,1.0,119.0,11.0,2.0,0.05434782608695652
10983,8.0,3.0,1.0,0.0,0.0,0.0,13.0,1.0,0.3125
10984,17.0,3.0,0.0,0.0,0.0,232.0,18.0,1.0,0.375
10985,51.0,3.0,0.0,0.0,0.0,111.0,0.0,3.0,0.75
10986,1.0,3.0,0.0,0.0,0.0,303.0,21.0,2.0,0.0
10987,1.0,3.0,0.0,0.0,0.0,207.0,21.0,2.0,0.0
10988,1.0,3.0,0.0,0.0,0.0,171.0,21.0,2.0,0.0
10989,1.0,3.0,0.0,0.0,0.0,115.0,23.0,2.0,0.0
10990,1.0,3.0,0.0,0.0,0.0,341.0,23.0,2.0,0.0
10991,18.0,3.0,0.0,0.0,0.0,147.0,23.0,2.0,0.5
10992,4.0,3.0,0.0,0.0,1.0,100.0,18.0,0.0,0.0625
10993,2.0,3.0,0.0,0.0,0.0,170.0,12.0,4.0,0.0
10994,6.0,3.0,0.0,0.0,0.0,155.0,13.0,4.0,0.0625
10995,14.0,3.0,0.0,0.0,0.0,98.0,14.0,4.0,0.3125
10996,4.0,3.0,0.0,0.0,0.0,111.0,15.0,0.0,0.0625
10997,2.0,3.0,0.0,0.0,0.0,145.0,16.0,0.0,0.0
10998,1.0,3.0,0.0,0.0,0.0,182.0,16.0,0.0,0.0
10999,19.0,3.0,0.0,0.0,0.0,145.0,18.0,0.0,0.4375
11000,15.0,3.0,0.0,0.0,1.0,88.0,17.0,3.0,0.375
11001,1.0,3.0,0.0,0.0,0.0,119.0,22.0,6.0,0.0
11002,3.0,3.0,0.0,0.0,0.0,201.0,23.0,6.0,0.0625
11003,1.0,3.0,0.0,0.0,0.0,104.0,0.0,2.0,0.0
11004,46.0,3.0,0.0,0.0,0.0,202.0,10.0,2.0,0.625
11005,1.0,3.0,0.0,0.0,1.0,186.0,13.0,5.0,0.0
11006,1.0,3.0,0.0,0.0,1.0,112.0,13.0,5.0,0.0
11007,44.0,3.0,0.0,0.0,0.0,158.0,16.0,5.0,0.625
11008,54.0,3.0,0.0,0.0,0.0,238.0,19.0,4.0,0.625
11009,3.0,3.0,0.0,0.0,1.0,85.0,17.0,3.0,0.0625
11010,87.0,3.0,0.0,0.0,0.0,164.0,8.0,1.0,0.8125
11011,1.0,3.0,0.0,0.0,0.0,113.0,20.0,1.0,0.0
11012,7.0,3.0,0.0,0.0,0.0,232.0,20.0,1.0,0.3125
11013,66.0,3.0,0.0,0.0,0.0,92.0,21.0,3.0,0.625
11014,3.0,3.0,0.0,0.0,0.0,231.0,14.0,0.0,0.125
11015,5.0,3.0,1.0,0.0,0.0,0.0,19.0,1.0,0.25
11016,18.0,3.0,0.0,0.0,0.0,91.0,19.0,1.0,0.5
11017,11.0,3.0,0.0,0.0,1.0,439.0,16.0,5.0,0.25
11018,1.0,3.0,0.0,0.0,0.0,327.0,21.0,2.0,0.0
11019,2.0,3.0,0.0,0.0,0.0,155.0,21.0,2.0,0.125
11020,3.0,3.0,0.0,0.0,1.0,183.0,23.0,2.0,0.125
11021,6.0,3.0,0.0,0.0,0.0,410.0,23.0,2.0,0.625
11022,7.0,3.0,0.0,0.0,0.0,123.0,22.0,4.0,0.375
11023,11.0,3.0,0.0,0.0,0.0,102.0,17.0,2.0,0.375
11024,6.0,3.0,0.0,0.0,0.0,103.0,13.0,5.0,0.125
11025,4.0,3.0,0.0,0.0,1.0,147.0,17.0,2.0,0.125
11026,4.0,3.0,0.0,0.0,1.0,152.0,18.0,2.0,0.125
11027,15.0,3.0,0.0,0.0,0.0,135.0,18.0,2.0,0.5
11028,8.0,3.0,0.0,0.0,0.0,124.0,16.0,5.0,0.375
11029,4.0,1.0,0.0,0.0,1.0,3.0,19.0,4.0,0.023622047244094488
11030,48.0,1.0,0.0,0.0,1.0,94.0,19.0,4.0,0.1732283464566929
11031,47.0,1.0,0.0,0.0,0.0,166.0,8.0,5.0,0.16535433070866143
11032,2.0,1.0,0.0,0.0,0.0,196.0,18.0,5.0,0.007874015748031496
11033,3.0,1.0,0.0,0.0,0.0,148.0,19.0,5.0,0.007874015748031496
11034,45.0,1.0,0.0,0.0,1.0,122.0,20.0,5.0,0.12598425196850394
11035,23.0,1.0,0.0,0.0,0.0,267.0,14.0,0.0,0.11023622047244094
11036,7.0,1.0,0.0,0.0,1.0,172.0,15.0,3.0,0.047244094488188976
11037,28.0,1.0,0.0,0.0,0.0,90.0,20.0,3.0,0.11811023622047244
11038,1.0,1.0,0.0,0.0,0.0,109.0,21.0,6.0,0.0
11039,1.0,1.0,0.0,0.0,0.0,171.0,21.0,6.0,0.0
11040,4.0,1.0,0.0,0.0,0.0,114.0,22.0,6.0,0.015748031496062992
11041,74.0,1.0,0.0,0.0,1.0,225.0,7.0,1.0,0.23622047244094488
11042,35.0,1.0,0.0,0.0,0.0,612.0,21.0,4.0,0.11811023622047244
11043,12.0,1.0,0.0,0.0,1.0,170.0,10.0,6.0,0.047244094488188976
11044,47.0,1.0,0.0,0.0,0.0,90.0,11.0,6.0,0.14173228346456693
11045,50.0,1.0,0.0,0.0,1.0,131.0,11.0,6.0,0.2283464566929134
11046,1.0,1.0,0.0,0.0,0.0,163.0,9.0,1.0,0.0
11047,6.0,1.0,0.0,0.0,0.0,163.0,9.0,1.0,0.023622047244094488
11048,36.0,1.0,0.0,0.0,0.0,163.0,10.0,1.0,0.11023622047244094
11049,6.0,1.0,0.0,0.0,1.0,238.0,14.0,2.0,0.015748031496062992
11050,1.0,1.0,0.0,0.0,0.0,256.0,19.0,2.0,0.0
11051,6.0,1.0,0.0,0.0,0.0,2429.0,19.0,2.0,0.03937007874015748
11052,3.0,1.0,0.0,0.0,0.0,349.0,12.0,3.0,0.0
11053,7.0,1.0,0.0,0.0,0.0,157.0,15.0,3.0,0.03937007874015748
11054,10.0,1.0,0.0,0.0,0.0,131.0,8.0,4.0,0.047244094488188976
11055,54.0,1.0,0.0,0.0,1.0,206.0,19.0,4.0,0.15748031496062992
11056,2.0,1.0,0.0,0.0,0.0,105.0,12.0,6.0,0.007874015748031496
11057,9.0,1.0,0.0,0.0,1.0,860.0,19.0,6.0,0.047244094488188976
11058,7.0,1.0,0.0,0.0,1.0,124.0,22.0,6.0,0.031496062992125984
11059,1.0,1.0,0.0,0.0,1.0,126.0,11.0,0.0,0.0
11060,2.0,1.0,0.0,0.0,0.0,121.0,11.0,0.0,0.007874015748031496
11061,13.0,1.0,0.0,0.0,0.0,121.0,13.0,0.0,0.06299212598425197
11062,2.0,1.0,0.0,0.0,0.0,100.0,18.0,0.0,0.007874015748031496
11063,5.0,1.0,0.0,0.0,0.0,104.0,18.0,0.0,0.031496062992125984
11064,9.0,1.0,0.0,0.0,0.0,143.0,22.0,0.0,0.03937007874015748
11065,9.0,1.0,0.0,0.0,1.0,237.0,18.0,1.0,0.023622047244094488
11066,21.0,1.0,0.0,0.0,0.0,111.0,21.0,1.0,0.07086614173228346
11067,3.0,1.0,0.0,0.0,1.0,161.0,20.0,2.0,0.015748031496062992
11068,8.0,1.0,0.0,0.0,1.0,115.0,3.0,3.0,0.047244094488188976
11069,22.0,1.0,0.0,0.0,0.0,107.0,11.0,3.0,0.05511811023622047
11070,10.0,1.0,0.0,0.0,1.0,190.0,19.0,3.0,0.047244094488188976
11071,4.0,1.0,0.0,0.0,0.0,189.0,20.0,3.0,0.007874015748031496
11072,22.0,1.0,0.0,0.0,0.0,127.0,21.0,3.0,0.11023622047244094
11073,60.0,1.0,0.0,0.0,0.0,223.0,11.0,4.0,0.2125984251968504
11074,9.0,1.0,0.0,0.0,0.0,379.0,8.0,6.0,0.05511811023622047
11075,1.0,1.0,0.0,0.0,0.0,454.0,18.0,6.0,0.0
11076,23.0,1.0,0.0,0.0,0.0,330.0,19.0,6.0,0.13385826771653545
11077,17.0,1.0,0.0,0.0,0.0,433.0,20.0,0.0,0.047244094488188976
11078,47.0,1.0,0.0,0.0,0.0,273.0,18.0,1.0,0.14960629921259844
11079,13.0,1.0,0.0,0.0,0.0,158.0,21.0,2.0,0.031496062992125984
11080,43.0,1.0,0.0,0.0,1.0,137.0,5.0,3.0,0.18110236220472442
11081,16.0,1.0,0.0,0.0,0.0,88.0,11.0,2.0,0.08661417322834646
11082,23.0,1.0,0.0,0.0,1.0,249.0,19.0,2.0,0.12598425196850394
11083,20.0,1.0,0.0,0.0,0.0,206.0,23.0,2.0,0.08661417322834646
11084,43.0,1.0,0.0,0.0,1.0,212.0,10.0,5.0,0.15748031496062992
11085,20.0,1.0,0.0,0.0,0.0,142.0,11.0,5.0,0.07874015748031496
11086,26.0,1.0,0.0,0.0,1.0,125.0,18.0,5.0,0.031496062992125984
11087,27.0,1.0,0.0,0.0,0.0,249.0,21.0,5.0,0.12598425196850394
11088,8.0,1.0,0.0,0.0,0.0,189.0,15.0,1.0,0.047244094488188976
11089,1.0,1.0,0.0,0.0,0.0,102.0,8.0,3.0,0.0
11090,13.0,1.0,0.0,0.0,0.0,252.0,8.0,3.0,0.07874015748031496
11091,2.0,1.0,0.0,0.0,0.0,141.0,16.0,3.0,0.0
11092,25.0,1.0,0.0,0.0,0.0,125.0,16.0,3.0,0.12598425196850394
11093,2.0,1.0,0.0,0.0,0.0,96.0,19.0,6.0,0.0
11094,33.0,1.0,0.0,1.0,0.0,169.0,20.0,6.0,0.10236220472440945
11095,2.0,1.0,0.0,0.0,0.0,227.0,18.0,1.0,0.007874015748031496
11096,29.0,1.0,0.0,0.0,0.0,246.0,19.0,1.0,0.12598425196850394
11097,7.0,1.0,0.0,0.0,1.0,184.0,11.0,4.0,0.023622047244094488
11098,3.0,1.0,0.0,0.0,0.0,91.0,15.0,4.0,0.007874015748031496
11099,21.0,1.0,0.0,0.0,0.0,212.0,20.0,4.0,0.08661417322834646
11100,11.0,1.0,0.0,0.0,0.0,87.0,20.0,0.0,0.015748031496062992
11101,10.0,1.0,0.0,0.0,1.0,113.0,23.0,0.0,0.05511811023622047
11102,13.0,1.0,0.0,0.0,0.0,183.0,12.0,2.0,0.031496062992125984
11103,1.0,1.0,0.0,0.0,0.0,152.0,20.0,2.0,0.0
11104,7.0,1.0,0.0,0.0,0.0,107.0,20.0,2.0,0.023622047244094488
11105,10.0,1.0,0.0,0.0,0.0,370.0,7.0,5.0,0.047244094488188976
11106,1.0,1.0,0.0,0.0,0.0,519.0,11.0,5.0,0.0
11107,1.0,1.0,0.0,0.0,0.0,324.0,13.0,5.0,0.0
11108,39.0,1.0,0.0,0.0,0.0,324.0,13.0,5.0,0.12598425196850394
11109,12.0,1.0,0.0,0.0,0.0,233.0,17.0,0.0,0.031496062992125984
11110,1.0,1.0,0.0,0.0,1.0,393.0,19.0,0.0,0.0
11111,1.0,1.0,0.0,0.0,1.0,393.0,19.0,0.0,0.0
11112,8.0,1.0,0.0,0.0,0.0,511.0,19.0,0.0,0.0
11113,15.0,1.0,0.0,0.0,1.0,140.0,20.0,0.0,0.047244094488188976
11114,6.0,1.0,0.0,0.0,0.0,480.0,23.0,0.0,0.0
11115,19.0,1.0,0.0,0.0,1.0,137.0,6.0,2.0,0.07086614173228346
11116,15.0,1.0,0.0,0.0,0.0,353.0,16.0,2.0,0.05511811023622047
11117,32.0,1.0,0.0,0.0,0.0,330.0,19.0,2.0,0.015748031496062992
11118,49.0,1.0,0.0,0.0,0.0,107.0,7.0,3.0,0.031496062992125984
11119,6.0,1.0,0.0,0.0,0.0,88.0,19.0,3.0,0.023622047244094488
11120,2.0,1.0,0.0,0.0,1.0,108.0,22.0,3.0,0.0
11121,15.0,1.0,0.0,0.0,0.0,300.0,23.0,3.0,0.047244094488188976
11122,27.0,1.0,0.0,0.0,0.0,572.0,13.0,4.0,0.10236220472440945
11123,1.0,1.0,0.0,0.0,1.0,1060.0,7.0,5.0,0.0
11124,2.0,1.0,0.0,0.0,0.0,444.0,7.0,5.0,0.007874015748031496
11125,4.0,1.0,0.0,0.0,1.0,492.0,10.0,5.0,0.023622047244094488
11126,12.0,1.0,0.0,0.0,1.0,374.0,13.0,5.0,0.03937007874015748
11127,17.0,1.0,0.0,0.0,0.0,152.0,19.0,5.0,0.05511811023622047
11128,17.0,1.0,0.0,0.0,0.0,93.0,21.0,5.0,0.08661417322834646
11129,6.0,1.0,0.0,0.0,0.0,190.0,9.0,6.0,0.031496062992125984
11130,9.0,1.0,0.0,0.0,0.0,424.0,22.0,6.0,0.047244094488188976
11131,77.0,1.0,0.0,0.0,0.0,181.0,10.0,0.0,0.23622047244094488
11132,6.0,1.0,0.0,0.0,1.0,100.0,10.0,3.0,0.023622047244094488
11133,2.0,1.0,0.0,0.0,0.0,301.0,13.0,3.0,0.007874015748031496
11134,4.0,1.0,0.0,0.0,0.0,126.0,13.0,3.0,0.023622047244094488
11135,34.0,1.0,0.0,1.0,0.0,97.0,14.0,3.0,0.08661417322834646
11136,11.0,1.0,0.0,0.0,0.0,541.0,8.0,4.0,0.031496062992125984
11137,7.0,1.0,0.0,1.0,1.0,395.0,14.0,4.0,0.031496062992125984
11138,26.0,1.0,0.0,1.0,0.0,153.0,17.0,4.0,0.07874015748031496
11139,5.0,1.0,0.0,0.0,0.0,216.0,20.0,5.0,0.031496062992125984
11140,1.0,1.0,0.0,0.0,1.0,1060.0,9.0,6.0,0.0
11141,2.0,1.0,0.0,0.0,0.0,444.0,9.0,6.0,0.007874015748031496
11142,12.0,1.0,0.0,0.0,0.0,107.0,9.0,6.0,0.05511811023622047
11143,10.0,1.0,0.0,0.0,0.0,115.0,15.0,6.0,0.05511811023622047
11144,7.0,1.0,0.0,0.0,1.0,538.0,21.0,6.0,0.031496062992125984
11145,6.0,3.0,0.0,0.0,0.0,24.0,13.0,1.0,0.2857142857142857
11146,44.0,3.0,0.0,0.0,0.0,279.0,14.0,1.0,0.42857142857142855
11147,51.0,3.0,0.0,0.0,0.0,88.0,19.0,3.0,0.5714285714285714
11148,14.0,3.0,0.0,0.0,0.0,164.0,8.0,1.0,0.42857142857142855
11149,33.0,3.0,0.0,0.0,0.0,153.0,14.0,0.0,0.42857142857142855
11150,8.0,2.0,0.0,0.0,1.0,23.0,17.0,1.0,0.25
11151,3.0,2.0,0.0,0.0,0.0,225.0,7.0,4.0,0.041666666666666664
11152,3.0,2.0,0.0,0.0,0.0,91.0,21.0,3.0,0.041666666666666664
11153,22.0,2.0,0.0,0.0,0.0,198.0,16.0,2.0,0.2916666666666667
11154,11.0,2.0,0.0,0.0,0.0,87.0,16.0,4.0,0.20833333333333334
11155,20.0,2.0,0.0,0.0,0.0,298.0,15.0,1.0,0.041666666666666664
11156,40.0,2.0,0.0,0.0,0.0,272.0,13.0,5.0,0.2916666666666667
11157,1.0,2.0,0.0,0.0,0.0,151.0,13.0,1.0,0.0
11158,26.0,2.0,0.0,0.0,0.0,344.0,21.0,2.0,0.16666666666666666
11159,3.0,2.0,0.0,0.0,0.0,145.0,13.0,2.0,0.08333333333333333
11160,3.0,2.0,0.0,0.0,0.0,321.0,16.0,3.0,0.041666666666666664
11161,5.0,2.0,0.0,0.0,0.0,321.0,16.0,4.0,0.08333333333333333
11162,7.0,2.0,0.0,0.0,1.0,199.0,22.0,0.0,0.16666666666666666
11163,3.0,2.0,0.0,1.0,0.0,94.0,21.0,5.0,0.041666666666666664
11164,6.0,2.0,0.0,0.0,0.0,658.0,19.0,1.0,0.08333333333333333
11165,2.0,2.0,0.0,0.0,0.0,355.0,19.0,4.0,0.0
11166,2.0,2.0,0.0,0.0,0.0,210.0,22.0,4.0,0.0
11167,23.0,2.0,0.0,0.0,0.0,527.0,19.0,5.0,0.20833333333333334
11168,14.0,2.0,0.0,0.0,0.0,527.0,22.0,0.0,0.20833333333333334
11169,1.0,2.0,0.0,0.0,1.0,114.0,11.0,6.0,0.0
11170,23.0,2.0,0.0,0.0,0.0,469.0,15.0,6.0,0.08333333333333333
11171,1.0,2.0,0.0,0.0,0.0,342.0,15.0,5.0,0.0
11172,1.0,2.0,0.0,0.0,0.0,341.0,19.0,5.0,0.0
11173,1.0,2.0,0.0,0.0,0.0,367.0,11.0,6.0,0.0
11174,32.0,3.0,0.0,0.0,0.0,14.0,19.0,2.0,0.4
11175,31.0,3.0,0.0,0.0,0.0,106.0,17.0,0.0,0.3333333333333333
11176,19.0,3.0,0.0,0.0,0.0,122.0,19.0,6.0,0.3333333333333333
11177,86.0,3.0,0.0,0.0,0.0,91.0,13.0,3.0,0.4666666666666667
11178,78.0,3.0,0.0,0.0,1.0,88.0,19.0,6.0,0.6666666666666666
11179,35.0,3.0,0.0,1.0,0.0,466.0,16.0,1.0,0.4666666666666667
11180,2.0,3.0,0.0,0.0,1.0,93.0,21.0,1.0,0.06666666666666667
11181,24.0,3.0,0.0,0.0,0.0,333.0,21.0,1.0,0.6
11182,115.0,3.0,0.0,0.0,0.0,97.0,21.0,2.0,0.6666666666666666
11183,20.0,3.0,0.0,0.0,1.0,87.0,21.0,3.0,0.4666666666666667
11184,47.0,3.0,0.0,0.0,1.0,17.0,4.0,3.0,0.45454545454545453
11185,2.0,3.0,0.0,0.0,1.0,107.0,20.0,2.0,0.0
11186,16.0,3.0,0.0,0.0,1.0,91.0,10.0,5.0,0.13636363636363635
11187,7.0,3.0,0.0,0.0,0.0,111.0,13.0,5.0,0.13636363636363635
11188,6.0,3.0,0.0,0.0,1.0,93.0,13.0,5.0,0.045454545454545456
11189,4.0,3.0,0.0,0.0,1.0,90.0,13.0,5.0,0.045454545454545456
11190,15.0,3.0,0.0,0.0,0.0,119.0,13.0,5.0,0.22727272727272727
11191,126.0,3.0,0.0,0.0,0.0,102.0,19.0,2.0,0.7272727272727273
11192,56.0,3.0,0.0,0.0,0.0,132.0,17.0,2.0,0.45454545454545453
11193,33.0,3.0,0.0,0.0,1.0,94.0,11.0,4.0,0.36363636363636365
11194,60.0,3.0,0.0,0.0,1.0,88.0,20.0,2.0,0.5454545454545454
11195,29.0,3.0,0.0,0.0,1.0,93.0,13.0,2.0,0.2727272727272727
11196,6.0,3.0,0.0,0.0,0.0,137.0,16.0,2.0,0.13636363636363635
11197,3.0,3.0,0.0,0.0,0.0,89.0,17.0,2.0,0.09090909090909091
11198,1.0,3.0,0.0,0.0,1.0,84.0,18.0,2.0,0.0
11199,34.0,3.0,0.0,0.0,0.0,98.0,18.0,2.0,0.4090909090909091
11200,8.0,3.0,0.0,0.0,0.0,90.0,20.0,0.0,0.045454545454545456
11201,33.0,3.0,0.0,0.0,0.0,89.0,21.0,0.0,0.3181818181818182
11202,4.0,3.0,0.0,0.0,0.0,164.0,20.0,3.0,0.09090909090909091
11203,4.0,3.0,0.0,0.0,0.0,152.0,20.0,3.0,0.045454545454545456
11204,3.0,3.0,0.0,0.0,0.0,194.0,14.0,6.0,0.045454545454545456
11205,30.0,3.0,0.0,0.0,1.0,96.0,14.0,6.0,0.36363636363636365
11206,32.0,3.0,0.0,0.0,0.0,101.0,19.0,0.0,0.36363636363636365
11207,15.0,3.0,0.0,0.0,1.0,98.0,16.0,5.0,0.36363636363636365
11208,11.0,3.0,0.0,0.0,0.0,109.0,20.0,2.0,0.09090909090909091
11209,6.0,3.0,0.0,0.0,0.0,97.0,23.0,2.0,0.09090909090909091
11210,42.0,3.0,0.0,0.0,0.0,138.0,23.0,2.0,0.3181818181818182
11211,17.0,1.0,1.0,0.0,0.0,0.0,13.0,1.0,0.1111111111111111
11212,8.0,1.0,0.0,0.0,0.0,658.0,15.0,3.0,0.07407407407407407
11213,36.0,1.0,0.0,0.0,0.0,146.0,15.0,3.0,0.14814814814814814
11214,6.0,1.0,0.0,0.0,0.0,658.0,18.0,3.0,0.037037037037037035
11215,1.0,1.0,0.0,0.0,0.0,348.0,22.0,3.0,0.0
11216,10.0,1.0,0.0,0.0,0.0,226.0,22.0,3.0,0.09259259259259259
11217,2.0,1.0,0.0,0.0,0.0,95.0,11.0,5.0,0.0
11218,7.0,1.0,0.0,0.0,0.0,167.0,11.0,5.0,0.07407407407407407
11219,1.0,1.0,0.0,0.0,0.0,299.0,18.0,1.0,0.0
11220,10.0,1.0,0.0,0.0,1.0,121.0,19.0,1.0,0.037037037037037035
11221,14.0,1.0,0.0,0.0,0.0,154.0,22.0,1.0,0.12962962962962962
11222,4.0,1.0,0.0,0.0,1.0,400.0,19.0,1.0,0.0
11223,3.0,1.0,0.0,0.0,1.0,400.0,19.0,1.0,0.0
11224,22.0,1.0,0.0,0.0,1.0,400.0,19.0,1.0,0.12962962962962962
11225,7.0,1.0,0.0,0.0,0.0,150.0,14.0,4.0,0.09259259259259259
11226,71.0,1.0,0.0,0.0,0.0,191.0,21.0,4.0,0.37037037037037035
11227,16.0,1.0,0.0,0.0,0.0,126.0,10.0,2.0,0.09259259259259259
11228,1.0,1.0,0.0,0.0,0.0,229.0,22.0,2.0,0.0
11229,20.0,1.0,0.0,0.0,1.0,161.0,22.0,2.0,0.2222222222222222
11230,21.0,1.0,0.0,0.0,0.0,106.0,16.0,4.0,0.24074074074074073
11231,6.0,1.0,0.0,0.0,1.0,133.0,13.0,0.0,0.07407407407407407
11232,2.0,1.0,0.0,0.0,0.0,106.0,20.0,0.0,0.0
11233,15.0,1.0,0.0,0.0,0.0,257.0,20.0,0.0,0.0
11234,8.0,1.0,0.0,0.0,0.0,1155.0,20.0,0.0,0.037037037037037035
11235,2.0,1.0,0.0,0.0,0.0,249.0,23.0,0.0,0.018518518518518517
11236,5.0,1.0,0.0,0.0,0.0,252.0,13.0,3.0,0.018518518518518517
11237,11.0,1.0,0.0,0.0,1.0,286.0,14.0,3.0,0.09259259259259259
11238,5.0,1.0,0.0,0.0,0.0,107.0,21.0,3.0,0.07407407407407407
11239,15.0,1.0,0.0,0.0,0.0,171.0,17.0,5.0,0.1111111111111111
11240,5.0,1.0,0.0,0.0,0.0,291.0,11.0,1.0,0.018518518518518517
11241,24.0,1.0,0.0,1.0,0.0,164.0,19.0,1.0,0.14814814814814814
11242,42.0,1.0,0.0,0.0,0.0,106.0,21.0,3.0,0.14814814814814814
11243,2.0,1.0,0.0,0.0,0.0,191.0,5.0,3.0,0.018518518518518517
11244,3.0,1.0,0.0,0.0,0.0,207.0,7.0,3.0,0.0
11245,16.0,1.0,0.0,0.0,1.0,129.0,8.0,3.0,0.16666666666666666
11246,13.0,1.0,0.0,0.0,1.0,156.0,12.0,3.0,0.14814814814814814
11247,25.0,1.0,0.0,0.0,0.0,207.0,14.0,3.0,0.2777777777777778
11248,25.0,1.0,0.0,0.0,1.0,327.0,14.0,4.0,0.09259259259259259
11249,8.0,1.0,0.0,0.0,0.0,89.0,21.0,5.0,0.05555555555555555
11250,43.0,1.0,0.0,0.0,0.0,149.0,13.0,6.0,0.24074074074074073
11251,5.0,1.0,0.0,0.0,0.0,99.0,14.0,1.0,0.018518518518518517
11252,7.0,1.0,0.0,0.0,1.0,184.0,15.0,1.0,0.05555555555555555
11253,2.0,1.0,0.0,0.0,0.0,142.0,18.0,1.0,0.018518518518518517
11254,1.0,1.0,0.0,0.0,0.0,380.0,19.0,1.0,0.0
11255,3.0,1.0,0.0,0.0,0.0,380.0,19.0,1.0,0.0
11256,16.0,1.0,0.0,0.0,0.0,149.0,20.0,1.0,0.12962962962962962
11257,2.0,1.0,0.0,0.0,0.0,376.0,18.0,2.0,0.018518518518518517
11258,86.0,1.0,0.0,0.0,0.0,376.0,20.0,2.0,0.3333333333333333
11259,37.0,1.0,0.0,0.0,0.0,114.0,14.0,3.0,0.07407407407407407
11260,1.0,1.0,0.0,0.0,0.0,154.0,8.0,4.0,0.0
11261,1.0,1.0,0.0,0.0,1.0,204.0,9.0,4.0,0.0
11262,16.0,1.0,0.0,0.0,1.0,94.0,9.0,4.0,0.09259259259259259
11263,47.0,1.0,0.0,0.0,0.0,247.0,16.0,4.0,0.35185185185185186
11264,7.0,1.0,0.0,0.0,0.0,152.0,15.0,0.0,0.07407407407407407
11265,1.0,1.0,0.0,0.0,0.0,185.0,21.0,0.0,0.0
11266,1.0,1.0,0.0,0.0,1.0,151.0,21.0,0.0,0.0
11267,12.0,1.0,0.0,0.0,0.0,93.0,21.0,0.0,0.14814814814814814
11268,4.0,1.0,0.0,0.0,0.0,116.0,19.0,1.0,0.037037037037037035
11269,1.0,1.0,0.0,0.0,0.0,195.0,20.0,1.0,0.0
11270,7.0,1.0,0.0,0.0,1.0,567.0,20.0,1.0,0.05555555555555555
11271,1.0,1.0,0.0,0.0,0.0,960.0,8.0,2.0,0.0
11272,1.0,1.0,0.0,0.0,1.0,166.0,8.0,2.0,0.0
11273,5.0,1.0,0.0,0.0,1.0,567.0,8.0,2.0,0.037037037037037035
11274,100.0,1.0,0.0,0.0,0.0,148.0,11.0,2.0,0.4074074074074074
11275,31.0,1.0,0.0,0.0,0.0,193.0,18.0,4.0,0.3333333333333333
11276,4.0,1.0,0.0,0.0,0.0,127.0,12.0,5.0,0.018518518518518517
11277,14.0,1.0,0.0,0.0,0.0,127.0,13.0,5.0,0.05555555555555555
11278,3.0,1.0,0.0,0.0,0.0,130.0,17.0,6.0,0.037037037037037035
11279,7.0,1.0,0.0,0.0,0.0,469.0,8.0,2.0,0.018518518518518517
11280,14.0,1.0,0.0,1.0,0.0,102.0,11.0,2.0,0.0
11281,1.0,1.0,0.0,0.0,1.0,122.0,14.0,2.0,0.0
11282,7.0,1.0,0.0,0.0,0.0,194.0,14.0,2.0,0.018518518518518517
11283,6.0,1.0,0.0,0.0,0.0,91.0,16.0,2.0,0.037037037037037035
11284,13.0,1.0,0.0,0.0,1.0,92.0,18.0,2.0,0.05555555555555555
11285,10.0,1.0,0.0,0.0,1.0,122.0,9.0,2.0,0.07407407407407407
11286,6.0,1.0,0.0,0.0,0.0,109.0,19.0,2.0,0.018518518518518517
11287,6.0,1.0,0.0,0.0,1.0,606.0,21.0,2.0,0.07407407407407407
11288,6.0,1.0,0.0,0.0,0.0,97.0,9.0,5.0,0.07407407407407407
11289,27.0,1.0,0.0,0.0,1.0,173.0,19.0,5.0,0.05555555555555555
11290,24.0,1.0,0.0,0.0,0.0,103.0,11.0,0.0,0.35185185185185186
11291,4.0,1.0,0.0,0.0,0.0,428.0,22.0,0.0,0.037037037037037035
11292,11.0,1.0,0.0,0.0,0.0,161.0,8.0,3.0,0.037037037037037035
11293,1.0,1.0,0.0,0.0,0.0,415.0,11.0,3.0,0.0
11294,8.0,1.0,0.0,0.0,1.0,229.0,18.0,3.0,0.037037037037037035
11295,38.0,1.0,0.0,0.0,1.0,99.0,5.0,5.0,0.2037037037037037
11296,13.0,1.0,0.0,0.0,0.0,281.0,20.0,4.0,0.1111111111111111
11297,15.0,1.0,0.0,0.0,0.0,253.0,11.0,6.0,0.018518518518518517
11298,8.0,1.0,0.0,0.0,0.0,253.0,13.0,6.0,0.0
11299,3.0,1.0,0.0,0.0,1.0,367.0,22.0,6.0,0.018518518518518517
11300,5.0,1.0,0.0,1.0,0.0,109.0,11.0,2.0,0.037037037037037035
11301,3.0,1.0,0.0,0.0,1.0,112.0,20.0,2.0,0.018518518518518517
11302,8.0,1.0,0.0,1.0,0.0,109.0,22.0,2.0,0.0
11303,2.0,1.0,0.0,0.0,1.0,244.0,23.0,2.0,0.018518518518518517
11304,20.0,1.0,0.0,0.0,1.0,104.0,10.0,4.0,0.16666666666666666
11305,13.0,1.0,0.0,0.0,0.0,114.0,19.0,4.0,0.12962962962962962
11306,3.0,1.0,0.0,1.0,0.0,129.0,16.0,4.0,0.0
11307,12.0,1.0,0.0,0.0,1.0,211.0,20.0,4.0,0.07407407407407407
11308,3.0,1.0,0.0,0.0,0.0,89.0,14.0,5.0,0.018518518518518517
11309,6.0,1.0,0.0,0.0,0.0,406.0,21.0,5.0,0.05555555555555555
11310,1.0,1.0,0.0,0.0,0.0,92.0,18.0,6.0,0.0
11311,6.0,1.0,0.0,0.0,0.0,92.0,18.0,6.0,0.037037037037037035
11312,2.0,1.0,0.0,0.0,1.0,328.0,10.0,0.0,0.0
11313,5.0,1.0,0.0,0.0,1.0,124.0,10.0,0.0,0.018518518518518517
11314,5.0,1.0,0.0,0.0,0.0,209.0,14.0,0.0,0.018518518518518517
11315,32.0,1.0,0.0,0.0,0.0,143.0,20.0,0.0,0.24074074074074073
11316,1.0,1.0,0.0,0.0,0.0,100.0,17.0,1.0,0.0
11317,4.0,1.0,0.0,0.0,0.0,131.0,17.0,1.0,0.0
11318,1.0,1.0,0.0,0.0,1.0,118.0,17.0,1.0,0.0
11319,1.0,1.0,0.0,0.0,0.0,236.0,18.0,1.0,0.0
11320,1.0,1.0,0.0,0.0,1.0,291.0,18.0,1.0,0.0
11321,7.0,1.0,0.0,0.0,0.0,233.0,21.0,1.0,0.0
11322,1.0,1.0,0.0,0.0,1.0,118.0,21.0,1.0,0.0
11323,1.0,1.0,0.0,0.0,0.0,236.0,21.0,1.0,0.0
11324,6.0,1.0,0.0,0.0,1.0,291.0,21.0,1.0,0.037037037037037035
11325,19.0,1.0,0.0,0.0,1.0,111.0,9.0,2.0,0.18518518518518517
11326,2.0,1.0,0.0,0.0,0.0,156.0,20.0,2.0,0.018518518518518517
11327,1.0,1.0,0.0,1.0,0.0,94.0,8.0,3.0,0.0
11328,7.0,1.0,0.0,1.0,0.0,95.0,8.0,3.0,0.09259259259259259
11329,23.0,1.0,0.0,0.0,0.0,159.0,21.0,3.0,0.14814814814814814
11330,63.0,1.0,0.0,0.0,0.0,100.0,10.0,5.0,0.2962962962962963
11331,2.0,1.0,0.0,0.0,0.0,91.0,19.0,0.0,0.0
11332,8.0,1.0,0.0,0.0,1.0,185.0,20.0,0.0,0.05555555555555555
11333,20.0,1.0,0.0,0.0,1.0,195.0,7.0,1.0,0.14814814814814814
11334,6.0,1.0,0.0,0.0,1.0,95.0,6.0,2.0,0.05555555555555555
11335,5.0,1.0,0.0,0.0,0.0,238.0,13.0,2.0,0.037037037037037035
11336,6.0,1.0,0.0,0.0,1.0,145.0,20.0,2.0,0.07407407407407407
11337,1.0,1.0,0.0,0.0,1.0,186.0,15.0,3.0,0.0
11338,1.0,1.0,0.0,0.0,0.0,153.0,20.0,3.0,0.0
11339,5.0,1.0,0.0,0.0,1.0,205.0,22.0,3.0,0.018518518518518517
11340,15.0,1.0,0.0,0.0,1.0,236.0,10.0,4.0,0.18518518518518517
11341,3.0,1.0,0.0,0.0,0.0,226.0,21.0,4.0,0.0
11342,1.0,1.0,0.0,0.0,1.0,107.0,21.0,4.0,0.0
11343,1.0,1.0,0.0,0.0,0.0,215.0,22.0,4.0,0.0
11344,1.0,1.0,0.0,0.0,0.0,340.0,22.0,4.0,0.0
11345,23.0,1.0,0.0,0.0,0.0,340.0,22.0,4.0,0.12962962962962962
11346,16.0,1.0,0.0,0.0,0.0,212.0,17.0,5.0,0.07407407407407407
11347,3.0,1.0,0.0,0.0,0.0,165.0,9.0,6.0,0.018518518518518517
11348,5.0,1.0,0.0,0.0,0.0,257.0,10.0,6.0,0.037037037037037035
11349,9.0,1.0,0.0,1.0,0.0,91.0,16.0,6.0,0.07407407407407407
11350,25.0,1.0,0.0,0.0,1.0,186.0,7.0,0.0,0.14814814814814814
11351,9.0,1.0,0.0,0.0,0.0,178.0,21.0,0.0,0.07407407407407407
11352,9.0,1.0,0.0,0.0,0.0,158.0,9.0,1.0,0.1111111111111111
11353,29.0,1.0,0.0,0.0,0.0,209.0,16.0,1.0,0.2222222222222222
11354,7.0,1.0,0.0,0.0,0.0,120.0,22.0,0.0,0.037037037037037035
11355,32.0,1.0,0.0,0.0,0.0,122.0,23.0,0.0,0.07407407407407407
11356,27.0,1.0,0.0,0.0,0.0,95.0,11.0,3.0,0.2222222222222222
11357,25.0,1.0,0.0,0.0,0.0,89.0,19.0,3.0,0.12962962962962962
11358,16.0,1.0,0.0,0.0,1.0,113.0,21.0,3.0,0.12962962962962962
11359,1.0,1.0,0.0,0.0,1.0,115.0,16.0,3.0,0.0
11360,27.0,1.0,0.0,0.0,1.0,115.0,16.0,3.0,0.14814814814814814
11361,5.0,1.0,0.0,0.0,0.0,134.0,20.0,3.0,0.05555555555555555
11362,21.0,1.0,0.0,0.0,1.0,102.0,7.0,6.0,0.18518518518518517
11363,16.0,1.0,0.0,0.0,1.0,95.0,14.0,6.0,0.12962962962962962
11364,9.0,1.0,0.0,0.0,0.0,171.0,14.0,1.0,0.09259259259259259
11365,4.0,1.0,0.0,0.0,0.0,208.0,21.0,1.0,0.037037037037037035
11366,9.0,1.0,0.0,0.0,0.0,124.0,9.0,4.0,0.09259259259259259
11367,1.0,1.0,0.0,0.0,1.0,154.0,13.0,6.0,0.0
11368,14.0,1.0,0.0,0.0,0.0,193.0,13.0,6.0,0.12962962962962962
11369,1.0,1.0,0.0,0.0,1.0,133.0,20.0,6.0,0.0
11370,5.0,1.0,0.0,0.0,0.0,154.0,20.0,6.0,0.018518518518518517
11371,22.0,1.0,0.0,0.0,0.0,232.0,21.0,6.0,0.24074074074074073
11372,1.0,1.0,0.0,0.0,1.0,218.0,16.0,2.0,0.0
11373,1.0,1.0,0.0,0.0,1.0,256.0,16.0,2.0,0.0
11374,49.0,1.0,0.0,0.0,0.0,601.0,17.0,2.0,0.35185185185185186
11375,40.0,1.0,0.0,0.0,1.0,232.0,14.0,0.0,0.16666666666666666
11376,51.0,1.0,0.0,0.0,1.0,97.0,18.0,0.0,0.25925925925925924
11377,8.0,1.0,0.0,0.0,0.0,165.0,15.0,5.0,0.018518518518518517
11378,32.0,1.0,0.0,0.0,0.0,127.0,10.0,0.0,0.25925925925925924
11379,29.0,1.0,0.0,0.0,0.0,349.0,22.0,1.0,0.16666666666666666
11380,20.0,1.0,0.0,0.0,0.0,96.0,10.0,2.0,0.1111111111111111
11381,18.0,1.0,0.0,0.0,1.0,163.0,14.0,2.0,0.12962962962962962
11382,1.0,1.0,0.0,0.0,0.0,94.0,19.0,3.0,0.0
11383,1.0,1.0,0.0,0.0,0.0,127.0,20.0,3.0,0.0
11384,14.0,1.0,0.0,0.0,0.0,91.0,20.0,3.0,0.037037037037037035
11385,9.0,1.0,0.0,0.0,0.0,92.0,20.0,3.0,0.07407407407407407
11386,15.0,1.0,0.0,0.0,1.0,133.0,22.0,3.0,0.09259259259259259
11387,3.0,1.0,0.0,0.0,1.0,133.0,6.0,4.0,0.037037037037037035
11388,3.0,1.0,0.0,0.0,0.0,125.0,8.0,4.0,0.018518518518518517
11389,14.0,1.0,0.0,0.0,0.0,342.0,8.0,4.0,0.16666666666666666
11390,5.0,1.0,0.0,0.0,1.0,122.0,20.0,4.0,0.037037037037037035
11391,23.0,1.0,0.0,0.0,0.0,584.0,7.0,5.0,0.05555555555555555
11392,28.0,1.0,0.0,0.0,0.0,107.0,12.0,5.0,0.16666666666666666
11393,2.0,1.0,0.0,0.0,0.0,159.0,19.0,6.0,0.0
11394,1.0,1.0,0.0,0.0,0.0,237.0,19.0,6.0,0.0
11395,1.0,1.0,0.0,0.0,0.0,262.0,19.0,6.0,0.0
11396,2.0,1.0,0.0,0.0,0.0,240.0,19.0,6.0,0.0
11397,1.0,1.0,0.0,0.0,1.0,216.0,19.0,6.0,0.0
11398,1.0,1.0,0.0,0.0,0.0,294.0,19.0,6.0,0.0
11399,6.0,1.0,0.0,0.0,0.0,106.0,19.0,6.0,0.07407407407407407
11400,8.0,1.0,0.0,0.0,0.0,94.0,23.0,6.0,0.09259259259259259
11401,33.0,1.0,0.0,0.0,0.0,190.0,12.0,0.0,0.18518518518518517
11402,3.0,1.0,0.0,0.0,0.0,173.0,21.0,0.0,0.037037037037037035
11403,61.0,1.0,0.0,0.0,0.0,159.0,7.0,1.0,0.24074074074074073
11404,1.0,1.0,0.0,0.0,0.0,180.0,14.0,3.0,0.0
11405,30.0,1.0,0.0,0.0,0.0,231.0,16.0,3.0,0.18518518518518517
11406,17.0,1.0,0.0,1.0,0.0,384.0,22.0,4.0,0.09259259259259259
11407,12.0,1.0,0.0,0.0,1.0,96.0,21.0,5.0,0.1111111111111111
11408,20.0,1.0,0.0,0.0,1.0,100.0,20.0,6.0,0.1111111111111111
11409,10.0,1.0,0.0,1.0,1.0,232.0,13.0,0.0,0.1111111111111111
11410,19.0,1.0,0.0,0.0,0.0,389.0,22.0,0.0,0.1111111111111111
11411,1.0,1.0,0.0,0.0,1.0,246.0,10.0,2.0,0.0
11412,17.0,1.0,0.0,0.0,0.0,178.0,12.0,2.0,0.2037037037037037
11413,36.0,1.0,0.0,0.0,0.0,138.0,20.0,2.0,0.24074074074074073
11414,27.0,1.0,0.0,0.0,1.0,111.0,7.0,4.0,0.2962962962962963
11415,1.0,1.0,0.0,0.0,0.0,321.0,19.0,4.0,0.0
11416,39.0,1.0,0.0,0.0,0.0,217.0,20.0,4.0,0.25925925925925924
11417,16.0,1.0,0.0,0.0,0.0,152.0,0.0,4.0,0.12962962962962962
11418,1.0,1.0,0.0,0.0,1.0,193.0,7.0,4.0,0.0
11419,7.0,1.0,0.0,0.0,0.0,146.0,7.0,4.0,0.018518518518518517
11420,1.0,1.0,0.0,0.0,0.0,91.0,9.0,4.0,0.0
11421,13.0,1.0,0.0,0.0,0.0,219.0,10.0,4.0,0.09259259259259259
11422,1.0,1.0,0.0,0.0,0.0,109.0,20.0,4.0,0.0
11423,1.0,1.0,0.0,1.0,0.0,399.0,21.0,4.0,0.0
11424,146.0,1.0,0.0,0.0,0.0,327.0,21.0,4.0,0.5185185185185185
11425,25.0,1.0,0.0,0.0,0.0,185.0,20.0,5.0,0.09259259259259259
11426,21.0,1.0,0.0,0.0,1.0,201.0,21.0,0.0,0.1111111111111111
11427,28.0,1.0,0.0,0.0,0.0,146.0,14.0,3.0,0.14814814814814814
11428,1.0,1.0,0.0,0.0,0.0,281.0,12.0,6.0,0.0
11429,2.0,1.0,0.0,0.0,0.0,281.0,12.0,6.0,0.0
11430,16.0,1.0,0.0,0.0,1.0,217.0,15.0,6.0,0.16666666666666666
11431,4.0,1.0,0.0,0.0,0.0,129.0,16.0,1.0,0.037037037037037035
11432,4.0,1.0,0.0,0.0,0.0,100.0,8.0,4.0,0.037037037037037035
11433,3.0,1.0,0.0,0.0,0.0,2211.0,16.0,4.0,0.018518518518518517
11434,6.0,1.0,0.0,0.0,0.0,127.0,18.0,4.0,0.037037037037037035
11435,6.0,1.0,0.0,0.0,1.0,105.0,22.0,4.0,0.07407407407407407
11436,2.0,1.0,0.0,0.0,0.0,222.0,14.0,6.0,0.0
11437,15.0,1.0,0.0,0.0,0.0,142.0,21.0,6.0,0.12962962962962962
11438,1.0,1.0,0.0,0.0,1.0,107.0,12.0,3.0,0.0
11439,10.0,1.0,0.0,0.0,1.0,107.0,12.0,3.0,0.09259259259259259
11440,20.0,1.0,0.0,0.0,1.0,98.0,18.0,3.0,0.12962962962962962
11441,47.0,1.0,0.0,0.0,1.0,110.0,22.0,4.0,0.24074074074074073
11442,7.0,1.0,0.0,0.0,0.0,91.0,16.0,5.0,0.07407407407407407
11443,4.0,1.0,0.0,0.0,0.0,3207.0,22.0,6.0,0.037037037037037035
11444,9.0,1.0,0.0,0.0,0.0,98.0,0.0,0.0,0.09259259259259259
11445,15.0,1.0,0.0,0.0,0.0,3207.0,9.0,0.0,0.07407407407407407
11446,1.0,1.0,0.0,0.0,1.0,101.0,14.0,0.0,0.0
11447,1.0,1.0,0.0,0.0,0.0,168.0,15.0,0.0,0.0
11448,2.0,1.0,0.0,0.0,0.0,168.0,15.0,0.0,0.0
11449,8.0,1.0,0.0,0.0,0.0,93.0,17.0,0.0,0.05555555555555555
11450,9.0,1.0,0.0,0.0,0.0,153.0,8.0,1.0,0.037037037037037035
11451,50.0,1.0,0.0,0.0,0.0,110.0,18.0,1.0,0.2962962962962963
11452,5.0,1.0,0.0,0.0,0.0,92.0,16.0,2.0,0.05555555555555555
11453,26.0,1.0,0.0,0.0,1.0,301.0,19.0,2.0,0.3148148148148148
11454,1.0,1.0,0.0,0.0,0.0,363.0,20.0,4.0,0.0
11455,2.0,1.0,0.0,0.0,1.0,114.0,20.0,4.0,0.0
11456,3.0,1.0,0.0,0.0,1.0,165.0,20.0,4.0,0.0
11457,27.0,1.0,0.0,0.0,1.0,179.0,21.0,4.0,0.1111111111111111
11458,2.0,1.0,0.0,0.0,0.0,314.0,7.0,6.0,0.0
11459,3.0,1.0,0.0,0.0,1.0,305.0,7.0,6.0,0.037037037037037035
11460,10.0,1.0,0.0,0.0,0.0,453.0,10.0,6.0,0.1111111111111111
11461,54.0,1.0,0.0,0.0,1.0,144.0,10.0,0.0,0.3148148148148148
11462,3.0,1.0,0.0,1.0,1.0,97.0,21.0,0.0,0.018518518518518517
11463,28.0,1.0,0.0,1.0,0.0,101.0,9.0,1.0,0.14814814814814814
11464,14.0,1.0,0.0,0.0,0.0,117.0,8.0,2.0,0.1111111111111111
11465,18.0,1.0,0.0,0.0,0.0,278.0,16.0,2.0,0.16666666666666666
11466,1.0,1.0,0.0,0.0,0.0,97.0,14.0,3.0,0.0
11467,1.0,1.0,0.0,0.0,0.0,149.0,14.0,3.0,0.0
11468,10.0,1.0,0.0,0.0,0.0,154.0,15.0,3.0,0.16666666666666666
11469,2.0,1.0,0.0,0.0,0.0,170.0,8.0,4.0,0.0
11470,4.0,1.0,0.0,0.0,0.0,170.0,9.0,4.0,0.018518518518518517
11471,1.0,1.0,0.0,0.0,0.0,96.0,11.0,4.0,0.0
11472,50.0,1.0,0.0,0.0,0.0,96.0,11.0,4.0,0.25925925925925924
11473,2.0,1.0,0.0,0.0,0.0,95.0,16.0,5.0,0.018518518518518517
11474,4.0,1.0,0.0,0.0,0.0,1327.0,12.0,6.0,0.05555555555555555
11475,8.0,1.0,0.0,0.0,1.0,208.0,16.0,6.0,0.05555555555555555
11476,1.0,1.0,0.0,0.0,0.0,93.0,22.0,6.0,0.0
11477,9.0,1.0,0.0,0.0,1.0,336.0,22.0,6.0,0.09259259259259259
11478,8.0,1.0,0.0,0.0,1.0,330.0,11.0,2.0,0.09259259259259259
11479,5.0,1.0,0.0,0.0,1.0,202.0,18.0,2.0,0.037037037037037035
11480,46.0,1.0,0.0,0.0,1.0,113.0,9.0,5.0,0.14814814814814814
11481,32.0,1.0,0.0,0.0,0.0,104.0,11.0,5.0,0.12962962962962962
11482,13.0,1.0,0.0,0.0,0.0,636.0,19.0,5.0,0.05555555555555555
11483,6.0,1.0,0.0,0.0,0.0,177.0,19.0,5.0,0.0
11484,25.0,1.0,0.0,0.0,0.0,170.0,9.0,1.0,0.2222222222222222
11485,1.0,1.0,0.0,0.0,0.0,123.0,16.0,1.0,0.0
11486,7.0,1.0,0.0,0.0,0.0,123.0,16.0,1.0,0.05555555555555555
11487,3.0,1.0,0.0,0.0,1.0,168.0,18.0,1.0,0.018518518518518517
11488,1.0,1.0,0.0,0.0,1.0,208.0,22.0,1.0,0.0
11489,6.0,1.0,0.0,0.0,1.0,94.0,22.0,1.0,0.0
11490,5.0,1.0,0.0,0.0,0.0,109.0,22.0,1.0,0.0
11491,9.0,1.0,0.0,0.0,0.0,420.0,4.0,3.0,0.07407407407407407
11492,3.0,1.0,0.0,0.0,0.0,115.0,10.0,3.0,0.037037037037037035
11493,16.0,1.0,0.0,0.0,0.0,144.0,12.0,3.0,0.12962962962962962
11494,12.0,1.0,0.0,0.0,0.0,93.0,11.0,6.0,0.12962962962962962
11495,11.0,1.0,0.0,0.0,0.0,91.0,15.0,6.0,0.12962962962962962
11496,22.0,1.0,0.0,0.0,0.0,105.0,11.0,1.0,0.18518518518518517
11497,18.0,1.0,0.0,0.0,0.0,140.0,16.0,4.0,0.12962962962962962
11498,1.0,1.0,0.0,0.0,1.0,124.0,10.0,0.0,0.0
11499,4.0,1.0,0.0,0.0,0.0,140.0,10.0,0.0,0.05555555555555555
11500,2.0,1.0,0.0,0.0,0.0,90.0,22.0,0.0,0.0
11501,37.0,1.0,0.0,0.0,1.0,332.0,0.0,2.0,0.24074074074074073
11502,1.0,1.0,0.0,0.0,1.0,124.0,13.0,0.0,0.0
11503,9.0,1.0,0.0,0.0,0.0,140.0,13.0,0.0,0.09259259259259259
11504,9.0,1.0,0.0,1.0,1.0,393.0,21.0,0.0,0.05555555555555555
11505,1.0,1.0,0.0,0.0,0.0,183.0,17.0,5.0,0.0
11506,12.0,1.0,0.0,0.0,0.0,201.0,17.0,5.0,0.09259259259259259
11507,4.0,1.0,0.0,0.0,0.0,95.0,14.0,0.0,0.05555555555555555
11508,4.0,1.0,0.0,0.0,0.0,98.0,7.0,1.0,0.037037037037037035
11509,2.0,1.0,0.0,0.0,0.0,191.0,16.0,1.0,0.018518518518518517
11510,3.0,1.0,0.0,0.0,0.0,182.0,7.0,2.0,0.018518518518518517
11511,1.0,1.0,0.0,0.0,0.0,167.0,11.0,2.0,0.0
11512,1.0,1.0,0.0,0.0,0.0,167.0,11.0,2.0,0.0
11513,1.0,1.0,0.0,0.0,0.0,167.0,11.0,2.0,0.0
11514,1.0,1.0,0.0,0.0,0.0,167.0,11.0,2.0,0.0
11515,1.0,1.0,0.0,0.0,1.0,670.0,12.0,2.0,0.0
11516,5.0,1.0,0.0,0.0,1.0,127.0,13.0,2.0,0.037037037037037035
11517,5.0,1.0,0.0,0.0,0.0,114.0,20.0,2.0,0.05555555555555555
11518,10.0,1.0,0.0,0.0,0.0,107.0,9.0,3.0,0.1111111111111111
11519,9.0,1.0,0.0,0.0,0.0,214.0,20.0,3.0,0.07407407407407407
11520,3.0,1.0,0.0,0.0,0.0,316.0,9.0,4.0,0.0
11521,4.0,1.0,0.0,0.0,1.0,184.0,9.0,4.0,0.018518518518518517
11522,1.0,1.0,0.0,0.0,0.0,112.0,15.0,4.0,0.0
11523,25.0,1.0,0.0,0.0,1.0,167.0,19.0,4.0,0.12962962962962962
11524,4.0,1.0,0.0,0.0,0.0,270.0,8.0,0.0,0.037037037037037035
11525,2.0,1.0,0.0,0.0,0.0,103.0,21.0,0.0,0.0
11526,8.0,1.0,0.0,0.0,0.0,112.0,21.0,0.0,0.018518518518518517
11527,4.0,1.0,0.0,0.0,0.0,174.0,21.0,0.0,0.0
11528,137.0,1.0,0.0,0.0,0.0,174.0,21.0,0.0,0.2962962962962963
11529,1.0,1.0,0.0,0.0,0.0,99.0,10.0,2.0,0.0
11530,1.0,1.0,0.0,0.0,0.0,277.0,10.0,2.0,0.0
11531,1.0,1.0,0.0,0.0,0.0,155.0,10.0,2.0,0.0
11532,24.0,1.0,0.0,0.0,0.0,229.0,10.0,2.0,0.14814814814814814
11533,33.0,1.0,0.0,0.0,1.0,226.0,9.0,3.0,0.2777777777777778
11534,10.0,1.0,0.0,0.0,1.0,146.0,19.0,3.0,0.018518518518518517
11535,10.0,1.0,0.0,0.0,1.0,275.0,21.0,3.0,0.05555555555555555
11536,62.0,1.0,0.0,0.0,1.0,114.0,10.0,4.0,0.24074074074074073
11537,10.0,1.0,0.0,0.0,0.0,346.0,18.0,4.0,0.037037037037037035
11538,23.0,1.0,0.0,0.0,0.0,95.0,22.0,4.0,0.14814814814814814
11539,2.0,1.0,0.0,1.0,0.0,92.0,20.0,5.0,0.018518518518518517
11540,9.0,1.0,0.0,1.0,0.0,92.0,21.0,5.0,0.05555555555555555
11541,12.0,1.0,0.0,0.0,0.0,138.0,16.0,6.0,0.05555555555555555
11542,30.0,1.0,0.0,0.0,0.0,1151.0,23.0,6.0,0.2962962962962963
11543,3.0,1.0,0.0,0.0,1.0,265.0,19.0,0.0,0.018518518518518517
11544,9.0,1.0,0.0,0.0,1.0,262.0,9.0,1.0,0.037037037037037035
11545,17.0,1.0,0.0,0.0,1.0,262.0,12.0,1.0,0.16666666666666666
11546,42.0,1.0,0.0,0.0,1.0,200.0,17.0,1.0,0.16666666666666666
11547,1.0,1.0,0.0,1.0,1.0,93.0,14.0,2.0,0.0
11548,7.0,1.0,0.0,0.0,1.0,204.0,15.0,2.0,0.037037037037037035
11549,2.0,1.0,0.0,0.0,1.0,218.0,20.0,2.0,0.0
11550,6.0,1.0,0.0,0.0,0.0,214.0,20.0,2.0,0.037037037037037035
11551,42.0,1.0,0.0,0.0,0.0,148.0,7.0,3.0,0.3148148148148148
11552,2.0,1.0,0.0,0.0,1.0,127.0,18.0,3.0,0.018518518518518517
11553,10.0,1.0,0.0,0.0,0.0,158.0,22.0,3.0,0.1111111111111111
11554,5.0,1.0,0.0,0.0,0.0,150.0,20.0,6.0,0.05555555555555555
11555,15.0,1.0,0.0,0.0,1.0,121.0,8.0,6.0,0.12962962962962962
11556,6.0,1.0,0.0,0.0,0.0,112.0,11.0,6.0,0.09259259259259259
11557,11.0,1.0,0.0,0.0,0.0,139.0,19.0,6.0,0.09259259259259259
11558,21.0,1.0,0.0,0.0,0.0,139.0,20.0,6.0,0.2037037037037037
11559,18.0,1.0,0.0,0.0,0.0,89.0,21.0,2.0,0.09259259259259259
11560,36.0,1.0,0.0,0.0,1.0,276.0,13.0,4.0,0.07407407407407407
11561,2.0,1.0,0.0,1.0,0.0,96.0,19.0,4.0,0.018518518518518517
11562,6.0,1.0,0.0,0.0,1.0,203.0,6.0,0.0,0.09259259259259259
11563,50.0,1.0,0.0,0.0,0.0,113.0,13.0,0.0,0.37037037037037035
11564,1.0,1.0,0.0,0.0,0.0,111.0,20.0,5.0,0.0
11565,8.0,1.0,0.0,0.0,0.0,142.0,20.0,5.0,0.09259259259259259
11566,4.0,1.0,0.0,0.0,0.0,142.0,15.0,1.0,0.037037037037037035
11567,3.0,1.0,0.0,0.0,0.0,169.0,19.0,1.0,0.018518518518518517
11568,1.0,1.0,0.0,0.0,1.0,266.0,19.0,1.0,0.0
11569,30.0,1.0,0.0,1.0,0.0,232.0,21.0,1.0,0.2037037037037037
11570,5.0,1.0,0.0,0.0,1.0,154.0,8.0,6.0,0.037037037037037035
11571,7.0,1.0,0.0,1.0,0.0,279.0,18.0,6.0,0.07407407407407407
11572,6.0,1.0,0.0,0.0,0.0,121.0,8.0,1.0,0.018518518518518517
11573,32.0,1.0,0.0,0.0,0.0,293.0,13.0,1.0,0.16666666666666666
11574,7.0,1.0,0.0,0.0,1.0,164.0,21.0,1.0,0.05555555555555555
11575,1.0,1.0,0.0,0.0,0.0,275.0,7.0,2.0,0.0
11576,2.0,1.0,0.0,0.0,0.0,92.0,7.0,2.0,0.0
11577,4.0,1.0,0.0,0.0,0.0,120.0,7.0,2.0,0.037037037037037035
11578,6.0,1.0,0.0,0.0,0.0,207.0,7.0,2.0,0.05555555555555555
11579,12.0,1.0,0.0,0.0,0.0,191.0,12.0,2.0,0.12962962962962962
11580,7.0,1.0,0.0,0.0,0.0,399.0,16.0,2.0,0.05555555555555555
11581,2.0,1.0,0.0,1.0,0.0,384.0,19.0,2.0,0.0
11582,4.0,1.0,0.0,1.0,1.0,175.0,19.0,2.0,0.0
11583,1.0,1.0,0.0,0.0,0.0,232.0,6.0,3.0,0.0
11584,1.0,1.0,0.0,0.0,0.0,218.0,7.0,3.0,0.0
11585,22.0,1.0,0.0,0.0,0.0,218.0,7.0,3.0,0.14814814814814814
11586,1.0,1.0,0.0,0.0,0.0,218.0,14.0,3.0,0.0
11587,2.0,1.0,0.0,0.0,0.0,218.0,14.0,3.0,0.0
11588,1.0,1.0,0.0,0.0,0.0,218.0,14.0,3.0,0.0
11589,7.0,1.0,0.0,0.0,0.0,218.0,14.0,3.0,0.05555555555555555
11590,5.0,1.0,0.0,0.0,0.0,110.0,20.0,3.0,0.05555555555555555
11591,22.0,1.0,0.0,0.0,0.0,342.0,9.0,4.0,0.2037037037037037
11592,11.0,1.0,0.0,0.0,1.0,117.0,15.0,4.0,0.05555555555555555
11593,25.0,1.0,0.0,1.0,1.0,124.0,8.0,5.0,0.14814814814814814
11594,22.0,1.0,0.0,0.0,1.0,117.0,13.0,5.0,0.18518518518518517
11595,4.0,1.0,0.0,0.0,0.0,359.0,13.0,6.0,0.037037037037037035
11596,25.0,1.0,0.0,0.0,1.0,399.0,20.0,6.0,0.2037037037037037
11597,1.0,1.0,0.0,1.0,1.0,212.0,21.0,0.0,0.0
11598,3.0,1.0,0.0,0.0,0.0,236.0,22.0,0.0,0.0
11599,2.0,1.0,0.0,0.0,0.0,107.0,10.0,1.0,0.0
11600,9.0,1.0,0.0,1.0,0.0,225.0,10.0,1.0,0.09259259259259259
11601,8.0,1.0,0.0,0.0,0.0,108.0,16.0,1.0,0.1111111111111111
11602,26.0,1.0,0.0,0.0,0.0,228.0,17.0,1.0,0.16666666666666666
11603,2.0,1.0,0.0,0.0,0.0,405.0,13.0,2.0,0.0
11604,7.0,1.0,0.0,0.0,0.0,199.0,13.0,2.0,0.07407407407407407
11605,13.0,1.0,0.0,1.0,0.0,96.0,20.0,2.0,0.14814814814814814
11606,18.0,1.0,0.0,1.0,0.0,261.0,11.0,3.0,0.037037037037037035
11607,7.0,1.0,0.0,0.0,0.0,273.0,16.0,3.0,0.037037037037037035
11608,48.0,1.0,0.0,0.0,0.0,152.0,20.0,3.0,0.3148148148148148
11609,2.0,1.0,0.0,0.0,1.0,91.0,23.0,4.0,0.0
11610,44.0,1.0,0.0,0.0,1.0,190.0,23.0,4.0,0.25925925925925924
11611,23.0,1.0,0.0,0.0,0.0,110.0,19.0,5.0,0.14814814814814814
11612,5.0,1.0,0.0,0.0,0.0,111.0,13.0,6.0,0.037037037037037035
11613,39.0,1.0,0.0,0.0,0.0,323.0,17.0,6.0,0.16666666666666666
11614,17.0,1.0,0.0,0.0,1.0,89.0,15.0,1.0,0.07407407407407407
11615,1.0,1.0,0.0,0.0,0.0,136.0,20.0,1.0,0.0
11616,14.0,1.0,0.0,0.0,0.0,238.0,20.0,1.0,0.1111111111111111
11617,4.0,1.0,0.0,0.0,0.0,117.0,12.0,2.0,0.018518518518518517
11618,22.0,1.0,0.0,0.0,0.0,260.0,18.0,2.0,0.12962962962962962
11619,25.0,1.0,0.0,0.0,0.0,200.0,20.0,3.0,0.07407407407407407
11620,7.0,1.0,0.0,0.0,0.0,89.0,20.0,4.0,0.05555555555555555
11621,12.0,1.0,0.0,0.0,1.0,983.0,7.0,4.0,0.05555555555555555
11622,1.0,1.0,0.0,0.0,1.0,188.0,14.0,4.0,0.0
11623,1.0,1.0,0.0,0.0,0.0,451.0,14.0,4.0,0.0
11624,21.0,1.0,0.0,0.0,0.0,238.0,14.0,4.0,0.14814814814814814
11625,1.0,1.0,0.0,0.0,0.0,452.0,14.0,0.0,0.0
11626,3.0,1.0,0.0,0.0,0.0,448.0,14.0,0.0,0.037037037037037035
11627,8.0,1.0,0.0,0.0,1.0,122.0,23.0,0.0,0.07407407407407407
11628,3.0,1.0,0.0,0.0,1.0,188.0,12.0,0.0,0.0
11629,27.0,1.0,0.0,0.0,1.0,188.0,12.0,0.0,0.16666666666666666
11630,7.0,1.0,0.0,0.0,1.0,206.0,13.0,3.0,0.037037037037037035
11631,2.0,1.0,0.0,0.0,1.0,94.0,14.0,3.0,0.0
11632,16.0,1.0,0.0,0.0,0.0,664.0,15.0,3.0,0.07407407407407407
11633,27.0,1.0,0.0,0.0,0.0,647.0,20.0,3.0,0.07407407407407407
11634,10.0,1.0,0.0,0.0,0.0,102.0,13.0,5.0,0.037037037037037035
11635,10.0,1.0,0.0,0.0,0.0,134.0,15.0,5.0,0.05555555555555555
11636,11.0,1.0,0.0,0.0,0.0,405.0,18.0,5.0,0.018518518518518517
11637,2.0,1.0,0.0,0.0,0.0,150.0,21.0,5.0,0.018518518518518517
11638,14.0,1.0,0.0,0.0,1.0,185.0,21.0,5.0,0.07407407407407407
11639,5.0,1.0,0.0,0.0,0.0,147.0,12.0,1.0,0.037037037037037035
11640,1.0,1.0,0.0,0.0,0.0,186.0,14.0,1.0,0.0
11641,28.0,1.0,0.0,0.0,0.0,201.0,15.0,1.0,0.05555555555555555
11642,9.0,1.0,0.0,0.0,1.0,511.0,20.0,1.0,0.037037037037037035
11643,1.0,1.0,0.0,0.0,0.0,114.0,10.0,3.0,0.0
11644,7.0,1.0,0.0,0.0,0.0,174.0,11.0,3.0,0.09259259259259259
11645,7.0,1.0,0.0,0.0,0.0,260.0,15.0,3.0,0.07407407407407407
11646,30.0,1.0,0.0,0.0,0.0,162.0,22.0,3.0,0.16666666666666666
11647,19.0,1.0,0.0,0.0,0.0,428.0,23.0,6.0,0.12962962962962962
11648,7.0,1.0,0.0,0.0,0.0,244.0,15.0,4.0,0.07407407407407407
11649,1.0,1.0,0.0,0.0,0.0,421.0,22.0,4.0,0.0
11650,10.0,1.0,0.0,0.0,0.0,507.0,5.0,0.0,0.037037037037037035
11651,3.0,1.0,0.0,0.0,0.0,104.0,10.0,0.0,0.018518518518518517
11652,1.0,1.0,0.0,0.0,1.0,160.0,11.0,0.0,0.0
11653,36.0,1.0,0.0,0.0,0.0,421.0,11.0,0.0,0.2037037037037037
11654,1.0,1.0,0.0,0.0,0.0,250.0,10.0,2.0,0.0
11655,3.0,1.0,0.0,0.0,0.0,114.0,10.0,2.0,0.0
11656,1.0,1.0,0.0,0.0,0.0,165.0,10.0,2.0,0.0
11657,2.0,1.0,0.0,0.0,1.0,160.0,12.0,2.0,0.0
11658,1.0,1.0,0.0,0.0,0.0,109.0,12.0,2.0,0.0
11659,1.0,1.0,0.0,0.0,0.0,250.0,12.0,2.0,0.0
11660,2.0,1.0,0.0,0.0,0.0,114.0,12.0,2.0,0.018518518518518517
11661,1.0,1.0,0.0,0.0,0.0,244.0,15.0,2.0,0.0
11662,1.0,1.0,0.0,0.0,0.0,311.0,16.0,2.0,0.0
11663,2.0,1.0,0.0,0.0,0.0,311.0,16.0,2.0,0.018518518518518517
11664,1.0,1.0,0.0,0.0,0.0,365.0,17.0,2.0,0.0
11665,2.0,1.0,0.0,0.0,0.0,365.0,17.0,2.0,0.018518518518518517
11666,1.0,1.0,0.0,0.0,1.0,102.0,20.0,2.0,0.0
11667,29.0,1.0,0.0,0.0,0.0,405.0,20.0,2.0,0.09259259259259259
11668,8.0,1.0,0.0,0.0,0.0,163.0,18.0,3.0,0.037037037037037035
11669,2.0,1.0,0.0,0.0,0.0,179.0,19.0,3.0,0.018518518518518517
11670,10.0,1.0,0.0,0.0,0.0,90.0,19.0,3.0,0.05555555555555555
11671,1.0,1.0,0.0,0.0,0.0,287.0,9.0,4.0,0.0
11672,1.0,1.0,0.0,0.0,0.0,154.0,10.0,4.0,0.0
11673,7.0,1.0,0.0,1.0,0.0,203.0,11.0,4.0,0.05555555555555555
11674,24.0,1.0,0.0,0.0,0.0,98.0,5.0,5.0,0.09259259259259259
11675,18.0,1.0,0.0,0.0,1.0,104.0,22.0,5.0,0.09259259259259259
11676,4.0,1.0,0.0,0.0,0.0,145.0,20.0,6.0,0.037037037037037035
11677,19.0,1.0,0.0,0.0,0.0,1339.0,11.0,0.0,0.09259259259259259
11678,1.0,1.0,0.0,1.0,0.0,226.0,15.0,1.0,0.0
11679,14.0,1.0,0.0,1.0,0.0,226.0,15.0,1.0,0.09259259259259259
11680,2.0,1.0,0.0,1.0,1.0,160.0,8.0,3.0,0.0
11681,1.0,1.0,0.0,1.0,1.0,160.0,8.0,3.0,0.0
11682,5.0,1.0,0.0,0.0,1.0,672.0,12.0,3.0,0.05555555555555555
11683,1.0,1.0,0.0,0.0,0.0,319.0,15.0,3.0,0.0
11684,29.0,1.0,0.0,0.0,0.0,351.0,17.0,3.0,0.12962962962962962
11685,6.0,1.0,0.0,0.0,0.0,500.0,13.0,4.0,0.018518518518518517
11686,18.0,1.0,0.0,0.0,0.0,125.0,16.0,4.0,0.12962962962962962
11687,8.0,1.0,0.0,0.0,0.0,220.0,18.0,5.0,0.09259259259259259
11688,6.0,1.0,0.0,0.0,0.0,723.0,23.0,5.0,0.037037037037037035
11689,2.0,1.0,0.0,0.0,1.0,237.0,20.0,6.0,0.0
11690,9.0,1.0,0.0,0.0,0.0,173.0,23.0,6.0,0.07407407407407407
11691,2.0,1.0,0.0,0.0,0.0,109.0,9.0,0.0,0.0
11692,23.0,1.0,0.0,0.0,1.0,171.0,9.0,0.0,0.2962962962962963
11693,15.0,1.0,0.0,0.0,0.0,99.0,16.0,0.0,0.1111111111111111
11694,20.0,1.0,0.0,0.0,0.0,152.0,14.0,1.0,0.07407407407407407
11695,15.0,1.0,0.0,0.0,0.0,244.0,12.0,2.0,0.12962962962962962
11696,16.0,1.0,0.0,0.0,0.0,120.0,9.0,3.0,0.1111111111111111
11697,2.0,1.0,0.0,0.0,1.0,97.0,20.0,3.0,0.0
11698,1.0,1.0,0.0,0.0,0.0,207.0,20.0,3.0,0.0
11699,7.0,1.0,0.0,0.0,1.0,171.0,20.0,3.0,0.0
11700,10.0,1.0,0.0,0.0,0.0,109.0,8.0,4.0,0.018518518518518517
11701,23.0,1.0,0.0,0.0,0.0,144.0,15.0,4.0,0.16666666666666666
11702,43.0,1.0,0.0,0.0,1.0,181.0,12.0,6.0,0.4074074074074074
11703,4.0,1.0,0.0,0.0,0.0,287.0,12.0,1.0,0.018518518518518517
11704,2.0,1.0,0.0,0.0,1.0,104.0,19.0,1.0,0.0
11705,2.0,1.0,0.0,0.0,1.0,171.0,10.0,4.0,0.0
11706,49.0,1.0,0.0,0.0,0.0,192.0,10.0,4.0,0.2962962962962963
11707,3.0,1.0,0.0,0.0,0.0,115.0,18.0,4.0,0.018518518518518517
11708,31.0,1.0,0.0,0.0,1.0,104.0,22.0,4.0,0.09259259259259259
11709,1.0,1.0,0.0,0.0,0.0,192.0,15.0,4.0,0.0
11710,68.0,1.0,0.0,1.0,0.0,147.0,15.0,4.0,0.25925925925925924
11711,46.0,1.0,0.0,0.0,0.0,148.0,19.0,5.0,0.3148148148148148
11712,10.0,1.0,0.0,0.0,1.0,133.0,20.0,0.0,0.05555555555555555
11713,34.0,1.0,0.0,0.0,0.0,90.0,18.0,3.0,0.2222222222222222
11714,11.0,1.0,0.0,0.0,0.0,337.0,14.0,1.0,0.05555555555555555
11715,1.0,1.0,0.0,0.0,1.0,222.0,20.0,1.0,0.0
11716,1.0,1.0,0.0,0.0,1.0,213.0,20.0,1.0,0.0
11717,1.0,1.0,0.0,0.0,1.0,222.0,20.0,1.0,0.0
11718,16.0,1.0,0.0,0.0,1.0,213.0,20.0,1.0,0.07407407407407407
11719,8.0,1.0,0.0,0.0,0.0,101.0,13.0,4.0,0.07407407407407407
11720,2.0,1.0,0.0,0.0,0.0,173.0,15.0,4.0,0.018518518518518517
11721,4.0,1.0,0.0,0.0,0.0,104.0,17.0,4.0,0.05555555555555555
11722,13.0,1.0,0.0,0.0,0.0,294.0,19.0,4.0,0.07407407407407407
11723,56.0,1.0,0.0,0.0,1.0,191.0,9.0,6.0,0.2777777777777778
11724,34.0,1.0,0.0,0.0,1.0,200.0,14.0,6.0,0.2962962962962963
11725,36.0,1.0,0.0,1.0,0.0,170.0,19.0,1.0,0.3148148148148148
11726,4.0,1.0,0.0,0.0,1.0,276.0,20.0,2.0,0.018518518518518517
11727,4.0,1.0,0.0,0.0,0.0,267.0,21.0,2.0,0.0
11728,42.0,1.0,0.0,0.0,1.0,276.0,8.0,3.0,0.24074074074074073
11729,17.0,1.0,0.0,0.0,0.0,150.0,11.0,4.0,0.12962962962962962
11730,1.0,1.0,0.0,0.0,0.0,196.0,20.0,4.0,0.0
11731,21.0,1.0,0.0,0.0,0.0,188.0,20.0,4.0,0.07407407407407407
11732,13.0,1.0,0.0,0.0,0.0,141.0,10.0,5.0,0.1111111111111111
11733,26.0,1.0,0.0,0.0,1.0,143.0,11.0,5.0,0.2777777777777778
11734,5.0,1.0,0.0,1.0,0.0,333.0,19.0,5.0,0.05555555555555555
11735,11.0,1.0,0.0,0.0,1.0,90.0,22.0,5.0,0.09259259259259259
11736,1.0,1.0,0.0,0.0,0.0,108.0,17.0,6.0,0.0
11737,5.0,1.0,0.0,0.0,1.0,837.0,19.0,6.0,0.05555555555555555
11738,4.0,1.0,0.0,0.0,0.0,1385.0,6.0,0.0,0.037037037037037035
11739,3.0,1.0,0.0,0.0,0.0,358.0,7.0,0.0,0.037037037037037035
11740,1.0,1.0,0.0,0.0,1.0,215.0,9.0,0.0,0.0
11741,20.0,1.0,0.0,0.0,0.0,129.0,11.0,0.0,0.24074074074074073
11742,1.0,1.0,0.0,0.0,0.0,129.0,12.0,0.0,0.0
11743,20.0,1.0,0.0,0.0,0.0,109.0,12.0,0.0,0.18518518518518517
11744,8.0,1.0,0.0,0.0,0.0,129.0,17.0,0.0,0.07407407407407407
11745,4.0,1.0,0.0,0.0,0.0,185.0,15.0,1.0,0.05555555555555555
11746,4.0,1.0,0.0,0.0,1.0,100.0,9.0,2.0,0.018518518518518517
11747,22.0,1.0,0.0,0.0,0.0,490.0,11.0,2.0,0.2222222222222222
11748,9.0,1.0,0.0,0.0,0.0,343.0,15.0,2.0,0.05555555555555555
11749,9.0,1.0,0.0,0.0,0.0,170.0,23.0,2.0,0.07407407407407407
11750,2.0,1.0,0.0,0.0,0.0,174.0,16.0,3.0,0.0
11751,43.0,1.0,0.0,0.0,0.0,124.0,16.0,3.0,0.18518518518518517
11752,17.0,1.0,0.0,0.0,0.0,110.0,12.0,4.0,0.09259259259259259
11753,89.0,1.0,0.0,0.0,1.0,92.0,15.0,4.0,0.4074074074074074
11754,1.0,1.0,0.0,0.0,1.0,214.0,8.0,0.0,0.0
11755,1.0,1.0,0.0,0.0,1.0,214.0,8.0,0.0,0.0
11756,1.0,1.0,0.0,0.0,0.0,186.0,10.0,0.0,0.0
11757,71.0,1.0,0.0,0.0,1.0,740.0,11.0,0.0,0.3888888888888889
11758,1.0,1.0,0.0,0.0,0.0,327.0,19.0,1.0,0.0
11759,57.0,1.0,0.0,0.0,0.0,107.0,20.0,1.0,0.35185185185185186
11760,25.0,1.0,0.0,0.0,1.0,140.0,5.0,3.0,0.25925925925925924
11761,1.0,1.0,0.0,0.0,0.0,961.0,22.0,3.0,0.0
11762,6.0,1.0,0.0,0.0,0.0,961.0,22.0,3.0,0.05555555555555555
11763,20.0,1.0,0.0,1.0,0.0,203.0,7.0,2.0,0.24074074074074073
11764,4.0,1.0,0.0,0.0,1.0,158.0,15.0,2.0,0.018518518518518517
11765,41.0,1.0,0.0,0.0,0.0,135.0,15.0,2.0,0.25925925925925924
11766,8.0,1.0,0.0,0.0,1.0,249.0,21.0,2.0,0.07407407407407407
11767,12.0,1.0,0.0,0.0,0.0,99.0,8.0,5.0,0.1111111111111111
11768,24.0,1.0,0.0,0.0,1.0,253.0,19.0,5.0,0.018518518518518517
11769,3.0,1.0,0.0,0.0,1.0,106.0,18.0,5.0,0.037037037037037035
11770,2.0,1.0,0.0,0.0,0.0,99.0,19.0,5.0,0.0
11771,3.0,1.0,0.0,0.0,0.0,116.0,19.0,5.0,0.0
11772,3.0,1.0,0.0,0.0,1.0,130.0,22.0,5.0,0.018518518518518517
11773,12.0,1.0,0.0,0.0,1.0,127.0,8.0,1.0,0.09259259259259259
11774,8.0,1.0,0.0,0.0,1.0,244.0,9.0,3.0,0.037037037037037035
11775,36.0,1.0,0.0,0.0,1.0,442.0,11.0,3.0,0.16666666666666666
11776,5.0,1.0,0.0,0.0,0.0,174.0,5.0,6.0,0.037037037037037035
11777,33.0,1.0,0.0,0.0,1.0,94.0,11.0,6.0,0.35185185185185186
11778,3.0,1.0,0.0,0.0,0.0,153.0,15.0,1.0,0.037037037037037035
11779,14.0,1.0,0.0,0.0,0.0,1152.0,22.0,1.0,0.018518518518518517
11780,2.0,1.0,0.0,0.0,0.0,128.0,7.0,4.0,0.0
11781,52.0,1.0,0.0,0.0,0.0,96.0,11.0,4.0,0.3148148148148148
11782,1.0,1.0,0.0,0.0,0.0,158.0,22.0,0.0,0.0
11783,1.0,1.0,0.0,0.0,0.0,353.0,22.0,0.0,0.0
11784,1.0,1.0,0.0,0.0,0.0,340.0,22.0,0.0,0.0
11785,11.0,1.0,0.0,0.0,0.0,340.0,22.0,0.0,0.09259259259259259
11786,2.0,1.0,0.0,0.0,0.0,331.0,21.0,2.0,0.018518518518518517
11787,5.0,1.0,0.0,0.0,0.0,212.0,10.0,5.0,0.018518518518518517
11788,1.0,1.0,0.0,0.0,0.0,99.0,13.0,5.0,0.0
11789,12.0,1.0,0.0,0.0,0.0,93.0,13.0,5.0,0.12962962962962962
11790,15.0,1.0,0.0,0.0,0.0,315.0,20.0,5.0,0.07407407407407407
11791,21.0,1.0,0.0,0.0,1.0,104.0,7.0,2.0,0.2037037037037037
11792,20.0,1.0,0.0,0.0,0.0,299.0,22.0,3.0,0.16666666666666666
11793,25.0,1.0,0.0,1.0,0.0,172.0,13.0,4.0,0.18518518518518517
11794,3.0,1.0,0.0,0.0,0.0,93.0,20.0,4.0,0.018518518518518517
11795,2.0,1.0,0.0,0.0,0.0,109.0,21.0,4.0,0.0
11796,1.0,1.0,0.0,0.0,0.0,98.0,8.0,5.0,0.0
11797,23.0,1.0,0.0,0.0,0.0,197.0,8.0,5.0,0.24074074074074073
11798,3.0,1.0,0.0,0.0,0.0,193.0,18.0,6.0,0.018518518518518517
11799,2.0,1.0,0.0,0.0,0.0,264.0,18.0,6.0,0.018518518518518517
11800,1.0,1.0,0.0,0.0,0.0,430.0,22.0,6.0,0.0
11801,2.0,1.0,0.0,0.0,0.0,117.0,9.0,0.0,0.018518518518518517
11802,18.0,1.0,0.0,0.0,0.0,140.0,11.0,0.0,0.16666666666666666
11803,1.0,1.0,0.0,0.0,0.0,98.0,15.0,1.0,0.0
11804,2.0,1.0,0.0,0.0,0.0,221.0,21.0,1.0,0.018518518518518517
11805,1.0,1.0,0.0,0.0,0.0,147.0,22.0,1.0,0.0
11806,6.0,1.0,0.0,0.0,0.0,120.0,22.0,1.0,0.0
11807,1.0,1.0,0.0,0.0,1.0,153.0,22.0,1.0,0.0
11808,7.0,1.0,0.0,0.0,0.0,357.0,22.0,1.0,0.09259259259259259
11809,32.0,1.0,0.0,0.0,1.0,118.0,9.0,2.0,0.14814814814814814
11810,1.0,1.0,0.0,0.0,0.0,131.0,17.0,3.0,0.0
11811,2.0,1.0,0.0,0.0,0.0,131.0,17.0,3.0,0.0
11812,3.0,1.0,0.0,0.0,1.0,140.0,17.0,3.0,0.018518518518518517
11813,13.0,1.0,0.0,0.0,0.0,186.0,19.0,3.0,0.14814814814814814
11814,3.0,1.0,0.0,0.0,0.0,240.0,8.0,5.0,0.0
11815,47.0,1.0,0.0,0.0,0.0,175.0,9.0,5.0,0.4074074074074074
11816,7.0,1.0,0.0,0.0,0.0,115.0,15.0,6.0,0.07407407407407407
11817,7.0,2.0,1.0,0.0,0.0,0.0,15.0,1.0,0.16666666666666666
11818,2.0,2.0,0.0,0.0,0.0,102.0,21.0,3.0,0.03333333333333333
11819,3.0,2.0,0.0,0.0,0.0,124.0,7.0,4.0,0.06666666666666667
11820,1.0,2.0,0.0,0.0,0.0,346.0,14.0,4.0,0.0
11821,2.0,2.0,0.0,0.0,0.0,132.0,12.0,5.0,0.0
11822,5.0,2.0,0.0,0.0,0.0,337.0,13.0,0.0,0.06666666666666667
11823,16.0,2.0,0.0,0.0,0.0,301.0,14.0,4.0,0.1
11824,11.0,2.0,0.0,0.0,1.0,199.0,22.0,0.0,0.26666666666666666
11825,3.0,2.0,0.0,0.0,0.0,117.0,19.0,2.0,0.03333333333333333
11826,1.0,2.0,0.0,0.0,0.0,271.0,15.0,5.0,0.0
11827,2.0,2.0,0.0,0.0,0.0,263.0,15.0,5.0,0.03333333333333333
11828,2.0,2.0,0.0,1.0,0.0,94.0,21.0,5.0,0.0
11829,13.0,2.0,0.0,1.0,0.0,94.0,21.0,5.0,0.16666666666666666
11830,1.0,2.0,0.0,0.0,0.0,408.0,19.0,1.0,0.0
11831,3.0,2.0,0.0,0.0,0.0,658.0,19.0,1.0,0.03333333333333333
11832,1.0,2.0,0.0,0.0,0.0,288.0,20.0,4.0,0.0
11833,9.0,2.0,0.0,0.0,0.0,288.0,20.0,4.0,0.13333333333333333
11834,1.0,2.0,0.0,0.0,0.0,355.0,19.0,4.0,0.0
11835,3.0,2.0,0.0,0.0,0.0,218.0,20.0,4.0,0.03333333333333333
11836,4.0,2.0,0.0,0.0,0.0,210.0,22.0,4.0,0.06666666666666667
11837,3.0,2.0,0.0,0.0,0.0,527.0,19.0,5.0,0.06666666666666667
11838,3.0,2.0,0.0,0.0,0.0,3179.0,20.0,6.0,0.03333333333333333
11839,1.0,2.0,0.0,0.0,0.0,822.0,8.0,0.0,0.0
11840,55.0,2.0,0.0,0.0,0.0,1758.0,8.0,0.0,0.5
11841,40.0,2.0,0.0,0.0,0.0,527.0,22.0,0.0,0.4666666666666667
11842,9.0,2.0,0.0,0.0,0.0,230.0,15.0,4.0,0.13333333333333333
11843,1.0,2.0,0.0,0.0,1.0,114.0,11.0,6.0,0.0
11844,7.0,2.0,0.0,0.0,0.0,469.0,15.0,6.0,0.13333333333333333
11845,2.0,2.0,0.0,0.0,0.0,794.0,18.0,2.0,0.03333333333333333
11846,5.0,2.0,0.0,0.0,0.0,759.0,19.0,3.0,0.1
11847,1.0,2.0,0.0,0.0,0.0,342.0,15.0,5.0,0.0
11848,3.0,2.0,0.0,0.0,0.0,341.0,19.0,5.0,0.06666666666666667
11849,5.0,2.0,0.0,0.0,0.0,367.0,11.0,6.0,0.06666666666666667
11850,8.0,3.0,0.0,0.0,1.0,17.0,4.0,3.0,0.1111111111111111
11851,35.0,3.0,0.0,0.0,0.0,99.0,19.0,5.0,0.3333333333333333
11852,8.0,3.0,0.0,0.0,1.0,91.0,10.0,5.0,0.1111111111111111
11853,5.0,3.0,0.0,0.0,0.0,257.0,20.0,2.0,0.2222222222222222
11854,4.0,3.0,0.0,0.0,0.0,98.0,13.0,5.0,0.1111111111111111
11855,8.0,3.0,0.0,0.0,0.0,165.0,13.0,5.0,0.1111111111111111
11856,19.0,3.0,0.0,0.0,1.0,90.0,13.0,5.0,0.2222222222222222
11857,33.0,3.0,0.0,0.0,1.0,108.0,15.0,5.0,0.4444444444444444
11858,66.0,3.0,0.0,0.0,0.0,119.0,21.0,2.0,0.5555555555555556
11859,50.0,3.0,0.0,0.0,0.0,92.0,11.0,4.0,0.4444444444444444
11860,21.0,3.0,0.0,0.0,0.0,162.0,23.0,3.0,0.2222222222222222
11861,9.0,3.0,0.0,0.0,0.0,194.0,14.0,6.0,0.0
11862,27.0,3.0,0.0,0.0,0.0,134.0,16.0,5.0,0.3333333333333333
11863,7.0,2.0,0.0,0.0,0.0,4.0,15.0,4.0,0.0
11864,4.0,2.0,0.0,0.0,0.0,106.0,15.0,4.0,0.024096385542168676
11865,12.0,2.0,0.0,0.0,0.0,175.0,15.0,4.0,0.04819277108433735
11866,12.0,2.0,0.0,0.0,1.0,278.0,18.0,4.0,0.07228915662650602
11867,1.0,2.0,0.0,0.0,0.0,132.0,21.0,4.0,0.0
11868,18.0,2.0,0.0,0.0,0.0,138.0,21.0,4.0,0.08433734939759036
11869,16.0,2.0,0.0,0.0,0.0,149.0,11.0,5.0,0.08433734939759036
11870,65.0,2.0,0.0,0.0,0.0,128.0,22.0,5.0,0.18072289156626506
11871,8.0,2.0,0.0,0.0,0.0,250.0,14.0,0.0,0.04819277108433735
11872,14.0,2.0,0.0,0.0,0.0,211.0,14.0,0.0,0.024096385542168676
11873,5.0,2.0,0.0,0.0,0.0,101.0,16.0,0.0,0.024096385542168676
11874,1.0,2.0,0.0,0.0,0.0,117.0,16.0,0.0,0.0
11875,2.0,2.0,0.0,0.0,0.0,111.0,16.0,0.0,0.0
11876,53.0,2.0,0.0,0.0,0.0,114.0,18.0,0.0,0.1927710843373494
11877,17.0,2.0,0.0,0.0,0.0,97.0,11.0,2.0,0.08433734939759036
11878,8.0,2.0,0.0,0.0,0.0,116.0,15.0,2.0,0.04819277108433735
11879,2.0,2.0,0.0,0.0,1.0,135.0,15.0,2.0,0.012048192771084338
11880,61.0,2.0,0.0,0.0,0.0,131.0,15.0,2.0,0.26506024096385544
11881,2.0,2.0,0.0,0.0,0.0,102.0,8.0,4.0,0.012048192771084338
11882,32.0,2.0,0.0,0.0,0.0,103.0,9.0,4.0,0.14457831325301204
11883,8.0,2.0,0.0,0.0,1.0,120.0,19.0,4.0,0.04819277108433735
11884,32.0,2.0,0.0,0.0,0.0,189.0,20.0,4.0,0.08433734939759036
11885,5.0,2.0,0.0,0.0,1.0,115.0,20.0,5.0,0.024096385542168676
11886,11.0,2.0,0.0,0.0,0.0,89.0,20.0,5.0,0.03614457831325301
11887,1.0,2.0,0.0,0.0,1.0,171.0,21.0,6.0,0.0
11888,12.0,2.0,0.0,0.0,0.0,127.0,22.0,6.0,0.024096385542168676
11889,2.0,2.0,0.0,0.0,1.0,149.0,14.0,0.0,0.012048192771084338
11890,20.0,2.0,0.0,0.0,0.0,89.0,14.0,0.0,0.07228915662650602
11891,2.0,2.0,0.0,0.0,1.0,119.0,19.0,0.0,0.012048192771084338
11892,6.0,2.0,0.0,0.0,1.0,161.0,19.0,0.0,0.03614457831325301
11893,23.0,2.0,0.0,0.0,0.0,107.0,19.0,0.0,0.060240963855421686
11894,21.0,2.0,0.0,0.0,0.0,89.0,20.0,0.0,0.07228915662650602
11895,5.0,2.0,0.0,1.0,0.0,152.0,20.0,0.0,0.024096385542168676
11896,13.0,2.0,0.0,0.0,1.0,137.0,20.0,0.0,0.060240963855421686
11897,4.0,2.0,0.0,0.0,0.0,147.0,21.0,0.0,0.024096385542168676
11898,1.0,2.0,0.0,0.0,0.0,121.0,22.0,0.0,0.0
11899,1.0,2.0,0.0,0.0,0.0,105.0,9.0,1.0,0.0
11900,1.0,2.0,0.0,0.0,1.0,143.0,10.0,1.0,0.0
11901,71.0,2.0,0.0,0.0,0.0,108.0,10.0,1.0,0.21686746987951808
11902,11.0,2.0,0.0,0.0,0.0,191.0,20.0,3.0,0.03614457831325301
11903,16.0,2.0,0.0,0.0,0.0,143.0,11.0,4.0,0.12048192771084337
11904,55.0,2.0,0.0,0.0,0.0,109.0,6.0,0.0,0.14457831325301204
11905,27.0,2.0,0.0,0.0,0.0,135.0,20.0,1.0,0.0963855421686747
11906,47.0,2.0,0.0,0.0,1.0,91.0,13.0,3.0,0.07228915662650602
11907,1.0,2.0,0.0,0.0,0.0,168.0,18.0,4.0,0.0
11908,6.0,2.0,0.0,0.0,0.0,96.0,18.0,4.0,0.03614457831325301
11909,1.0,2.0,0.0,0.0,0.0,168.0,20.0,4.0,0.0
11910,1.0,2.0,0.0,0.0,1.0,120.0,20.0,4.0,0.0
11911,5.0,2.0,0.0,0.0,1.0,141.0,20.0,4.0,0.024096385542168676
11912,60.0,2.0,0.0,0.0,0.0,168.0,20.0,4.0,0.1927710843373494
11913,1.0,2.0,0.0,0.0,0.0,97.0,12.0,0.0,0.0
11914,7.0,2.0,0.0,0.0,0.0,97.0,12.0,0.0,0.0
11915,2.0,2.0,0.0,0.0,0.0,97.0,12.0,0.0,0.012048192771084338
11916,9.0,2.0,0.0,0.0,0.0,109.0,13.0,0.0,0.024096385542168676
11917,4.0,2.0,0.0,0.0,0.0,207.0,14.0,0.0,0.024096385542168676
11918,50.0,2.0,0.0,0.0,0.0,105.0,15.0,0.0,0.10843373493975904
11919,18.0,2.0,0.0,0.0,0.0,99.0,10.0,3.0,0.04819277108433735
11920,5.0,2.0,0.0,0.0,0.0,144.0,14.0,3.0,0.012048192771084338
11921,1.0,2.0,0.0,0.0,1.0,92.0,14.0,3.0,0.0
11922,1.0,2.0,0.0,0.0,0.0,90.0,14.0,3.0,0.0
11923,6.0,2.0,0.0,0.0,0.0,126.0,14.0,3.0,0.012048192771084338
11924,18.0,2.0,0.0,0.0,0.0,170.0,14.0,3.0,0.04819277108433735
11925,4.0,2.0,0.0,0.0,0.0,367.0,12.0,6.0,0.0
11926,7.0,2.0,0.0,0.0,0.0,161.0,12.0,6.0,0.060240963855421686
11927,5.0,2.0,0.0,0.0,0.0,100.0,13.0,0.0,0.012048192771084338
11928,5.0,2.0,0.0,1.0,0.0,102.0,21.0,0.0,0.012048192771084338
11929,4.0,2.0,0.0,0.0,0.0,238.0,9.0,1.0,0.012048192771084338
11930,34.0,2.0,0.0,0.0,0.0,121.0,10.0,1.0,0.1566265060240964
11931,16.0,2.0,0.0,0.0,0.0,165.0,12.0,2.0,0.060240963855421686
11932,2.0,2.0,0.0,0.0,0.0,327.0,14.0,2.0,0.012048192771084338
11933,7.0,2.0,0.0,0.0,1.0,97.0,14.0,2.0,0.04819277108433735
11934,28.0,2.0,0.0,0.0,0.0,99.0,15.0,2.0,0.1927710843373494
11935,29.0,2.0,0.0,0.0,1.0,104.0,9.0,3.0,0.13253012048192772
11936,1.0,2.0,0.0,1.0,0.0,250.0,17.0,3.0,0.0
11937,66.0,2.0,0.0,1.0,0.0,250.0,17.0,3.0,0.1927710843373494
11938,57.0,2.0,0.0,0.0,0.0,163.0,13.0,1.0,0.14457831325301204
11939,1.0,2.0,0.0,0.0,1.0,189.0,17.0,6.0,0.0
11940,29.0,2.0,0.0,1.0,0.0,92.0,10.0,0.0,0.12048192771084337
11941,3.0,2.0,0.0,1.0,0.0,144.0,14.0,1.0,0.024096385542168676
11942,8.0,2.0,0.0,0.0,0.0,105.0,19.0,1.0,0.07228915662650602
11943,10.0,2.0,0.0,0.0,0.0,337.0,18.0,2.0,0.0963855421686747
11944,13.0,2.0,0.0,0.0,0.0,197.0,14.0,3.0,0.08433734939759036
11945,1.0,2.0,0.0,0.0,0.0,122.0,21.0,6.0,0.0
11946,17.0,2.0,0.0,0.0,0.0,122.0,21.0,6.0,0.04819277108433735
11947,2.0,2.0,0.0,0.0,0.0,1143.0,11.0,3.0,0.0
11948,16.0,2.0,0.0,0.0,1.0,98.0,11.0,3.0,0.060240963855421686
11949,12.0,2.0,0.0,0.0,1.0,331.0,12.0,3.0,0.060240963855421686
11950,17.0,2.0,0.0,0.0,1.0,298.0,8.0,4.0,0.04819277108433735
11951,8.0,2.0,0.0,0.0,0.0,224.0,11.0,0.0,0.03614457831325301
11952,4.0,2.0,0.0,0.0,0.0,121.0,19.0,0.0,0.024096385542168676
11953,14.0,2.0,0.0,0.0,1.0,88.0,19.0,0.0,0.0963855421686747
11954,1.0,2.0,0.0,0.0,1.0,159.0,19.0,3.0,0.0
11955,10.0,2.0,0.0,0.0,1.0,201.0,19.0,3.0,0.060240963855421686
11956,29.0,2.0,0.0,0.0,0.0,107.0,10.0,5.0,0.14457831325301204
11957,7.0,2.0,0.0,0.0,0.0,110.0,12.0,1.0,0.03614457831325301
11958,47.0,2.0,0.0,0.0,0.0,183.0,13.0,1.0,0.26506024096385544
11959,5.0,2.0,0.0,0.0,1.0,319.0,15.0,1.0,0.03614457831325301
11960,2.0,2.0,0.0,0.0,0.0,346.0,19.0,1.0,0.012048192771084338
11961,1.0,2.0,0.0,0.0,1.0,111.0,19.0,1.0,0.0
11962,4.0,2.0,0.0,0.0,0.0,142.0,19.0,1.0,0.03614457831325301
11963,37.0,2.0,0.0,0.0,1.0,357.0,20.0,1.0,0.1566265060240964
11964,9.0,2.0,0.0,0.0,1.0,100.0,12.0,2.0,0.060240963855421686
11965,33.0,2.0,0.0,0.0,0.0,264.0,9.0,4.0,0.13253012048192772
11966,2.0,2.0,0.0,0.0,0.0,95.0,9.0,5.0,0.012048192771084338
11967,3.0,2.0,0.0,0.0,0.0,105.0,11.0,0.0,0.024096385542168676
11968,2.0,2.0,0.0,0.0,0.0,226.0,17.0,0.0,0.012048192771084338
11969,35.0,2.0,0.0,0.0,0.0,149.0,17.0,0.0,0.0963855421686747
11970,1.0,2.0,0.0,0.0,0.0,106.0,17.0,3.0,0.0
11971,3.0,2.0,0.0,0.0,0.0,329.0,19.0,3.0,0.0
11972,3.0,2.0,0.0,0.0,0.0,112.0,19.0,3.0,0.012048192771084338
11973,7.0,2.0,0.0,0.0,0.0,158.0,19.0,3.0,0.012048192771084338
11974,17.0,2.0,0.0,0.0,0.0,112.0,20.0,3.0,0.060240963855421686
11975,39.0,2.0,0.0,0.0,1.0,130.0,21.0,3.0,0.1566265060240964
11976,5.0,2.0,0.0,0.0,0.0,382.0,11.0,0.0,0.012048192771084338
11977,14.0,2.0,0.0,0.0,0.0,302.0,12.0,0.0,0.10843373493975904
11978,6.0,2.0,0.0,0.0,0.0,111.0,20.0,1.0,0.03614457831325301
11979,5.0,2.0,0.0,0.0,0.0,111.0,12.0,2.0,0.03614457831325301
11980,1.0,2.0,0.0,0.0,0.0,555.0,10.0,5.0,0.0
11981,2.0,2.0,0.0,0.0,1.0,243.0,10.0,5.0,0.012048192771084338
11982,60.0,2.0,0.0,0.0,0.0,127.0,11.0,5.0,0.25301204819277107
11983,48.0,2.0,0.0,0.0,0.0,122.0,20.0,1.0,0.1686746987951807
11984,42.0,2.0,0.0,0.0,1.0,151.0,19.0,4.0,0.21686746987951808
11985,2.0,2.0,0.0,0.0,0.0,160.0,13.0,2.0,0.012048192771084338
11986,12.0,2.0,0.0,0.0,1.0,92.0,15.0,2.0,0.0963855421686747
11987,1.0,2.0,0.0,0.0,1.0,135.0,21.0,2.0,0.0
11988,2.0,2.0,0.0,0.0,0.0,161.0,21.0,2.0,0.012048192771084338
11989,1.0,2.0,0.0,0.0,1.0,338.0,21.0,2.0,0.0
11990,1.0,2.0,0.0,0.0,0.0,454.0,22.0,2.0,0.0
11991,2.0,2.0,0.0,0.0,0.0,166.0,22.0,2.0,0.0
11992,18.0,2.0,0.0,0.0,0.0,253.0,22.0,2.0,0.08433734939759036
11993,13.0,2.0,0.0,0.0,0.0,218.0,19.0,0.0,0.0963855421686747
11994,10.0,2.0,0.0,0.0,0.0,137.0,18.0,2.0,0.060240963855421686
11995,26.0,2.0,0.0,0.0,0.0,139.0,21.0,2.0,0.10843373493975904
11996,5.0,2.0,0.0,0.0,0.0,337.0,13.0,0.0,0.012048192771084338
11997,6.0,2.0,0.0,0.0,0.0,119.0,16.0,0.0,0.03614457831325301
11998,3.0,2.0,0.0,1.0,0.0,147.0,20.0,1.0,0.012048192771084338
11999,2.0,2.0,0.0,0.0,0.0,147.0,20.0,1.0,0.012048192771084338
12000,5.0,2.0,0.0,0.0,0.0,128.0,22.0,1.0,0.024096385542168676
12001,2.0,2.0,0.0,0.0,0.0,90.0,12.0,2.0,0.012048192771084338
12002,2.0,2.0,0.0,0.0,0.0,90.0,17.0,2.0,0.012048192771084338
12003,23.0,2.0,0.0,0.0,0.0,90.0,17.0,2.0,0.14457831325301204
12004,1.0,2.0,0.0,0.0,1.0,389.0,21.0,6.0,0.0
12005,2.0,2.0,0.0,0.0,0.0,233.0,21.0,6.0,0.012048192771084338
12006,11.0,2.0,0.0,0.0,0.0,97.0,21.0,6.0,0.03614457831325301
12007,1.0,2.0,0.0,0.0,0.0,110.0,10.0,0.0,0.0
12008,5.0,2.0,0.0,0.0,0.0,235.0,10.0,0.0,0.024096385542168676
12009,20.0,2.0,0.0,0.0,0.0,168.0,12.0,0.0,0.10843373493975904
12010,1.0,2.0,0.0,0.0,1.0,239.0,18.0,3.0,0.0
12011,3.0,2.0,0.0,0.0,0.0,146.0,18.0,3.0,0.024096385542168676
12012,13.0,2.0,0.0,1.0,0.0,94.0,21.0,3.0,0.07228915662650602
12013,11.0,2.0,0.0,0.0,0.0,185.0,9.0,4.0,0.0963855421686747
12014,3.0,2.0,0.0,0.0,1.0,241.0,21.0,4.0,0.024096385542168676
12015,3.0,2.0,0.0,0.0,0.0,98.0,8.0,5.0,0.024096385542168676
12016,44.0,2.0,0.0,0.0,1.0,175.0,15.0,5.0,0.20481927710843373
12017,3.0,2.0,0.0,0.0,1.0,77.0,18.0,3.0,0.024096385542168676
12018,6.0,2.0,0.0,0.0,0.0,193.0,16.0,4.0,0.024096385542168676
12019,6.0,2.0,0.0,0.0,1.0,109.0,19.0,0.0,0.03614457831325301
12020,7.0,2.0,0.0,0.0,1.0,208.0,22.0,1.0,0.04819277108433735
12021,12.0,3.0,0.0,0.0,1.0,17.0,4.0,3.0,0.1
12022,76.0,3.0,0.0,0.0,1.0,99.0,17.0,3.0,0.2
12023,11.0,3.0,0.0,0.0,0.0,105.0,15.0,5.0,0.1
12024,6.0,3.0,0.0,0.0,1.0,89.0,20.0,2.0,0.1
12025,28.0,3.0,0.0,0.0,0.0,101.0,20.0,2.0,0.2
12026,26.0,3.0,0.0,0.0,0.0,264.0,18.0,2.0,0.2
12027,26.0,3.0,0.0,0.0,0.0,176.0,21.0,2.0,0.2
12028,1.0,3.0,0.0,0.0,0.0,156.0,21.0,2.0,0.0
12029,2.0,3.0,0.0,0.0,1.0,89.0,21.0,2.0,0.0
12030,6.0,3.0,0.0,0.0,0.0,202.0,21.0,2.0,0.1
12031,85.0,3.0,0.0,0.0,0.0,139.0,21.0,2.0,0.3
12032,32.0,3.0,0.0,0.0,0.0,209.0,11.0,3.0,0.4
12033,30.0,3.0,0.0,0.0,1.0,92.0,15.0,4.0,0.4
12034,4.0,3.0,0.0,0.0,0.0,150.0,22.0,2.0,0.1
12035,46.0,3.0,0.0,0.0,0.0,94.0,22.0,2.0,0.4
12036,1.0,3.0,0.0,0.0,1.0,318.0,23.0,4.0,0.0
12037,12.0,3.0,0.0,0.0,1.0,230.0,23.0,4.0,0.3
12038,20.0,3.0,0.0,0.0,0.0,114.0,20.0,3.0,0.4
12039,59.0,3.0,0.0,0.0,0.0,118.0,14.0,2.0,0.6
12040,2.0,3.0,0.0,0.0,0.0,301.0,19.0,3.0,0.0
12041,4.0,3.0,0.0,0.0,0.0,93.0,19.0,3.0,0.2
12042,6.0,3.0,0.0,0.0,0.0,98.0,19.0,3.0,0.2
12043,25.0,3.0,0.0,0.0,0.0,108.0,20.0,3.0,0.3
12044,21.0,3.0,0.0,0.0,0.0,134.0,16.0,5.0,0.4
12045,45.0,3.0,0.0,0.0,0.0,193.0,0.0,3.0,0.6
12046,44.0,3.0,0.0,0.0,0.0,129.0,18.0,2.0,0.4
12047,1.0,2.0,0.0,0.0,0.0,95.0,17.0,1.0,0.0
12048,43.0,2.0,0.0,0.0,0.0,123.0,17.0,1.0,0.19607843137254902
12049,86.0,2.0,0.0,0.0,0.0,109.0,21.0,2.0,0.3137254901960784
12050,5.0,2.0,0.0,0.0,0.0,199.0,10.0,4.0,0.0784313725490196
12051,6.0,2.0,0.0,0.0,0.0,221.0,12.0,4.0,0.0784313725490196
12052,6.0,2.0,0.0,0.0,1.0,183.0,15.0,4.0,0.0392156862745098
12053,4.0,2.0,0.0,0.0,0.0,99.0,17.0,0.0,0.0196078431372549
12054,1.0,2.0,0.0,0.0,1.0,125.0,17.0,0.0,0.0
12055,11.0,2.0,0.0,0.0,0.0,97.0,17.0,0.0,0.0784313725490196
12056,4.0,2.0,0.0,0.0,0.0,108.0,10.0,5.0,0.058823529411764705
12057,6.0,2.0,0.0,0.0,1.0,143.0,12.0,5.0,0.058823529411764705
12058,2.0,2.0,0.0,0.0,0.0,189.0,12.0,1.0,0.0
12059,2.0,2.0,0.0,0.0,1.0,458.0,12.0,1.0,0.0
12060,2.0,2.0,0.0,0.0,0.0,172.0,12.0,1.0,0.0196078431372549
12061,6.0,2.0,0.0,0.0,0.0,225.0,15.0,3.0,0.058823529411764705
12062,1.0,2.0,0.0,0.0,0.0,125.0,10.0,5.0,0.0
12063,2.0,2.0,0.0,0.0,0.0,133.0,14.0,6.0,0.0
12064,1.0,2.0,0.0,0.0,0.0,168.0,22.0,6.0,0.0
12065,8.0,2.0,0.0,0.0,1.0,130.0,9.0,1.0,0.0784313725490196
12066,1.0,2.0,0.0,1.0,0.0,241.0,11.0,0.0,0.0
12067,23.0,2.0,0.0,0.0,0.0,219.0,22.0,1.0,0.0392156862745098
12068,3.0,2.0,0.0,1.0,0.0,118.0,6.0,3.0,0.0196078431372549
12069,24.0,2.0,0.0,0.0,0.0,133.0,9.0,3.0,0.0392156862745098
12070,3.0,2.0,0.0,0.0,0.0,186.0,10.0,5.0,0.0
12071,12.0,2.0,0.0,0.0,0.0,98.0,7.0,6.0,0.0196078431372549
12072,11.0,2.0,0.0,0.0,0.0,169.0,11.0,6.0,0.0784313725490196
12073,3.0,2.0,0.0,0.0,1.0,147.0,22.0,2.0,0.0196078431372549
12074,7.0,2.0,0.0,0.0,0.0,97.0,22.0,2.0,0.058823529411764705
12075,2.0,2.0,0.0,1.0,0.0,159.0,12.0,5.0,0.0
12076,2.0,2.0,0.0,1.0,0.0,218.0,16.0,5.0,0.0196078431372549
12077,3.0,2.0,0.0,0.0,0.0,152.0,16.0,5.0,0.0196078431372549
12078,2.0,2.0,0.0,1.0,0.0,179.0,21.0,1.0,0.0196078431372549
12079,13.0,2.0,0.0,0.0,0.0,297.0,9.0,4.0,0.0392156862745098
12080,2.0,2.0,0.0,0.0,0.0,198.0,16.0,2.0,0.0
12081,46.0,2.0,0.0,0.0,0.0,428.0,6.0,4.0,0.11764705882352941
12082,16.0,2.0,0.0,0.0,0.0,214.0,20.0,2.0,0.058823529411764705
12083,20.0,2.0,0.0,0.0,0.0,177.0,20.0,5.0,0.09803921568627451
12084,18.0,2.0,0.0,0.0,1.0,106.0,5.0,3.0,0.0784313725490196
12085,68.0,2.0,0.0,0.0,1.0,106.0,6.0,6.0,0.0392156862745098
12086,93.0,2.0,0.0,0.0,0.0,155.0,6.0,5.0,0.0784313725490196
12087,1.0,2.0,0.0,0.0,0.0,286.0,6.0,3.0,0.0
12088,1.0,2.0,0.0,0.0,0.0,122.0,6.0,3.0,0.0
12089,9.0,2.0,0.0,0.0,1.0,162.0,6.0,3.0,0.0196078431372549
12090,45.0,2.0,0.0,0.0,0.0,175.0,5.0,4.0,0.0392156862745098
12091,1.0,2.0,0.0,0.0,0.0,145.0,10.0,4.0,0.0
12092,38.0,2.0,0.0,0.0,0.0,130.0,10.0,4.0,0.0392156862745098
12093,4.0,2.0,0.0,0.0,0.0,122.0,7.0,3.0,0.0392156862745098
12094,34.0,2.0,0.0,1.0,0.0,119.0,21.0,3.0,0.0392156862745098
12095,3.0,2.0,0.0,0.0,0.0,96.0,14.0,4.0,0.0
12096,3.0,2.0,0.0,0.0,0.0,96.0,15.0,4.0,0.0392156862745098
12097,6.0,2.0,0.0,0.0,1.0,112.0,20.0,4.0,0.0196078431372549
12098,26.0,2.0,0.0,0.0,1.0,291.0,5.0,5.0,0.0392156862745098
12099,54.0,2.0,0.0,0.0,0.0,352.0,5.0,0.0,0.0392156862745098
12100,84.0,2.0,0.0,0.0,0.0,527.0,5.0,3.0,0.11764705882352941
12101,11.0,2.0,0.0,0.0,0.0,174.0,6.0,4.0,0.0
12102,7.0,2.0,0.0,0.0,1.0,105.0,21.0,5.0,0.0
12103,33.0,2.0,0.0,0.0,1.0,470.0,6.0,6.0,0.0196078431372549
12104,1.0,2.0,0.0,0.0,0.0,526.0,19.0,0.0,0.0
12105,15.0,2.0,0.0,0.0,0.0,151.0,19.0,0.0,0.0392156862745098
12106,37.0,2.0,0.0,0.0,1.0,339.0,21.0,1.0,0.09803921568627451
12107,30.0,2.0,0.0,0.0,1.0,233.0,5.0,1.0,0.0
12108,7.0,2.0,0.0,0.0,0.0,99.0,18.0,3.0,0.0392156862745098
12109,8.0,2.0,0.0,0.0,0.0,112.0,22.0,3.0,0.0392156862745098
12110,1.0,2.0,0.0,0.0,0.0,137.0,5.0,1.0,0.0
12111,17.0,2.0,0.0,0.0,1.0,322.0,5.0,1.0,0.0
12112,2.0,2.0,0.0,0.0,0.0,105.0,5.0,1.0,0.0
12113,3.0,2.0,0.0,0.0,1.0,186.0,21.0,1.0,0.0
12114,1.0,2.0,0.0,1.0,0.0,152.0,22.0,1.0,0.0
12115,7.0,2.0,0.0,1.0,0.0,152.0,22.0,1.0,0.0196078431372549
12116,6.0,2.0,0.0,0.0,0.0,174.0,20.0,4.0,0.0
12117,1.0,2.0,0.0,0.0,0.0,275.0,12.0,0.0,0.0
12118,4.0,2.0,0.0,0.0,1.0,217.0,12.0,0.0,0.0196078431372549
12119,40.0,2.0,0.0,0.0,1.0,233.0,5.0,2.0,0.0196078431372549
12120,18.0,2.0,0.0,0.0,0.0,112.0,18.0,0.0,0.0196078431372549
12121,23.0,2.0,0.0,0.0,0.0,201.0,5.0,1.0,0.0392156862745098
12122,18.0,2.0,0.0,0.0,0.0,145.0,20.0,1.0,0.0784313725490196
12123,5.0,2.0,0.0,0.0,0.0,93.0,5.0,3.0,0.0
12124,15.0,2.0,0.0,0.0,1.0,97.0,5.0,4.0,0.0196078431372549
12125,53.0,2.0,0.0,0.0,0.0,236.0,6.0,6.0,0.0196078431372549
12126,6.0,2.0,0.0,0.0,1.0,131.0,21.0,1.0,0.0196078431372549
12127,1.0,2.0,0.0,0.0,0.0,157.0,21.0,2.0,0.0
12128,53.0,2.0,0.0,0.0,1.0,103.0,21.0,2.0,0.0392156862745098
12129,2.0,2.0,0.0,0.0,1.0,357.0,6.0,6.0,0.0
12130,21.0,2.0,0.0,0.0,1.0,159.0,6.0,6.0,0.0196078431372549
12131,4.0,2.0,0.0,0.0,0.0,1056.0,22.0,1.0,0.0
12132,1.0,2.0,0.0,0.0,0.0,179.0,6.0,2.0,0.0
12133,22.0,2.0,0.0,0.0,0.0,252.0,7.0,3.0,0.11764705882352941
12134,95.0,2.0,0.0,0.0,0.0,231.0,10.0,3.0,0.0196078431372549
12135,11.0,2.0,0.0,0.0,0.0,161.0,5.0,6.0,0.0
12136,2.0,2.0,0.0,0.0,0.0,218.0,22.0,6.0,0.0
12137,85.0,2.0,0.0,0.0,0.0,182.0,22.0,6.0,0.09803921568627451
12138,25.0,2.0,0.0,0.0,0.0,266.0,21.0,5.0,0.058823529411764705
12139,131.0,2.0,0.0,0.0,1.0,195.0,18.0,6.0,0.09803921568627451
12140,2.0,2.0,0.0,0.0,1.0,104.0,6.0,6.0,0.0
12141,82.0,2.0,0.0,0.0,0.0,159.0,6.0,6.0,0.0392156862745098
12142,13.0,2.0,0.0,0.0,0.0,97.0,20.0,5.0,0.0196078431372549
12143,97.0,2.0,0.0,0.0,0.0,238.0,6.0,6.0,0.17647058823529413
12144,1.0,2.0,0.0,0.0,1.0,127.0,5.0,3.0,0.0
12145,4.0,2.0,0.0,0.0,0.0,101.0,5.0,3.0,0.0
12146,16.0,2.0,0.0,0.0,1.0,220.0,6.0,3.0,0.0784313725490196
12147,8.0,2.0,0.0,0.0,0.0,102.0,22.0,3.0,0.0196078431372549
12148,1.0,2.0,0.0,0.0,1.0,100.0,6.0,6.0,0.0
12149,9.0,2.0,0.0,0.0,1.0,131.0,6.0,6.0,0.0
12150,22.0,2.0,0.0,0.0,0.0,159.0,6.0,1.0,0.0196078431372549
12151,27.0,2.0,0.0,0.0,0.0,133.0,23.0,1.0,0.0392156862745098
12152,10.0,2.0,0.0,0.0,1.0,160.0,16.0,6.0,0.0196078431372549
12153,16.0,2.0,0.0,0.0,0.0,162.0,21.0,6.0,0.058823529411764705
12154,34.0,2.0,0.0,0.0,1.0,108.0,8.0,2.0,0.0392156862745098
12155,39.0,2.0,0.0,0.0,0.0,277.0,23.0,2.0,0.0392156862745098
12156,6.0,2.0,0.0,0.0,1.0,95.0,22.0,5.0,0.0
12157,6.0,2.0,0.0,0.0,0.0,290.0,22.0,5.0,0.0392156862745098
12158,14.0,2.0,0.0,0.0,1.0,278.0,9.0,0.0,0.0
12159,2.0,2.0,0.0,0.0,1.0,243.0,17.0,0.0,0.0196078431372549
12160,31.0,2.0,0.0,0.0,0.0,320.0,22.0,0.0,0.0196078431372549
12161,45.0,2.0,0.0,0.0,0.0,416.0,23.0,3.0,0.0392156862745098
12162,18.0,2.0,0.0,0.0,0.0,283.0,14.0,5.0,0.0784313725490196
12163,74.0,2.0,0.0,0.0,1.0,217.0,17.0,6.0,0.13725490196078433
12164,1.0,2.0,0.0,0.0,0.0,92.0,19.0,2.0,0.0
12165,4.0,2.0,0.0,0.0,0.0,106.0,20.0,2.0,0.0196078431372549
12166,15.0,2.0,0.0,0.0,0.0,92.0,23.0,2.0,0.0392156862745098
12167,35.0,2.0,0.0,0.0,0.0,142.0,13.0,3.0,0.0392156862745098
12168,10.0,2.0,0.0,0.0,0.0,270.0,18.0,4.0,0.0
12169,6.0,2.0,0.0,0.0,0.0,109.0,7.0,6.0,0.0
12170,32.0,2.0,0.0,0.0,0.0,132.0,5.0,0.0,0.0392156862745098
12171,12.0,2.0,0.0,0.0,0.0,298.0,17.0,1.0,0.0196078431372549
12172,1.0,2.0,0.0,0.0,1.0,94.0,23.0,2.0,0.0
12173,1.0,2.0,0.0,0.0,1.0,104.0,23.0,2.0,0.0
12174,7.0,2.0,0.0,0.0,1.0,98.0,23.0,2.0,0.0
12175,2.0,2.0,0.0,0.0,0.0,140.0,6.0,3.0,0.0
12176,39.0,2.0,0.0,0.0,0.0,161.0,6.0,3.0,0.11764705882352941
12177,4.0,2.0,0.0,0.0,0.0,301.0,21.0,6.0,0.0196078431372549
12178,20.0,2.0,0.0,0.0,0.0,96.0,23.0,6.0,0.0196078431372549
12179,1.0,2.0,0.0,0.0,0.0,371.0,22.0,0.0,0.0
12180,30.0,2.0,0.0,0.0,0.0,205.0,6.0,1.0,0.0
12181,8.0,2.0,0.0,0.0,0.0,184.0,18.0,1.0,0.0196078431372549
12182,11.0,2.0,0.0,0.0,0.0,130.0,19.0,1.0,0.0196078431372549
12183,3.0,2.0,0.0,0.0,0.0,129.0,21.0,1.0,0.0
12184,15.0,2.0,0.0,0.0,0.0,537.0,21.0,1.0,0.0
12185,2.0,2.0,0.0,0.0,0.0,304.0,21.0,1.0,0.0
12186,23.0,2.0,0.0,0.0,0.0,129.0,21.0,1.0,0.0392156862745098
12187,2.0,2.0,0.0,1.0,0.0,100.0,8.0,2.0,0.0
12188,41.0,2.0,0.0,1.0,0.0,94.0,8.0,2.0,0.0196078431372549
12189,26.0,2.0,0.0,0.0,0.0,646.0,18.0,2.0,0.058823529411764705
12190,1.0,2.0,0.0,0.0,0.0,260.0,20.0,1.0,0.0
12191,5.0,2.0,0.0,0.0,0.0,92.0,20.0,1.0,0.0196078431372549
12192,5.0,2.0,0.0,0.0,1.0,217.0,5.0,4.0,0.0196078431372549
12193,22.0,2.0,0.0,0.0,0.0,127.0,8.0,4.0,0.0196078431372549
12194,30.0,2.0,0.0,0.0,0.0,271.0,8.0,4.0,0.0196078431372549
12195,2.0,2.0,0.0,0.0,0.0,195.0,20.0,0.0,0.0
12196,1.0,2.0,0.0,0.0,0.0,129.0,20.0,0.0,0.0
12197,42.0,2.0,0.0,0.0,0.0,176.0,20.0,0.0,0.0392156862745098
12198,7.0,2.0,0.0,0.0,0.0,135.0,10.0,5.0,0.0392156862745098
12199,31.0,2.0,0.0,0.0,1.0,90.0,17.0,5.0,0.0392156862745098
12200,4.0,2.0,0.0,0.0,0.0,371.0,6.0,0.0,0.0196078431372549
12201,27.0,2.0,0.0,0.0,1.0,109.0,8.0,0.0,0.0
12202,1.0,2.0,0.0,0.0,0.0,406.0,20.0,0.0,0.0
12203,3.0,2.0,0.0,0.0,1.0,109.0,20.0,0.0,0.0
12204,4.0,2.0,0.0,0.0,0.0,113.0,8.0,3.0,0.0
12205,5.0,2.0,0.0,0.0,0.0,248.0,8.0,3.0,0.0
12206,9.0,2.0,0.0,0.0,0.0,352.0,8.0,3.0,0.0
12207,10.0,2.0,0.0,0.0,1.0,139.0,8.0,3.0,0.0
12208,25.0,2.0,0.0,0.0,0.0,234.0,22.0,3.0,0.0784313725490196
12209,30.0,2.0,0.0,0.0,0.0,108.0,18.0,4.0,0.058823529411764705
12210,8.0,2.0,0.0,0.0,0.0,120.0,18.0,1.0,0.0
12211,10.0,2.0,0.0,0.0,1.0,128.0,18.0,2.0,0.0392156862745098
12212,28.0,2.0,0.0,0.0,0.0,179.0,6.0,4.0,0.0196078431372549
12213,1.0,2.0,0.0,0.0,0.0,128.0,9.0,4.0,0.0
12214,1.0,2.0,0.0,0.0,1.0,160.0,9.0,4.0,0.0
12215,36.0,2.0,0.0,0.0,0.0,175.0,9.0,4.0,0.0196078431372549
12216,4.0,2.0,0.0,0.0,1.0,89.0,6.0,5.0,0.0196078431372549
12217,1.0,2.0,0.0,0.0,1.0,171.0,22.0,5.0,0.0
12218,1.0,2.0,0.0,0.0,1.0,157.0,22.0,5.0,0.0
12219,2.0,2.0,0.0,0.0,1.0,145.0,22.0,5.0,0.0
12220,11.0,2.0,0.0,0.0,1.0,112.0,22.0,5.0,0.0
12221,13.0,2.0,0.0,0.0,0.0,338.0,7.0,6.0,0.0784313725490196
12222,4.0,2.0,0.0,0.0,0.0,141.0,21.0,0.0,0.0392156862745098
12223,13.0,2.0,0.0,0.0,0.0,133.0,8.0,1.0,0.0784313725490196
12224,1.0,2.0,0.0,0.0,0.0,339.0,17.0,2.0,0.0
12225,33.0,2.0,0.0,0.0,1.0,217.0,22.0,2.0,0.0784313725490196
12226,1.0,2.0,0.0,0.0,0.0,179.0,5.0,5.0,0.0
12227,3.0,2.0,0.0,0.0,0.0,243.0,5.0,5.0,0.0196078431372549
12228,7.0,2.0,0.0,0.0,0.0,106.0,6.0,5.0,0.0196078431372549
12229,33.0,2.0,0.0,0.0,0.0,301.0,14.0,5.0,0.0392156862745098
12230,86.0,2.0,0.0,0.0,1.0,204.0,20.0,0.0,0.17647058823529413
12231,12.0,2.0,0.0,0.0,0.0,105.0,8.0,5.0,0.0392156862745098
12232,2.0,2.0,0.0,0.0,0.0,143.0,20.0,1.0,0.0
12233,16.0,2.0,0.0,0.0,1.0,113.0,22.0,1.0,0.0392156862745098
12234,9.0,2.0,0.0,0.0,0.0,120.0,6.0,6.0,0.0
12235,3.0,2.0,0.0,0.0,1.0,127.0,8.0,6.0,0.0
12236,1.0,2.0,0.0,0.0,0.0,132.0,9.0,6.0,0.0
12237,8.0,2.0,0.0,0.0,1.0,113.0,9.0,6.0,0.0
12238,30.0,2.0,0.0,0.0,0.0,96.0,5.0,1.0,0.0196078431372549
12239,8.0,2.0,0.0,0.0,0.0,179.0,5.0,0.0,0.0196078431372549
12240,2.0,2.0,0.0,0.0,1.0,227.0,5.0,5.0,0.0
12241,48.0,2.0,0.0,0.0,1.0,227.0,7.0,5.0,0.0196078431372549
12242,4.0,2.0,0.0,0.0,1.0,157.0,23.0,5.0,0.0
12243,2.0,2.0,0.0,0.0,0.0,129.0,8.0,0.0,0.0
12244,10.0,2.0,0.0,0.0,0.0,151.0,8.0,0.0,0.0
12245,5.0,2.0,0.0,0.0,0.0,151.0,9.0,1.0,0.0
12246,72.0,2.0,0.0,0.0,0.0,123.0,9.0,1.0,0.0392156862745098
12247,26.0,2.0,0.0,0.0,0.0,201.0,6.0,4.0,0.0784313725490196
12248,1.0,2.0,0.0,0.0,1.0,195.0,23.0,5.0,0.0
12249,19.0,2.0,0.0,0.0,1.0,193.0,23.0,5.0,0.0196078431372549
12250,25.0,2.0,0.0,0.0,0.0,160.0,9.0,6.0,0.0196078431372549
12251,2.0,2.0,0.0,0.0,0.0,151.0,5.0,1.0,0.0
12252,1.0,2.0,0.0,1.0,1.0,443.0,17.0,1.0,0.0
12253,33.0,2.0,0.0,1.0,0.0,145.0,17.0,1.0,0.058823529411764705
12254,1.0,2.0,0.0,1.0,0.0,397.0,18.0,2.0,0.0
12255,8.0,2.0,0.0,1.0,0.0,145.0,18.0,2.0,0.058823529411764705
12256,46.0,2.0,0.0,0.0,1.0,182.0,17.0,3.0,0.058823529411764705
12257,10.0,2.0,0.0,0.0,1.0,136.0,7.0,5.0,0.0196078431372549
12258,1.0,2.0,0.0,0.0,0.0,529.0,5.0,6.0,0.0
12259,18.0,2.0,0.0,0.0,1.0,110.0,5.0,6.0,0.0196078431372549
12260,25.0,2.0,0.0,0.0,0.0,166.0,11.0,0.0,0.0392156862745098
12261,8.0,2.0,0.0,0.0,0.0,358.0,15.0,3.0,0.0196078431372549
12262,1.0,2.0,0.0,0.0,0.0,1122.0,4.0,4.0,0.0
12263,5.0,2.0,0.0,0.0,0.0,120.0,4.0,4.0,0.0
12264,7.0,2.0,0.0,0.0,0.0,2968.0,5.0,4.0,0.0392156862745098
12265,1.0,2.0,0.0,0.0,0.0,96.0,18.0,4.0,0.0
12266,14.0,2.0,0.0,0.0,1.0,192.0,18.0,4.0,0.0
12267,60.0,2.0,0.0,0.0,0.0,742.0,23.0,4.0,0.0196078431372549
12268,7.0,2.0,0.0,0.0,1.0,234.0,18.0,3.0,0.0196078431372549
12269,54.0,2.0,0.0,0.0,0.0,146.0,17.0,6.0,0.09803921568627451
12270,7.0,2.0,0.0,0.0,1.0,107.0,7.0,0.0,0.0196078431372549
12271,65.0,2.0,0.0,0.0,0.0,297.0,9.0,2.0,0.0196078431372549
12272,2.0,2.0,0.0,0.0,1.0,154.0,17.0,2.0,0.0
12273,30.0,2.0,0.0,0.0,0.0,164.0,20.0,2.0,0.0392156862745098
12274,6.0,2.0,0.0,0.0,0.0,226.0,20.0,1.0,0.0
12275,15.0,2.0,0.0,0.0,0.0,226.0,20.0,1.0,0.0196078431372549
12276,6.0,2.0,0.0,0.0,0.0,2968.0,6.0,1.0,0.0196078431372549
12277,1.0,2.0,0.0,0.0,0.0,224.0,14.0,1.0,0.0
12278,25.0,2.0,0.0,0.0,0.0,242.0,21.0,1.0,0.0784313725490196
12279,40.0,2.0,0.0,0.0,0.0,105.0,9.0,5.0,0.0196078431372549
12280,64.0,2.0,0.0,0.0,0.0,141.0,6.0,2.0,0.09803921568627451
12281,3.0,2.0,0.0,0.0,0.0,102.0,10.0,6.0,0.0
12282,9.0,2.0,0.0,0.0,0.0,102.0,18.0,6.0,0.0784313725490196
12283,7.0,2.0,0.0,0.0,0.0,166.0,13.0,3.0,0.058823529411764705
12284,7.0,2.0,0.0,0.0,1.0,117.0,22.0,6.0,0.0784313725490196
12285,46.0,2.0,0.0,0.0,1.0,168.0,5.0,5.0,0.0784313725490196
12286,13.0,2.0,0.0,0.0,1.0,168.0,5.0,3.0,0.11764705882352941
12287,5.0,2.0,0.0,0.0,0.0,98.0,10.0,2.0,0.0392156862745098
12288,2.0,2.0,0.0,0.0,0.0,337.0,13.0,0.0,0.0196078431372549
12289,6.0,2.0,0.0,0.0,0.0,113.0,5.0,2.0,0.0
12290,14.0,2.0,0.0,0.0,0.0,175.0,15.0,1.0,0.0392156862745098
12291,7.0,2.0,0.0,1.0,0.0,108.0,5.0,0.0,0.0784313725490196
12292,15.0,2.0,0.0,0.0,0.0,181.0,6.0,2.0,0.13725490196078433
12293,5.0,2.0,0.0,1.0,0.0,94.0,21.0,5.0,0.0392156862745098
12294,18.0,2.0,0.0,0.0,0.0,104.0,19.0,0.0,0.058823529411764705
12295,1.0,2.0,0.0,0.0,0.0,128.0,17.0,6.0,0.0
12296,24.0,2.0,0.0,0.0,0.0,110.0,17.0,6.0,0.0196078431372549
12297,27.0,2.0,0.0,1.0,0.0,112.0,15.0,4.0,0.0784313725490196
12298,7.0,2.0,0.0,0.0,0.0,98.0,22.0,3.0,0.058823529411764705
12299,50.0,2.0,0.0,0.0,0.0,96.0,7.0,0.0,0.17647058823529413
12300,26.0,2.0,0.0,0.0,0.0,412.0,9.0,3.0,0.11764705882352941
12301,13.0,2.0,0.0,0.0,0.0,230.0,19.0,5.0,0.058823529411764705
12302,8.0,2.0,0.0,0.0,0.0,264.0,13.0,6.0,0.0784313725490196
12303,28.0,1.0,0.0,0.0,1.0,18.0,20.0,4.0,0.7333333333333333
12304,4.0,1.0,0.0,0.0,0.0,152.0,7.0,2.0,0.13333333333333333
12305,1.0,1.0,0.0,0.0,0.0,160.0,20.0,2.0,0.0
12306,1.0,1.0,1.0,0.0,0.0,0.0,20.0,2.0,0.0
12307,6.0,1.0,0.0,0.0,0.0,145.0,20.0,2.0,0.125
12308,2.0,1.0,0.0,0.0,0.0,264.0,14.0,5.0,0.0
12309,9.0,1.0,0.0,0.0,0.0,112.0,10.0,0.0,0.125
12310,25.0,1.0,0.0,0.0,0.0,284.0,15.0,2.0,0.625
12311,3.0,1.0,0.0,0.0,0.0,125.0,16.0,2.0,0.0
12312,2.0,1.0,0.0,0.0,0.0,117.0,17.0,3.0,0.0625
12313,1.0,1.0,0.0,0.0,0.0,190.0,21.0,4.0,0.0
12314,12.0,1.0,0.0,1.0,0.0,95.0,12.0,5.0,0.125
12315,14.0,1.0,0.0,1.0,0.0,95.0,15.0,2.0,0.4375
12316,17.0,1.0,0.0,0.0,0.0,322.0,21.0,6.0,0.1875
12317,1.0,1.0,0.0,0.0,0.0,265.0,20.0,2.0,0.0
12318,5.0,1.0,0.0,0.0,0.0,109.0,16.0,3.0,0.1875
12319,2.0,1.0,0.0,0.0,1.0,153.0,20.0,3.0,0.0625
12320,1.0,1.0,0.0,0.0,0.0,89.0,10.0,4.0,0.0
12321,6.0,1.0,0.0,0.0,0.0,336.0,16.0,2.0,0.0625
12322,4.0,1.0,0.0,0.0,0.0,168.0,16.0,0.0,0.0625
12323,51.0,3.0,0.0,0.0,0.0,22.0,16.0,6.0,0.5185185185185185
12324,1.0,3.0,0.0,0.0,0.0,111.0,14.0,6.0,0.0
12325,1.0,3.0,0.0,0.0,0.0,111.0,16.0,6.0,0.0
12326,1.0,3.0,0.0,0.0,0.0,92.0,17.0,6.0,0.0
12327,17.0,3.0,0.0,0.0,0.0,179.0,18.0,0.0,0.25925925925925924
12328,19.0,3.0,0.0,0.0,0.0,141.0,18.0,3.0,0.2222222222222222
12329,13.0,3.0,0.0,0.0,0.0,168.0,2.0,4.0,0.14814814814814814
12330,39.0,3.0,0.0,0.0,0.0,168.0,19.0,4.0,0.18518518518518517
12331,7.0,3.0,0.0,0.0,1.0,111.0,18.0,2.0,0.07407407407407407
12332,26.0,3.0,0.0,0.0,1.0,117.0,12.0,1.0,0.25925925925925924
12333,13.0,3.0,0.0,0.0,1.0,89.0,15.0,5.0,0.2222222222222222
12334,1.0,3.0,0.0,0.0,0.0,112.0,23.0,5.0,0.0
12335,1.0,3.0,0.0,0.0,0.0,108.0,23.0,5.0,0.0
12336,14.0,3.0,0.0,0.0,1.0,145.0,0.0,6.0,0.25925925925925924
12337,13.0,3.0,0.0,0.0,0.0,95.0,13.0,4.0,0.2222222222222222
12338,18.0,3.0,0.0,0.0,1.0,159.0,17.0,0.0,0.25925925925925924
12339,5.0,3.0,0.0,0.0,1.0,95.0,23.0,2.0,0.07407407407407407
12340,51.0,3.0,0.0,0.0,1.0,303.0,18.0,4.0,0.2962962962962963
12341,5.0,3.0,0.0,0.0,0.0,262.0,18.0,6.0,0.037037037037037035
12342,16.0,3.0,0.0,0.0,1.0,123.0,12.0,2.0,0.18518518518518517
12343,12.0,3.0,0.0,0.0,0.0,173.0,16.0,2.0,0.18518518518518517
12344,1.0,3.0,0.0,0.0,0.0,107.0,23.0,5.0,0.0
12345,27.0,3.0,0.0,0.0,0.0,89.0,9.0,1.0,0.2222222222222222
12346,9.0,3.0,0.0,0.0,1.0,114.0,19.0,2.0,0.14814814814814814
12347,11.0,3.0,0.0,0.0,1.0,75.0,16.0,3.0,0.18518518518518517
12348,109.0,3.0,0.0,1.0,1.0,76.0,15.0,5.0,0.6296296296296297
12349,17.0,3.0,0.0,0.0,1.0,260.0,13.0,4.0,0.2962962962962963
12350,33.0,3.0,0.0,1.0,0.0,144.0,16.0,4.0,0.48148148148148145
12351,65.0,3.0,0.0,0.0,1.0,99.0,18.0,3.0,0.5555555555555556
12352,12.0,3.0,0.0,0.0,0.0,219.0,19.0,2.0,0.1111111111111111
12353,22.0,3.0,0.0,0.0,0.0,181.0,15.0,4.0,0.3333333333333333
12354,10.0,3.0,0.0,0.0,0.0,161.0,19.0,2.0,0.25925925925925924
12355,17.0,1.0,1.0,0.0,0.0,0.0,14.0,1.0,0.2857142857142857
12356,24.0,1.0,0.0,0.0,0.0,322.0,21.0,6.0,0.5238095238095238
12357,2.0,1.0,0.0,0.0,1.0,151.0,10.0,6.0,0.0
12358,13.0,1.0,0.0,0.0,0.0,211.0,10.0,6.0,0.38095238095238093
12359,11.0,3.0,0.0,0.0,0.0,24.0,15.0,1.0,0.28
12360,24.0,3.0,0.0,0.0,0.0,111.0,16.0,3.0,0.32
12361,22.0,3.0,0.0,0.0,0.0,104.0,21.0,2.0,0.32
12362,44.0,3.0,0.0,0.0,1.0,102.0,8.0,5.0,0.52
12363,2.0,3.0,0.0,0.0,0.0,141.0,18.0,3.0,0.04
12364,38.0,3.0,0.0,0.0,0.0,114.0,18.0,3.0,0.52
12365,1.0,3.0,0.0,0.0,0.0,164.0,14.0,5.0,0.0
12366,2.0,3.0,0.0,0.0,1.0,111.0,14.0,5.0,0.04
12367,1.0,3.0,0.0,0.0,0.0,145.0,14.0,5.0,0.0
12368,4.0,3.0,0.0,0.0,0.0,91.0,15.0,5.0,0.04
12369,2.0,3.0,0.0,0.0,1.0,117.0,12.0,1.0,0.04
12370,10.0,3.0,0.0,0.0,0.0,126.0,13.0,1.0,0.16
12371,8.0,3.0,0.0,0.0,1.0,93.0,21.0,3.0,0.24
12372,38.0,3.0,0.0,0.0,0.0,101.0,9.0,2.0,0.36
12373,8.0,3.0,0.0,0.0,0.0,96.0,16.0,4.0,0.2
12374,19.0,3.0,0.0,0.0,0.0,112.0,17.0,0.0,0.28
12375,9.0,3.0,0.0,0.0,0.0,140.0,22.0,3.0,0.24
12376,15.0,3.0,0.0,0.0,1.0,107.0,21.0,4.0,0.24
12377,8.0,3.0,0.0,0.0,1.0,161.0,20.0,2.0,0.24
12378,19.0,3.0,0.0,0.0,1.0,148.0,16.0,6.0,0.36
12379,3.0,3.0,0.0,0.0,0.0,173.0,16.0,2.0,0.08
12380,23.0,3.0,0.0,0.0,0.0,98.0,17.0,2.0,0.36
12381,52.0,3.0,0.0,0.0,1.0,114.0,19.0,2.0,0.48
12382,1.0,3.0,0.0,0.0,0.0,90.0,19.0,3.0,0.0
12383,28.0,3.0,0.0,0.0,0.0,94.0,19.0,3.0,0.4
12384,15.0,3.0,0.0,0.0,0.0,94.0,19.0,2.0,0.2
12385,26.0,3.0,0.0,0.0,0.0,93.0,16.0,3.0,0.4
12386,84.0,3.0,0.0,0.0,1.0,89.0,19.0,1.0,0.48
12387,4.0,3.0,0.0,0.0,1.0,260.0,13.0,4.0,0.04
12388,87.0,3.0,0.0,0.0,0.0,204.0,15.0,4.0,0.52
12389,32.0,3.0,0.0,0.0,1.0,152.0,18.0,6.0,0.48
12390,2.0,3.0,0.0,0.0,0.0,91.0,18.0,2.0,0.04
12391,1.0,3.0,0.0,0.0,0.0,118.0,19.0,2.0,0.0
12392,2.0,3.0,0.0,0.0,0.0,132.0,19.0,2.0,0.04
12393,13.0,3.0,0.0,0.0,0.0,254.0,21.0,2.0,0.2
12394,12.0,3.0,0.0,0.0,0.0,181.0,15.0,4.0,0.28
12395,19.0,3.0,0.0,0.0,1.0,318.0,18.0,0.0,0.28
12396,7.0,2.0,0.0,0.0,1.0,21.0,16.0,2.0,0.046511627906976744
12397,13.0,2.0,0.0,0.0,0.0,95.0,20.0,3.0,0.05813953488372093
12398,6.0,2.0,0.0,0.0,1.0,86.0,21.0,3.0,0.023255813953488372
12399,1.0,2.0,0.0,1.0,0.0,98.0,22.0,3.0,0.0
12400,11.0,2.0,0.0,0.0,1.0,137.0,22.0,3.0,0.08139534883720931
12401,8.0,2.0,0.0,0.0,0.0,110.0,8.0,4.0,0.046511627906976744
12402,22.0,2.0,0.0,0.0,1.0,150.0,10.0,4.0,0.10465116279069768
12403,3.0,2.0,0.0,0.0,0.0,304.0,17.0,4.0,0.011627906976744186
12404,6.0,2.0,0.0,0.0,0.0,137.0,20.0,4.0,0.03488372093023256
12405,101.0,2.0,0.0,1.0,0.0,357.0,23.0,4.0,0.22093023255813954
12406,11.0,2.0,0.0,0.0,0.0,343.0,16.0,3.0,0.11627906976744186
12407,11.0,2.0,0.0,0.0,0.0,129.0,19.0,4.0,0.06976744186046512
12408,36.0,2.0,0.0,0.0,0.0,100.0,10.0,6.0,0.16279069767441862
12409,2.0,2.0,0.0,0.0,0.0,143.0,16.0,3.0,0.011627906976744186
12410,41.0,2.0,0.0,0.0,1.0,101.0,21.0,3.0,0.12790697674418605
12411,71.0,2.0,0.0,0.0,1.0,357.0,20.0,2.0,0.20930232558139536
12412,2.0,2.0,0.0,0.0,0.0,631.0,5.0,3.0,0.011627906976744186
12413,57.0,2.0,0.0,0.0,1.0,126.0,10.0,6.0,0.09302325581395349
12414,7.0,2.0,0.0,0.0,0.0,186.0,15.0,5.0,0.03488372093023256
12415,17.0,2.0,0.0,1.0,0.0,141.0,8.0,6.0,0.11627906976744186
12416,34.0,2.0,0.0,0.0,0.0,90.0,11.0,2.0,0.1511627906976744
12417,62.0,2.0,0.0,0.0,0.0,170.0,21.0,4.0,0.16279069767441862
12418,36.0,2.0,0.0,0.0,0.0,157.0,10.0,1.0,0.13953488372093023
12419,1.0,2.0,0.0,0.0,0.0,108.0,17.0,3.0,0.0
12420,1.0,2.0,0.0,0.0,1.0,114.0,17.0,3.0,0.0
12421,41.0,2.0,0.0,0.0,0.0,157.0,18.0,3.0,0.1744186046511628
12422,14.0,2.0,0.0,0.0,0.0,129.0,19.0,6.0,0.11627906976744186
12423,6.0,2.0,0.0,0.0,0.0,112.0,22.0,6.0,0.03488372093023256
12424,5.0,2.0,0.0,0.0,1.0,137.0,23.0,6.0,0.046511627906976744
12425,49.0,2.0,0.0,0.0,0.0,123.0,0.0,0.0,0.22093023255813954
12426,1.0,2.0,0.0,0.0,0.0,159.0,10.0,6.0,0.0
12427,35.0,2.0,0.0,0.0,0.0,134.0,10.0,6.0,0.1511627906976744
12428,1.0,2.0,0.0,0.0,0.0,117.0,20.0,6.0,0.0
12429,42.0,2.0,0.0,0.0,1.0,204.0,20.0,6.0,0.1511627906976744
12430,4.0,2.0,0.0,0.0,0.0,90.0,14.0,0.0,0.023255813953488372
12431,28.0,2.0,0.0,0.0,0.0,193.0,12.0,3.0,0.11627906976744186
12432,21.0,2.0,0.0,0.0,0.0,240.0,9.0,5.0,0.06976744186046512
12433,17.0,2.0,0.0,0.0,0.0,319.0,20.0,5.0,0.10465116279069768
12434,10.0,2.0,0.0,0.0,0.0,165.0,21.0,5.0,0.10465116279069768
12435,2.0,2.0,0.0,0.0,1.0,103.0,10.0,6.0,0.011627906976744186
12436,2.0,2.0,0.0,0.0,1.0,103.0,11.0,6.0,0.011627906976744186
12437,2.0,2.0,0.0,0.0,0.0,1211.0,10.0,0.0,0.011627906976744186
12438,26.0,2.0,0.0,0.0,0.0,106.0,11.0,0.0,0.12790697674418605
12439,11.0,2.0,0.0,0.0,0.0,527.0,14.0,2.0,0.023255813953488372
12440,8.0,2.0,0.0,0.0,0.0,212.0,12.0,3.0,0.023255813953488372
12441,50.0,2.0,0.0,0.0,1.0,137.0,22.0,3.0,0.23255813953488372
12442,8.0,2.0,0.0,0.0,1.0,108.0,10.0,2.0,0.05813953488372093
12443,48.0,2.0,0.0,0.0,0.0,221.0,11.0,3.0,0.05813953488372093
12444,24.0,2.0,0.0,0.0,0.0,96.0,13.0,4.0,0.05813953488372093
12445,31.0,2.0,0.0,0.0,0.0,317.0,15.0,6.0,0.12790697674418605
12446,1.0,2.0,0.0,0.0,0.0,125.0,14.0,2.0,0.0
12447,28.0,2.0,0.0,0.0,1.0,410.0,18.0,2.0,0.08139534883720931
12448,4.0,2.0,0.0,0.0,1.0,111.0,10.0,4.0,0.03488372093023256
12449,3.0,2.0,0.0,0.0,0.0,221.0,23.0,4.0,0.023255813953488372
12450,25.0,2.0,0.0,0.0,1.0,135.0,9.0,2.0,0.09302325581395349
12451,14.0,2.0,0.0,0.0,1.0,185.0,21.0,0.0,0.03488372093023256
12452,40.0,2.0,0.0,0.0,0.0,390.0,22.0,3.0,0.18604651162790697
12453,15.0,2.0,0.0,0.0,0.0,247.0,10.0,6.0,0.09302325581395349
12454,25.0,2.0,0.0,0.0,0.0,99.0,10.0,2.0,0.11627906976744186
12455,14.0,2.0,0.0,0.0,1.0,357.0,9.0,4.0,0.08139534883720931
12456,2.0,2.0,0.0,0.0,0.0,659.0,18.0,4.0,0.011627906976744186
12457,1.0,2.0,0.0,0.0,0.0,164.0,19.0,4.0,0.0
12458,22.0,2.0,0.0,0.0,0.0,93.0,19.0,4.0,0.09302325581395349
12459,2.0,2.0,0.0,0.0,1.0,89.0,22.0,6.0,0.011627906976744186
12460,1.0,2.0,0.0,0.0,0.0,166.0,22.0,6.0,0.0
12461,66.0,2.0,0.0,0.0,1.0,105.0,23.0,6.0,0.19767441860465115
12462,54.0,2.0,0.0,0.0,0.0,474.0,22.0,4.0,0.19767441860465115
12463,5.0,2.0,0.0,0.0,0.0,175.0,17.0,2.0,0.0
12464,66.0,2.0,0.0,0.0,0.0,106.0,18.0,2.0,0.22093023255813954
12465,20.0,2.0,0.0,1.0,0.0,134.0,8.0,5.0,0.10465116279069768
12466,20.0,2.0,0.0,0.0,0.0,163.0,20.0,1.0,0.09302325581395349
12467,18.0,2.0,0.0,0.0,0.0,143.0,21.0,4.0,0.1511627906976744
12468,1.0,2.0,0.0,0.0,1.0,101.0,9.0,6.0,0.0
12469,42.0,2.0,0.0,0.0,0.0,91.0,12.0,6.0,0.18604651162790697
12470,1.0,2.0,0.0,1.0,0.0,152.0,21.0,4.0,0.0
12471,4.0,2.0,0.0,1.0,0.0,150.0,21.0,4.0,0.03488372093023256
12472,31.0,2.0,0.0,1.0,0.0,150.0,22.0,4.0,0.06976744186046512
12473,10.0,2.0,0.0,0.0,0.0,142.0,20.0,6.0,0.06976744186046512
12474,32.0,2.0,0.0,0.0,0.0,206.0,21.0,1.0,0.10465116279069768
12475,1.0,2.0,0.0,0.0,0.0,331.0,21.0,2.0,0.0
12476,52.0,2.0,0.0,0.0,0.0,287.0,21.0,2.0,0.20930232558139536
12477,1.0,2.0,0.0,0.0,0.0,246.0,9.0,6.0,0.0
12478,12.0,2.0,0.0,0.0,0.0,128.0,9.0,6.0,0.03488372093023256
12479,2.0,2.0,0.0,0.0,0.0,295.0,14.0,4.0,0.0
12480,7.0,2.0,0.0,0.0,1.0,243.0,18.0,4.0,0.011627906976744186
12481,7.0,2.0,0.0,0.0,0.0,845.0,9.0,4.0,0.023255813953488372
12482,4.0,2.0,0.0,0.0,0.0,145.0,12.0,5.0,0.023255813953488372
12483,1.0,2.0,0.0,0.0,1.0,107.0,8.0,6.0,0.0
12484,4.0,2.0,0.0,0.0,0.0,158.0,8.0,6.0,0.011627906976744186
12485,12.0,2.0,0.0,0.0,0.0,94.0,18.0,6.0,0.03488372093023256
12486,7.0,2.0,0.0,0.0,0.0,289.0,7.0,1.0,0.023255813953488372
12487,27.0,2.0,0.0,0.0,0.0,231.0,17.0,1.0,0.05813953488372093
12488,3.0,2.0,0.0,0.0,0.0,258.0,13.0,4.0,0.011627906976744186
12489,2.0,2.0,0.0,0.0,0.0,229.0,17.0,4.0,0.011627906976744186
12490,3.0,2.0,0.0,0.0,1.0,481.0,7.0,5.0,0.0
12491,14.0,2.0,0.0,0.0,0.0,586.0,14.0,5.0,0.06976744186046512
12492,2.0,2.0,0.0,0.0,0.0,129.0,17.0,6.0,0.011627906976744186
12493,61.0,2.0,0.0,0.0,1.0,245.0,18.0,6.0,0.09302325581395349
12494,12.0,2.0,0.0,0.0,1.0,96.0,22.0,2.0,0.03488372093023256
12495,2.0,2.0,0.0,0.0,1.0,186.0,19.0,3.0,0.0
12496,1.0,2.0,0.0,1.0,0.0,764.0,21.0,3.0,0.0
12497,20.0,2.0,0.0,0.0,1.0,192.0,21.0,3.0,0.06976744186046512
12498,10.0,2.0,0.0,0.0,0.0,142.0,16.0,4.0,0.05813953488372093
12499,27.0,2.0,0.0,0.0,0.0,96.0,10.0,0.0,0.08139534883720931
12500,20.0,2.0,0.0,0.0,0.0,89.0,20.0,0.0,0.08139534883720931
12501,4.0,2.0,0.0,0.0,0.0,183.0,21.0,6.0,0.011627906976744186
12502,12.0,2.0,0.0,0.0,0.0,207.0,9.0,2.0,0.05813953488372093
12503,54.0,2.0,0.0,0.0,1.0,127.0,19.0,5.0,0.1511627906976744
12504,10.0,2.0,0.0,0.0,1.0,220.0,15.0,3.0,0.046511627906976744
12505,2.0,2.0,0.0,0.0,0.0,105.0,7.0,5.0,0.0
12506,1.0,2.0,0.0,0.0,0.0,152.0,8.0,5.0,0.0
12507,13.0,2.0,0.0,0.0,0.0,96.0,12.0,5.0,0.05813953488372093
12508,22.0,2.0,0.0,0.0,0.0,124.0,14.0,1.0,0.09302325581395349
12509,1.0,2.0,0.0,0.0,0.0,92.0,18.0,6.0,0.0
12510,53.0,2.0,0.0,0.0,0.0,337.0,13.0,0.0,0.29069767441860467
12511,42.0,2.0,0.0,0.0,0.0,114.0,13.0,2.0,0.06976744186046512
12512,3.0,2.0,0.0,1.0,0.0,94.0,21.0,5.0,0.011627906976744186
12513,29.0,2.0,0.0,0.0,0.0,95.0,13.0,0.0,0.05813953488372093
12514,4.0,2.0,0.0,1.0,0.0,100.0,21.0,6.0,0.023255813953488372
12515,5.0,2.0,0.0,0.0,1.0,190.0,9.0,1.0,0.03488372093023256
12516,1.0,2.0,0.0,0.0,0.0,92.0,22.0,4.0,0.0
12517,55.0,2.0,0.0,0.0,0.0,286.0,9.0,6.0,0.1744186046511628
12518,10.0,2.0,0.0,0.0,0.0,132.0,14.0,0.0,0.06976744186046512
12519,17.0,2.0,0.0,0.0,0.0,100.0,7.0,2.0,0.05813953488372093
12520,1.0,2.0,0.0,1.0,1.0,144.0,21.0,5.0,0.0
12521,12.0,2.0,0.0,1.0,1.0,141.0,21.0,5.0,0.046511627906976744
12522,3.0,2.0,0.0,0.0,0.0,232.0,22.0,0.0,0.023255813953488372
12523,3.0,2.0,0.0,0.0,0.0,106.0,9.0,1.0,0.0
12524,37.0,2.0,0.0,0.0,1.0,409.0,10.0,2.0,0.19767441860465115
12525,1.0,2.0,0.0,0.0,0.0,232.0,11.0,5.0,0.0
12526,1.0,2.0,0.0,0.0,0.0,193.0,11.0,5.0,0.0
12527,2.0,2.0,0.0,0.0,0.0,100.0,14.0,5.0,0.011627906976744186
12528,1.0,2.0,0.0,0.0,1.0,141.0,22.0,5.0,0.0
12529,1.0,2.0,0.0,0.0,0.0,103.0,22.0,5.0,0.0
12530,8.0,2.0,0.0,0.0,1.0,169.0,22.0,5.0,0.03488372093023256
12531,6.0,1.0,1.0,0.0,0.0,0.0,9.0,1.0,0.041237113402061855
12532,17.0,1.0,0.0,0.0,0.0,207.0,17.0,2.0,0.09278350515463918
12533,8.0,1.0,0.0,0.0,0.0,170.0,14.0,4.0,0.020618556701030927
12534,3.0,1.0,0.0,0.0,0.0,268.0,16.0,6.0,0.010309278350515464
12535,1.0,1.0,0.0,0.0,0.0,94.0,17.0,6.0,0.0
12536,19.0,1.0,0.0,0.0,1.0,353.0,18.0,6.0,0.09278350515463918
12537,11.0,1.0,0.0,0.0,0.0,126.0,8.0,5.0,0.07216494845360824
12538,23.0,1.0,0.0,0.0,1.0,243.0,7.0,1.0,0.05154639175257732
12539,27.0,1.0,0.0,0.0,0.0,146.0,12.0,1.0,0.12371134020618557
12540,4.0,1.0,0.0,0.0,0.0,192.0,20.0,1.0,0.0
12541,7.0,1.0,0.0,0.0,0.0,190.0,20.0,1.0,0.030927835051546393
12542,7.0,1.0,0.0,0.0,0.0,216.0,20.0,1.0,0.020618556701030927
12543,1.0,1.0,0.0,0.0,0.0,119.0,21.0,1.0,0.0
12544,17.0,1.0,0.0,0.0,1.0,606.0,21.0,1.0,0.07216494845360824
12545,13.0,1.0,0.0,0.0,0.0,109.0,9.0,2.0,0.030927835051546393
12546,5.0,1.0,0.0,0.0,0.0,143.0,11.0,2.0,0.020618556701030927
12547,5.0,1.0,0.0,0.0,0.0,110.0,12.0,2.0,0.010309278350515464
12548,2.0,1.0,0.0,0.0,1.0,606.0,13.0,2.0,0.010309278350515464
12549,26.0,1.0,0.0,0.0,0.0,305.0,18.0,2.0,0.10309278350515463
12550,3.0,1.0,0.0,0.0,0.0,733.0,18.0,3.0,0.010309278350515464
12551,1.0,1.0,0.0,0.0,0.0,162.0,21.0,3.0,0.0
12552,3.0,1.0,0.0,0.0,1.0,427.0,21.0,3.0,0.020618556701030927
12553,5.0,1.0,0.0,0.0,0.0,413.0,22.0,3.0,0.041237113402061855
12554,1.0,1.0,0.0,0.0,1.0,160.0,13.0,4.0,0.0
12555,20.0,1.0,0.0,0.0,0.0,348.0,13.0,4.0,0.09278350515463918
12556,48.0,1.0,0.0,0.0,0.0,99.0,22.0,4.0,0.13402061855670103
12557,39.0,1.0,0.0,0.0,0.0,160.0,20.0,6.0,0.10309278350515463
12558,91.0,1.0,0.0,0.0,0.0,270.0,12.0,1.0,0.26804123711340205
12559,16.0,1.0,0.0,0.0,0.0,254.0,21.0,3.0,0.041237113402061855
12560,16.0,1.0,0.0,1.0,0.0,129.0,13.0,4.0,0.08247422680412371
12561,19.0,1.0,0.0,0.0,0.0,223.0,20.0,4.0,0.061855670103092786
12562,15.0,1.0,0.0,0.0,0.0,422.0,17.0,5.0,0.041237113402061855
12563,3.0,1.0,0.0,0.0,1.0,117.0,17.0,6.0,0.010309278350515464
12564,12.0,1.0,0.0,0.0,1.0,345.0,12.0,0.0,0.020618556701030927
12565,4.0,1.0,0.0,0.0,0.0,135.0,21.0,0.0,0.010309278350515464
12566,4.0,1.0,0.0,0.0,0.0,112.0,8.0,1.0,0.020618556701030927
12567,2.0,1.0,0.0,0.0,0.0,100.0,10.0,1.0,0.0
12568,3.0,1.0,0.0,0.0,0.0,103.0,12.0,1.0,0.010309278350515464
12569,5.0,1.0,0.0,0.0,0.0,100.0,19.0,1.0,0.010309278350515464
12570,7.0,1.0,0.0,0.0,0.0,258.0,9.0,2.0,0.030927835051546393
12571,7.0,1.0,0.0,0.0,0.0,121.0,14.0,2.0,0.020618556701030927
12572,3.0,1.0,0.0,0.0,1.0,143.0,16.0,2.0,0.0
12573,4.0,1.0,0.0,0.0,0.0,251.0,19.0,2.0,0.010309278350515464
12574,5.0,1.0,0.0,0.0,0.0,121.0,20.0,2.0,0.030927835051546393
12575,1.0,1.0,0.0,1.0,0.0,94.0,11.0,3.0,0.0
12576,27.0,1.0,0.0,1.0,0.0,100.0,11.0,3.0,0.020618556701030927
12577,7.0,1.0,0.0,0.0,1.0,106.0,22.0,3.0,0.030927835051546393
12578,18.0,1.0,0.0,1.0,0.0,138.0,8.0,4.0,0.05154639175257732
12579,23.0,1.0,0.0,0.0,1.0,221.0,14.0,4.0,0.09278350515463918
12580,11.0,1.0,0.0,0.0,0.0,167.0,17.0,4.0,0.041237113402061855
12581,2.0,1.0,0.0,0.0,1.0,134.0,6.0,5.0,0.010309278350515464
12582,38.0,1.0,0.0,0.0,1.0,90.0,8.0,5.0,0.1134020618556701
12583,29.0,1.0,0.0,0.0,0.0,97.0,8.0,6.0,0.10309278350515463
12584,7.0,1.0,0.0,0.0,0.0,148.0,15.0,0.0,0.030927835051546393
12585,6.0,1.0,0.0,0.0,1.0,92.0,20.0,0.0,0.030927835051546393
12586,14.0,1.0,0.0,0.0,1.0,370.0,6.0,1.0,0.041237113402061855
12587,23.0,1.0,0.0,0.0,0.0,246.0,15.0,1.0,0.09278350515463918
12588,19.0,1.0,0.0,0.0,0.0,213.0,14.0,2.0,0.05154639175257732
12589,20.0,1.0,0.0,1.0,0.0,764.0,20.0,2.0,0.08247422680412371
12590,10.0,1.0,0.0,0.0,0.0,125.0,17.0,3.0,0.041237113402061855
12591,6.0,1.0,0.0,0.0,1.0,285.0,22.0,3.0,0.041237113402061855
12592,10.0,1.0,0.0,0.0,1.0,201.0,10.0,4.0,0.041237113402061855
12593,23.0,1.0,0.0,0.0,0.0,283.0,13.0,4.0,0.010309278350515464
12594,9.0,1.0,0.0,0.0,0.0,96.0,15.0,4.0,0.05154639175257732
12595,4.0,1.0,0.0,0.0,0.0,403.0,19.0,4.0,0.020618556701030927
12596,1.0,1.0,0.0,0.0,1.0,94.0,19.0,4.0,0.0
12597,7.0,1.0,0.0,0.0,1.0,131.0,21.0,4.0,0.041237113402061855
12598,1.0,1.0,0.0,0.0,1.0,212.0,22.0,4.0,0.0
12599,2.0,1.0,0.0,0.0,1.0,160.0,22.0,4.0,0.010309278350515464
12600,13.0,1.0,0.0,0.0,0.0,215.0,22.0,4.0,0.030927835051546393
12601,3.0,1.0,0.0,0.0,0.0,225.0,11.0,5.0,0.0
12602,9.0,1.0,0.0,0.0,0.0,313.0,12.0,5.0,0.041237113402061855
12603,6.0,1.0,0.0,0.0,1.0,100.0,13.0,5.0,0.041237113402061855
12604,2.0,1.0,0.0,0.0,0.0,212.0,20.0,5.0,0.0
12605,1.0,1.0,0.0,0.0,1.0,186.0,21.0,5.0,0.0
12606,3.0,1.0,0.0,0.0,1.0,131.0,21.0,5.0,0.0
12607,3.0,1.0,0.0,0.0,0.0,248.0,10.0,6.0,0.010309278350515464
12608,10.0,1.0,0.0,0.0,0.0,260.0,13.0,6.0,0.041237113402061855
12609,2.0,1.0,0.0,0.0,0.0,133.0,23.0,6.0,0.010309278350515464
12610,2.0,1.0,0.0,0.0,0.0,297.0,7.0,0.0,0.0
12611,8.0,1.0,0.0,0.0,0.0,116.0,8.0,0.0,0.030927835051546393
12612,21.0,1.0,0.0,1.0,0.0,160.0,11.0,0.0,0.08247422680412371
12613,3.0,1.0,0.0,0.0,0.0,129.0,18.0,0.0,0.010309278350515464
12614,5.0,1.0,0.0,0.0,0.0,214.0,22.0,0.0,0.010309278350515464
12615,2.0,1.0,0.0,0.0,0.0,208.0,22.0,0.0,0.010309278350515464
12616,72.0,1.0,0.0,0.0,0.0,212.0,11.0,1.0,0.15463917525773196
12617,14.0,1.0,0.0,0.0,0.0,185.0,15.0,3.0,0.030927835051546393
12618,6.0,1.0,0.0,0.0,1.0,94.0,16.0,4.0,0.010309278350515464
12619,9.0,1.0,0.0,0.0,1.0,181.0,18.0,4.0,0.020618556701030927
12620,1.0,1.0,0.0,0.0,1.0,215.0,20.0,4.0,0.0
12621,6.0,1.0,0.0,0.0,1.0,92.0,20.0,4.0,0.020618556701030927
12622,18.0,1.0,0.0,0.0,0.0,120.0,8.0,5.0,0.041237113402061855
12623,1.0,1.0,0.0,0.0,0.0,195.0,13.0,5.0,0.0
12624,12.0,1.0,0.0,0.0,0.0,641.0,18.0,5.0,0.041237113402061855
12625,21.0,1.0,0.0,0.0,1.0,93.0,20.0,5.0,0.10309278350515463
12626,1.0,1.0,0.0,0.0,0.0,130.0,14.0,6.0,0.0
12627,1.0,1.0,0.0,0.0,0.0,170.0,14.0,6.0,0.0
12628,1.0,1.0,0.0,0.0,0.0,185.0,14.0,6.0,0.0
12629,2.0,1.0,0.0,0.0,0.0,102.0,14.0,6.0,0.0
12630,1.0,1.0,0.0,0.0,0.0,162.0,15.0,6.0,0.0
12631,5.0,1.0,0.0,0.0,0.0,117.0,15.0,6.0,0.030927835051546393
12632,1.0,1.0,0.0,0.0,0.0,205.0,17.0,6.0,0.0
12633,8.0,1.0,0.0,0.0,0.0,159.0,17.0,6.0,0.020618556701030927
12634,11.0,1.0,0.0,0.0,0.0,141.0,22.0,6.0,0.041237113402061855
12635,16.0,1.0,0.0,0.0,0.0,148.0,15.0,0.0,0.10309278350515463
12636,6.0,1.0,0.0,0.0,0.0,224.0,20.0,0.0,0.05154639175257732
12637,3.0,1.0,0.0,0.0,1.0,255.0,20.0,0.0,0.020618556701030927
12638,2.0,1.0,0.0,0.0,0.0,102.0,20.0,0.0,0.010309278350515464
12639,9.0,1.0,0.0,0.0,0.0,260.0,21.0,0.0,0.07216494845360824
12640,3.0,1.0,0.0,0.0,1.0,255.0,9.0,1.0,0.020618556701030927
12641,2.0,1.0,0.0,0.0,0.0,357.0,10.0,1.0,0.010309278350515464
12642,2.0,1.0,0.0,0.0,0.0,121.0,11.0,1.0,0.0
12643,4.0,1.0,0.0,0.0,1.0,146.0,12.0,1.0,0.020618556701030927
12644,1.0,1.0,0.0,0.0,0.0,106.0,12.0,1.0,0.0
12645,18.0,1.0,0.0,0.0,0.0,96.0,12.0,1.0,0.061855670103092786
12646,2.0,1.0,0.0,0.0,0.0,148.0,19.0,1.0,0.0
12647,3.0,1.0,0.0,1.0,0.0,329.0,19.0,1.0,0.020618556701030927
12648,1.0,1.0,0.0,0.0,0.0,91.0,19.0,1.0,0.0
12649,3.0,1.0,0.0,0.0,0.0,129.0,19.0,1.0,0.010309278350515464
12650,2.0,1.0,0.0,0.0,0.0,172.0,20.0,1.0,0.010309278350515464
12651,2.0,1.0,0.0,0.0,0.0,148.0,21.0,1.0,0.0
12652,1.0,1.0,0.0,0.0,1.0,158.0,21.0,1.0,0.0
12653,5.0,1.0,0.0,0.0,0.0,147.0,21.0,1.0,0.0
12654,8.0,1.0,0.0,0.0,1.0,158.0,21.0,1.0,0.020618556701030927
12655,4.0,1.0,0.0,0.0,0.0,312.0,9.0,2.0,0.020618556701030927
12656,1.0,1.0,0.0,0.0,0.0,192.0,10.0,2.0,0.0
12657,32.0,1.0,0.0,0.0,0.0,151.0,10.0,2.0,0.08247422680412371
12658,3.0,1.0,0.0,1.0,0.0,95.0,18.0,2.0,0.020618556701030927
12659,13.0,1.0,0.0,0.0,1.0,118.0,20.0,2.0,0.041237113402061855
12660,2.0,1.0,0.0,0.0,0.0,168.0,15.0,3.0,0.010309278350515464
12661,3.0,1.0,0.0,0.0,1.0,160.0,21.0,3.0,0.020618556701030927
12662,2.0,1.0,0.0,0.0,0.0,194.0,6.0,4.0,0.0
12663,1.0,1.0,0.0,0.0,0.0,486.0,9.0,4.0,0.0
12664,5.0,1.0,0.0,0.0,1.0,106.0,10.0,4.0,0.020618556701030927
12665,2.0,1.0,0.0,0.0,1.0,115.0,10.0,4.0,0.0
12666,17.0,1.0,0.0,0.0,1.0,204.0,11.0,4.0,0.041237113402061855
12667,28.0,1.0,0.0,0.0,1.0,230.0,14.0,4.0,0.05154639175257732
12668,30.0,1.0,0.0,0.0,0.0,123.0,16.0,4.0,0.12371134020618557
12669,8.0,1.0,0.0,0.0,0.0,214.0,14.0,5.0,0.05154639175257732
12670,6.0,1.0,0.0,0.0,0.0,125.0,20.0,5.0,0.05154639175257732
12671,6.0,1.0,0.0,0.0,1.0,100.0,8.0,6.0,0.041237113402061855
12672,14.0,1.0,0.0,0.0,0.0,102.0,11.0,6.0,0.05154639175257732
12673,2.0,1.0,0.0,0.0,0.0,459.0,20.0,6.0,0.010309278350515464
12674,8.0,1.0,0.0,0.0,1.0,94.0,21.0,6.0,0.061855670103092786
12675,5.0,1.0,0.0,0.0,0.0,548.0,21.0,6.0,0.041237113402061855
12676,19.0,1.0,0.0,0.0,1.0,230.0,22.0,6.0,0.10309278350515463
12677,1.0,1.0,0.0,0.0,0.0,127.0,12.0,0.0,0.0
12678,7.0,1.0,0.0,0.0,0.0,231.0,12.0,0.0,0.030927835051546393
12679,18.0,1.0,0.0,0.0,1.0,173.0,14.0,0.0,0.05154639175257732
12680,13.0,1.0,0.0,0.0,0.0,341.0,23.0,0.0,0.061855670103092786
12681,1.0,1.0,0.0,0.0,0.0,467.0,13.0,1.0,0.0
12682,2.0,1.0,0.0,0.0,0.0,256.0,14.0,1.0,0.0
12683,90.0,1.0,0.0,0.0,1.0,230.0,15.0,1.0,0.17525773195876287
12684,51.0,1.0,0.0,0.0,1.0,171.0,11.0,2.0,0.07216494845360824
12685,51.0,1.0,0.0,0.0,0.0,383.0,17.0,2.0,0.09278350515463918
12686,4.0,1.0,0.0,0.0,0.0,135.0,10.0,3.0,0.020618556701030927
12687,4.0,1.0,0.0,0.0,0.0,171.0,14.0,3.0,0.020618556701030927
12688,4.0,1.0,0.0,0.0,0.0,160.0,19.0,3.0,0.010309278350515464
12689,8.0,1.0,0.0,0.0,0.0,182.0,19.0,3.0,0.030927835051546393
12690,5.0,1.0,0.0,0.0,0.0,114.0,21.0,3.0,0.030927835051546393
12691,6.0,1.0,0.0,0.0,0.0,303.0,21.0,3.0,0.030927835051546393
12692,17.0,1.0,0.0,0.0,0.0,194.0,7.0,4.0,0.07216494845360824
12693,1.0,1.0,0.0,0.0,0.0,341.0,21.0,4.0,0.0
12694,1.0,1.0,0.0,0.0,0.0,125.0,22.0,4.0,0.0
12695,6.0,1.0,0.0,0.0,0.0,584.0,22.0,4.0,0.030927835051546393
12696,2.0,1.0,0.0,0.0,1.0,378.0,7.0,5.0,0.010309278350515464
12697,3.0,1.0,0.0,0.0,1.0,174.0,10.0,5.0,0.020618556701030927
12698,3.0,1.0,0.0,0.0,1.0,225.0,11.0,5.0,0.0
12699,1.0,1.0,0.0,0.0,0.0,108.0,16.0,5.0,0.0
12700,1.0,1.0,0.0,0.0,0.0,255.0,17.0,5.0,0.0
12701,8.0,1.0,0.0,0.0,0.0,115.0,17.0,5.0,0.0
12702,3.0,1.0,0.0,0.0,0.0,89.0,19.0,5.0,0.010309278350515464
12703,1.0,1.0,0.0,0.0,0.0,136.0,20.0,5.0,0.0
12704,2.0,1.0,0.0,0.0,0.0,93.0,20.0,5.0,0.0
12705,3.0,1.0,0.0,0.0,1.0,93.0,6.0,6.0,0.010309278350515464
12706,2.0,1.0,0.0,0.0,1.0,263.0,11.0,6.0,0.0
12707,68.0,1.0,0.0,0.0,0.0,96.0,12.0,6.0,0.13402061855670103
12708,1.0,1.0,0.0,0.0,1.0,87.0,21.0,0.0,0.0
12709,1.0,1.0,0.0,0.0,0.0,125.0,21.0,0.0,0.0
12710,4.0,1.0,0.0,0.0,1.0,178.0,21.0,0.0,0.0
12711,5.0,1.0,0.0,0.0,1.0,309.0,21.0,0.0,0.020618556701030927
12712,6.0,1.0,0.0,0.0,1.0,318.0,22.0,0.0,0.010309278350515464
12713,1.0,1.0,0.0,0.0,0.0,178.0,22.0,0.0,0.0
12714,4.0,1.0,0.0,0.0,0.0,171.0,23.0,0.0,0.010309278350515464
12715,19.0,1.0,0.0,0.0,0.0,147.0,8.0,1.0,0.07216494845360824
12716,15.0,1.0,0.0,0.0,0.0,160.0,14.0,1.0,0.07216494845360824
12717,21.0,1.0,0.0,0.0,0.0,187.0,20.0,1.0,0.07216494845360824
12718,1.0,1.0,0.0,0.0,0.0,111.0,13.0,2.0,0.0
12719,1.0,1.0,0.0,0.0,0.0,271.0,13.0,2.0,0.0
12720,4.0,1.0,0.0,0.0,0.0,321.0,15.0,2.0,0.020618556701030927
12721,3.0,1.0,0.0,0.0,0.0,144.0,20.0,2.0,0.010309278350515464
12722,23.0,1.0,0.0,0.0,0.0,125.0,21.0,2.0,0.061855670103092786
12723,17.0,1.0,0.0,0.0,0.0,120.0,20.0,3.0,0.020618556701030927
12724,6.0,1.0,0.0,0.0,1.0,114.0,9.0,4.0,0.0
12725,12.0,1.0,0.0,0.0,0.0,692.0,13.0,4.0,0.020618556701030927
12726,6.0,1.0,0.0,1.0,0.0,384.0,22.0,4.0,0.020618556701030927
12727,3.0,1.0,0.0,0.0,0.0,178.0,12.0,5.0,0.0
12728,5.0,1.0,0.0,0.0,1.0,230.0,12.0,5.0,0.010309278350515464
12729,18.0,1.0,0.0,0.0,0.0,109.0,13.0,5.0,0.09278350515463918
12730,7.0,1.0,0.0,0.0,0.0,133.0,21.0,5.0,0.020618556701030927
12731,1.0,1.0,0.0,0.0,0.0,223.0,23.0,5.0,0.0
12732,3.0,1.0,0.0,0.0,0.0,111.0,23.0,5.0,0.020618556701030927
12733,5.0,1.0,0.0,0.0,0.0,932.0,5.0,6.0,0.030927835051546393
12734,6.0,1.0,0.0,0.0,0.0,123.0,15.0,6.0,0.030927835051546393
12735,24.0,1.0,0.0,0.0,0.0,547.0,18.0,6.0,0.09278350515463918
12736,2.0,1.0,0.0,0.0,1.0,85.0,19.0,0.0,0.010309278350515464
12737,1.0,1.0,0.0,0.0,0.0,548.0,19.0,0.0,0.0
12738,2.0,1.0,0.0,0.0,0.0,148.0,20.0,0.0,0.0
12739,1.0,1.0,0.0,0.0,0.0,271.0,22.0,0.0,0.0
12740,5.0,1.0,0.0,0.0,1.0,143.0,22.0,0.0,0.020618556701030927
12741,9.0,1.0,0.0,0.0,0.0,221.0,13.0,1.0,0.020618556701030927
12742,11.0,1.0,0.0,0.0,0.0,121.0,21.0,1.0,0.020618556701030927
12743,9.0,1.0,0.0,0.0,1.0,94.0,21.0,1.0,0.041237113402061855
12744,2.0,1.0,0.0,0.0,0.0,152.0,9.0,2.0,0.0
12745,1.0,1.0,0.0,0.0,0.0,114.0,10.0,2.0,0.0
12746,2.0,1.0,0.0,0.0,1.0,118.0,10.0,2.0,0.010309278350515464
12747,14.0,1.0,0.0,0.0,0.0,105.0,16.0,2.0,0.07216494845360824
12748,5.0,1.0,0.0,0.0,0.0,560.0,19.0,2.0,0.020618556701030927
12749,18.0,1.0,0.0,0.0,0.0,139.0,20.0,2.0,0.08247422680412371
12750,4.0,1.0,0.0,0.0,0.0,139.0,8.0,3.0,0.030927835051546393
12751,17.0,1.0,0.0,0.0,1.0,93.0,8.0,3.0,0.05154639175257732
12752,1.0,1.0,0.0,0.0,0.0,196.0,15.0,3.0,0.0
12753,40.0,1.0,0.0,0.0,0.0,197.0,15.0,3.0,0.10309278350515463
12754,29.0,1.0,0.0,0.0,0.0,161.0,14.0,4.0,0.08247422680412371
12755,3.0,1.0,0.0,0.0,0.0,393.0,17.0,5.0,0.020618556701030927
12756,3.0,1.0,0.0,0.0,1.0,196.0,20.0,5.0,0.0
12757,38.0,1.0,0.0,0.0,0.0,152.0,20.0,5.0,0.17525773195876287
12758,6.0,1.0,0.0,0.0,0.0,219.0,5.0,0.0,0.030927835051546393
12759,2.0,1.0,0.0,0.0,0.0,120.0,15.0,0.0,0.0
12760,4.0,1.0,0.0,0.0,0.0,120.0,15.0,0.0,0.0
12761,4.0,1.0,0.0,0.0,0.0,161.0,16.0,0.0,0.030927835051546393
12762,2.0,1.0,0.0,0.0,0.0,113.0,19.0,0.0,0.0
12763,1.0,1.0,0.0,1.0,0.0,399.0,19.0,0.0,0.0
12764,4.0,1.0,0.0,0.0,0.0,95.0,20.0,0.0,0.020618556701030927
12765,8.0,1.0,0.0,0.0,0.0,328.0,22.0,0.0,0.041237113402061855
12766,16.0,1.0,0.0,0.0,0.0,139.0,11.0,1.0,0.061855670103092786
12767,18.0,1.0,0.0,0.0,0.0,164.0,16.0,1.0,0.10309278350515463
12768,26.0,1.0,0.0,0.0,0.0,334.0,22.0,1.0,0.17525773195876287
12769,28.0,1.0,0.0,0.0,1.0,231.0,12.0,2.0,0.030927835051546393
12770,1.0,1.0,0.0,0.0,0.0,115.0,12.0,2.0,0.0
12771,75.0,1.0,0.0,0.0,0.0,129.0,12.0,2.0,0.09278350515463918
12772,10.0,1.0,0.0,0.0,0.0,334.0,16.0,2.0,0.041237113402061855
12773,45.0,1.0,0.0,0.0,0.0,459.0,20.0,2.0,0.18556701030927836
12774,3.0,1.0,0.0,0.0,0.0,100.0,16.0,3.0,0.020618556701030927
12775,11.0,1.0,0.0,0.0,1.0,105.0,16.0,3.0,0.08247422680412371
12776,31.0,1.0,0.0,0.0,0.0,144.0,18.0,3.0,0.13402061855670103
12777,4.0,1.0,0.0,0.0,1.0,187.0,5.0,4.0,0.010309278350515464
12778,14.0,1.0,0.0,0.0,0.0,182.0,7.0,4.0,0.08247422680412371
12779,2.0,1.0,0.0,0.0,0.0,328.0,20.0,4.0,0.0
12780,16.0,1.0,0.0,0.0,0.0,120.0,20.0,4.0,0.061855670103092786
12781,2.0,1.0,0.0,0.0,0.0,187.0,7.0,5.0,0.010309278350515464
12782,1.0,1.0,0.0,0.0,0.0,152.0,7.0,5.0,0.0
12783,3.0,1.0,0.0,0.0,1.0,161.0,11.0,5.0,0.010309278350515464
12784,1.0,1.0,0.0,0.0,0.0,91.0,16.0,5.0,0.0
12785,3.0,1.0,0.0,0.0,0.0,126.0,17.0,5.0,0.010309278350515464
12786,4.0,1.0,0.0,0.0,0.0,180.0,21.0,5.0,0.010309278350515464
12787,2.0,1.0,0.0,0.0,0.0,155.0,9.0,6.0,0.010309278350515464
12788,30.0,1.0,0.0,0.0,0.0,266.0,11.0,6.0,0.08247422680412371
12789,7.0,1.0,0.0,0.0,0.0,1744.0,6.0,0.0,0.010309278350515464
12790,5.0,1.0,0.0,0.0,0.0,106.0,10.0,0.0,0.030927835051546393
12791,1.0,1.0,0.0,0.0,0.0,334.0,15.0,0.0,0.0
12792,2.0,1.0,0.0,0.0,0.0,658.0,15.0,0.0,0.010309278350515464
12793,5.0,1.0,0.0,0.0,0.0,129.0,15.0,0.0,0.030927835051546393
12794,2.0,1.0,0.0,0.0,0.0,90.0,19.0,0.0,0.010309278350515464
12795,4.0,1.0,0.0,0.0,0.0,260.0,19.0,0.0,0.010309278350515464
12796,12.0,1.0,0.0,0.0,0.0,100.0,20.0,0.0,0.0
12797,5.0,1.0,0.0,0.0,0.0,134.0,22.0,0.0,0.010309278350515464
12798,5.0,1.0,0.0,0.0,0.0,116.0,11.0,1.0,0.020618556701030927
12799,4.0,1.0,0.0,0.0,0.0,179.0,15.0,1.0,0.030927835051546393
12800,3.0,1.0,0.0,0.0,0.0,168.0,17.0,1.0,0.0
12801,10.0,1.0,0.0,0.0,0.0,223.0,18.0,1.0,0.020618556701030927
12802,11.0,1.0,0.0,1.0,0.0,92.0,20.0,1.0,0.030927835051546393
12803,2.0,1.0,0.0,0.0,0.0,1875.0,7.0,2.0,0.010309278350515464
12804,1.0,1.0,0.0,0.0,0.0,93.0,7.0,2.0,0.0
12805,3.0,1.0,0.0,0.0,0.0,105.0,8.0,2.0,0.010309278350515464
12806,9.0,1.0,0.0,0.0,1.0,202.0,10.0,2.0,0.05154639175257732
12807,1.0,1.0,0.0,0.0,0.0,153.0,16.0,2.0,0.0
12808,8.0,1.0,0.0,0.0,0.0,93.0,16.0,2.0,0.020618556701030927
12809,8.0,1.0,0.0,0.0,0.0,367.0,19.0,2.0,0.041237113402061855
12810,9.0,1.0,0.0,0.0,0.0,133.0,8.0,3.0,0.05154639175257732
12811,13.0,1.0,0.0,0.0,0.0,154.0,11.0,3.0,0.1134020618556701
12812,1.0,1.0,0.0,0.0,1.0,95.0,15.0,3.0,0.0
12813,6.0,1.0,0.0,1.0,0.0,228.0,17.0,3.0,0.030927835051546393
12814,1.0,1.0,0.0,0.0,0.0,195.0,18.0,3.0,0.0
12815,4.0,1.0,0.0,0.0,0.0,91.0,19.0,3.0,0.010309278350515464
12816,7.0,1.0,0.0,0.0,0.0,119.0,20.0,3.0,0.030927835051546393
12817,6.0,1.0,0.0,0.0,0.0,163.0,21.0,3.0,0.010309278350515464
12818,1.0,1.0,0.0,0.0,0.0,213.0,7.0,4.0,0.0
12819,8.0,1.0,0.0,0.0,0.0,182.0,7.0,4.0,0.041237113402061855
12820,15.0,1.0,0.0,0.0,0.0,166.0,11.0,4.0,0.010309278350515464
12821,4.0,1.0,0.0,0.0,1.0,122.0,19.0,4.0,0.020618556701030927
12822,17.0,1.0,0.0,0.0,1.0,184.0,19.0,4.0,0.07216494845360824
12823,2.0,1.0,0.0,0.0,0.0,182.0,21.0,4.0,0.010309278350515464
12824,2.0,1.0,0.0,0.0,0.0,117.0,22.0,4.0,0.010309278350515464
12825,2.0,1.0,0.0,0.0,0.0,174.0,22.0,4.0,0.0
12826,1.0,1.0,0.0,0.0,0.0,96.0,22.0,4.0,0.0
12827,29.0,1.0,0.0,0.0,0.0,124.0,22.0,4.0,0.08247422680412371
12828,26.0,1.0,0.0,0.0,0.0,372.0,15.0,5.0,0.10309278350515463
12829,12.0,1.0,0.0,0.0,1.0,149.0,21.0,5.0,0.07216494845360824
12830,4.0,1.0,0.0,0.0,0.0,97.0,19.0,6.0,0.010309278350515464
12831,2.0,1.0,0.0,0.0,0.0,3179.0,21.0,6.0,0.010309278350515464
12832,21.0,1.0,0.0,0.0,1.0,477.0,21.0,6.0,0.030927835051546393
12833,11.0,1.0,0.0,0.0,0.0,124.0,9.0,0.0,0.041237113402061855
12834,2.0,1.0,0.0,0.0,0.0,103.0,19.0,0.0,0.010309278350515464
12835,14.0,1.0,0.0,0.0,0.0,113.0,21.0,0.0,0.08247422680412371
12836,2.0,1.0,0.0,0.0,1.0,162.0,9.0,1.0,0.0
12837,3.0,1.0,0.0,0.0,0.0,150.0,9.0,1.0,0.010309278350515464
12838,6.0,1.0,0.0,0.0,1.0,162.0,10.0,1.0,0.010309278350515464
12839,2.0,1.0,0.0,0.0,0.0,200.0,11.0,1.0,0.0
12840,3.0,1.0,0.0,0.0,0.0,200.0,12.0,1.0,0.0
12841,3.0,1.0,0.0,0.0,0.0,132.0,16.0,1.0,0.010309278350515464
12842,4.0,1.0,0.0,0.0,0.0,110.0,17.0,1.0,0.0
12843,5.0,1.0,0.0,0.0,0.0,138.0,18.0,1.0,0.030927835051546393
12844,3.0,1.0,0.0,0.0,0.0,138.0,19.0,1.0,0.010309278350515464
12845,11.0,1.0,0.0,0.0,0.0,230.0,19.0,1.0,0.05154639175257732
12846,3.0,1.0,0.0,0.0,0.0,112.0,15.0,2.0,0.0
12847,16.0,1.0,0.0,0.0,0.0,137.0,19.0,2.0,0.020618556701030927
12848,13.0,1.0,0.0,0.0,1.0,130.0,22.0,2.0,0.020618556701030927
12849,4.0,1.0,0.0,0.0,1.0,130.0,7.0,3.0,0.030927835051546393
12850,1.0,1.0,0.0,0.0,1.0,249.0,12.0,3.0,0.0
12851,5.0,1.0,0.0,0.0,0.0,105.0,12.0,3.0,0.020618556701030927
12852,4.0,1.0,0.0,0.0,0.0,317.0,15.0,3.0,0.010309278350515464
12853,4.0,1.0,0.0,0.0,1.0,122.0,20.0,3.0,0.0
12854,6.0,1.0,0.0,0.0,0.0,108.0,23.0,3.0,0.020618556701030927
12855,3.0,1.0,0.0,0.0,0.0,161.0,10.0,4.0,0.010309278350515464
12856,6.0,1.0,0.0,0.0,1.0,97.0,14.0,4.0,0.041237113402061855
12857,7.0,1.0,0.0,0.0,0.0,361.0,18.0,4.0,0.020618556701030927
12858,31.0,1.0,0.0,0.0,0.0,3225.0,19.0,4.0,0.1134020618556701
12859,3.0,1.0,0.0,0.0,1.0,130.0,16.0,5.0,0.0
12860,5.0,1.0,0.0,0.0,0.0,98.0,20.0,5.0,0.020618556701030927
12861,2.0,1.0,0.0,0.0,1.0,109.0,9.0,6.0,0.010309278350515464
12862,11.0,1.0,0.0,0.0,1.0,131.0,13.0,6.0,0.041237113402061855
12863,34.0,1.0,0.0,0.0,1.0,146.0,8.0,0.0,0.14432989690721648
12864,19.0,1.0,0.0,0.0,0.0,180.0,14.0,0.0,0.12371134020618557
12865,11.0,1.0,0.0,0.0,1.0,126.0,20.0,0.0,0.061855670103092786
12866,11.0,1.0,0.0,0.0,0.0,122.0,11.0,1.0,0.010309278350515464
12867,28.0,1.0,0.0,0.0,1.0,245.0,13.0,1.0,0.05154639175257732
12868,14.0,1.0,0.0,0.0,0.0,420.0,9.0,2.0,0.030927835051546393
12869,5.0,1.0,0.0,0.0,0.0,278.0,13.0,2.0,0.010309278350515464
12870,3.0,1.0,0.0,0.0,0.0,232.0,13.0,2.0,0.010309278350515464
12871,8.0,1.0,0.0,0.0,0.0,106.0,13.0,2.0,0.05154639175257732
12872,17.0,1.0,0.0,0.0,0.0,121.0,15.0,2.0,0.041237113402061855
12873,22.0,1.0,0.0,0.0,0.0,151.0,19.0,2.0,0.041237113402061855
12874,5.0,1.0,0.0,0.0,0.0,152.0,17.0,3.0,0.010309278350515464
12875,12.0,1.0,0.0,0.0,1.0,259.0,19.0,3.0,0.041237113402061855
12876,17.0,1.0,0.0,0.0,1.0,126.0,18.0,4.0,0.05154639175257732
12877,9.0,1.0,0.0,0.0,0.0,111.0,8.0,5.0,0.020618556701030927
12878,27.0,1.0,0.0,0.0,0.0,126.0,17.0,5.0,0.030927835051546393
12879,4.0,1.0,0.0,0.0,0.0,159.0,9.0,6.0,0.020618556701030927
12880,14.0,1.0,0.0,0.0,0.0,118.0,10.0,6.0,0.05154639175257732
12881,5.0,1.0,0.0,0.0,0.0,175.0,21.0,6.0,0.010309278350515464
12882,96.0,1.0,0.0,0.0,0.0,150.0,21.0,6.0,0.24742268041237114
12883,5.0,1.0,0.0,0.0,0.0,132.0,23.0,1.0,0.041237113402061855
12884,18.0,1.0,0.0,0.0,0.0,636.0,7.0,2.0,0.07216494845360824
12885,59.0,1.0,0.0,0.0,0.0,319.0,15.0,2.0,0.12371134020618557
12886,1.0,1.0,0.0,0.0,0.0,338.0,16.0,3.0,0.0
12887,1.0,1.0,0.0,0.0,0.0,106.0,17.0,3.0,0.0
12888,24.0,1.0,0.0,0.0,0.0,97.0,17.0,3.0,0.10309278350515463
12889,43.0,1.0,0.0,0.0,1.0,473.0,7.0,4.0,0.14432989690721648
12890,31.0,1.0,0.0,0.0,1.0,896.0,11.0,5.0,0.13402061855670103
12891,8.0,1.0,0.0,0.0,1.0,131.0,17.0,0.0,0.030927835051546393
12892,5.0,1.0,0.0,0.0,0.0,126.0,22.0,0.0,0.030927835051546393
12893,8.0,1.0,0.0,0.0,0.0,140.0,12.0,1.0,0.030927835051546393
12894,3.0,1.0,0.0,0.0,0.0,95.0,20.0,1.0,0.010309278350515464
12895,4.0,1.0,0.0,0.0,1.0,332.0,21.0,1.0,0.020618556701030927
12896,8.0,1.0,0.0,0.0,0.0,111.0,11.0,2.0,0.030927835051546393
12897,9.0,1.0,0.0,1.0,0.0,143.0,14.0,2.0,0.05154639175257732
12898,22.0,1.0,0.0,0.0,0.0,92.0,19.0,2.0,0.1134020618556701
12899,7.0,1.0,0.0,0.0,1.0,124.0,19.0,3.0,0.041237113402061855
12900,1.0,1.0,0.0,0.0,0.0,277.0,20.0,3.0,0.0
12901,5.0,1.0,0.0,0.0,0.0,132.0,20.0,3.0,0.030927835051546393
12902,6.0,1.0,0.0,0.0,0.0,235.0,9.0,4.0,0.010309278350515464
12903,9.0,1.0,0.0,0.0,0.0,258.0,14.0,4.0,0.020618556701030927
12904,3.0,1.0,0.0,0.0,0.0,125.0,18.0,4.0,0.010309278350515464
12905,6.0,1.0,0.0,0.0,0.0,136.0,19.0,4.0,0.010309278350515464
12906,10.0,1.0,0.0,0.0,1.0,133.0,22.0,4.0,0.05154639175257732
12907,54.0,1.0,0.0,0.0,0.0,201.0,17.0,5.0,0.12371134020618557
12908,9.0,1.0,0.0,0.0,0.0,164.0,20.0,1.0,0.041237113402061855
12909,6.0,1.0,0.0,0.0,0.0,169.0,8.0,2.0,0.020618556701030927
12910,4.0,1.0,0.0,0.0,0.0,659.0,11.0,2.0,0.0
12911,6.0,1.0,0.0,0.0,0.0,156.0,16.0,2.0,0.041237113402061855
12912,3.0,1.0,0.0,0.0,1.0,472.0,19.0,2.0,0.010309278350515464
12913,6.0,1.0,0.0,0.0,1.0,85.0,6.0,3.0,0.05154639175257732
12914,15.0,1.0,0.0,0.0,1.0,210.0,11.0,3.0,0.061855670103092786
12915,2.0,1.0,0.0,0.0,0.0,191.0,6.0,4.0,0.010309278350515464
12916,13.0,1.0,0.0,0.0,0.0,320.0,9.0,4.0,0.010309278350515464
12917,65.0,1.0,0.0,0.0,0.0,130.0,16.0,4.0,0.15463917525773196
12918,5.0,1.0,0.0,0.0,0.0,274.0,23.0,6.0,0.010309278350515464
12919,7.0,1.0,0.0,0.0,0.0,514.0,12.0,0.0,0.030927835051546393
12920,6.0,1.0,0.0,0.0,0.0,178.0,17.0,0.0,0.030927835051546393
12921,3.0,1.0,0.0,0.0,0.0,451.0,21.0,0.0,0.010309278350515464
12922,3.0,1.0,0.0,0.0,0.0,173.0,21.0,0.0,0.010309278350515464
12923,2.0,1.0,0.0,0.0,0.0,451.0,23.0,0.0,0.010309278350515464
12924,6.0,1.0,0.0,0.0,0.0,156.0,10.0,1.0,0.030927835051546393
12925,45.0,1.0,0.0,0.0,0.0,170.0,20.0,1.0,0.16494845360824742
12926,17.0,1.0,0.0,0.0,1.0,113.0,11.0,2.0,0.041237113402061855
12927,1.0,1.0,0.0,0.0,0.0,101.0,12.0,2.0,0.0
12928,23.0,1.0,0.0,0.0,0.0,231.0,12.0,2.0,0.061855670103092786
12929,2.0,1.0,0.0,0.0,1.0,100.0,5.0,3.0,0.0
12930,12.0,1.0,0.0,0.0,0.0,101.0,9.0,3.0,0.041237113402061855
12931,28.0,1.0,0.0,0.0,1.0,94.0,13.0,3.0,0.12371134020618557
12932,2.0,1.0,0.0,0.0,0.0,230.0,15.0,3.0,0.0
12933,1.0,1.0,0.0,0.0,0.0,122.0,15.0,3.0,0.0
12934,9.0,1.0,0.0,0.0,0.0,293.0,15.0,3.0,0.041237113402061855
12935,3.0,1.0,0.0,0.0,0.0,188.0,19.0,3.0,0.010309278350515464
12936,3.0,1.0,0.0,0.0,0.0,120.0,19.0,3.0,0.020618556701030927
12937,1.0,1.0,0.0,0.0,0.0,97.0,19.0,3.0,0.0
12938,11.0,1.0,0.0,0.0,0.0,148.0,19.0,3.0,0.030927835051546393
12939,55.0,1.0,0.0,0.0,0.0,95.0,6.0,4.0,0.14432989690721648
12940,4.0,1.0,0.0,0.0,0.0,300.0,17.0,4.0,0.010309278350515464
12941,25.0,1.0,0.0,0.0,0.0,400.0,17.0,4.0,0.05154639175257732
12942,3.0,1.0,0.0,0.0,0.0,650.0,8.0,5.0,0.010309278350515464
12943,8.0,1.0,0.0,0.0,0.0,512.0,9.0,5.0,0.030927835051546393
12944,4.0,1.0,0.0,0.0,1.0,156.0,15.0,5.0,0.010309278350515464
12945,2.0,1.0,0.0,0.0,0.0,194.0,16.0,5.0,0.010309278350515464
12946,3.0,1.0,0.0,0.0,0.0,174.0,17.0,5.0,0.0
12947,22.0,1.0,0.0,0.0,0.0,118.0,17.0,5.0,0.041237113402061855
12948,5.0,1.0,0.0,0.0,1.0,93.0,9.0,6.0,0.010309278350515464
12949,13.0,1.0,0.0,1.0,0.0,92.0,11.0,6.0,0.041237113402061855
12950,6.0,1.0,0.0,0.0,1.0,146.0,20.0,6.0,0.020618556701030927
12951,24.0,1.0,0.0,0.0,0.0,206.0,9.0,0.0,0.030927835051546393
12952,12.0,1.0,0.0,0.0,0.0,117.0,15.0,0.0,0.020618556701030927
12953,2.0,1.0,0.0,0.0,0.0,248.0,19.0,0.0,0.010309278350515464
12954,9.0,1.0,0.0,0.0,0.0,437.0,20.0,0.0,0.041237113402061855
12955,2.0,1.0,0.0,0.0,0.0,95.0,12.0,1.0,0.0
12956,65.0,1.0,0.0,0.0,0.0,126.0,12.0,1.0,0.14432989690721648
12957,56.0,1.0,0.0,0.0,1.0,103.0,20.0,1.0,0.13402061855670103
12958,3.0,1.0,0.0,1.0,0.0,192.0,18.0,2.0,0.010309278350515464
12959,10.0,1.0,0.0,1.0,0.0,228.0,19.0,2.0,0.05154639175257732
12960,2.0,1.0,0.0,0.0,0.0,202.0,21.0,2.0,0.010309278350515464
12961,1.0,1.0,0.0,0.0,0.0,256.0,21.0,2.0,0.0
12962,7.0,1.0,0.0,0.0,1.0,221.0,22.0,2.0,0.030927835051546393
12963,29.0,1.0,0.0,0.0,0.0,112.0,6.0,3.0,0.08247422680412371
12964,17.0,1.0,0.0,0.0,0.0,233.0,9.0,3.0,0.05154639175257732
12965,29.0,1.0,0.0,0.0,0.0,214.0,11.0,3.0,0.061855670103092786
12966,1.0,1.0,0.0,0.0,0.0,183.0,14.0,3.0,0.0
12967,6.0,1.0,0.0,0.0,0.0,138.0,14.0,3.0,0.030927835051546393
12968,16.0,1.0,0.0,0.0,0.0,167.0,16.0,3.0,0.030927835051546393
12969,24.0,1.0,0.0,0.0,1.0,90.0,19.0,3.0,0.09278350515463918
12970,6.0,1.0,0.0,0.0,0.0,209.0,16.0,4.0,0.0
12971,3.0,1.0,0.0,0.0,1.0,136.0,18.0,4.0,0.010309278350515464
12972,8.0,1.0,0.0,0.0,0.0,95.0,22.0,4.0,0.041237113402061855
12973,14.0,1.0,0.0,0.0,0.0,206.0,12.0,5.0,0.07216494845360824
12974,6.0,1.0,0.0,0.0,0.0,107.0,15.0,5.0,0.041237113402061855
12975,1.0,1.0,0.0,0.0,0.0,398.0,9.0,6.0,0.0
12976,21.0,1.0,0.0,1.0,1.0,127.0,17.0,6.0,0.10309278350515463
12977,13.0,1.0,0.0,0.0,0.0,116.0,0.0,1.0,0.07216494845360824
12978,6.0,1.0,0.0,0.0,1.0,195.0,11.0,1.0,0.041237113402061855
12979,32.0,1.0,0.0,0.0,0.0,149.0,12.0,1.0,0.13402061855670103
12980,2.0,1.0,0.0,0.0,1.0,207.0,12.0,3.0,0.010309278350515464
12981,1.0,1.0,0.0,0.0,0.0,111.0,20.0,3.0,0.0
12982,16.0,1.0,0.0,0.0,0.0,142.0,20.0,3.0,0.030927835051546393
12983,35.0,1.0,0.0,0.0,0.0,116.0,10.0,4.0,0.10309278350515463
12984,3.0,1.0,0.0,1.0,1.0,134.0,19.0,4.0,0.010309278350515464
12985,7.0,1.0,0.0,0.0,1.0,265.0,21.0,4.0,0.041237113402061855
12986,34.0,1.0,0.0,0.0,0.0,148.0,8.0,5.0,0.08247422680412371
12987,5.0,1.0,0.0,0.0,1.0,98.0,11.0,5.0,0.010309278350515464
12988,2.0,1.0,0.0,0.0,0.0,110.0,12.0,5.0,0.0
12989,6.0,1.0,0.0,0.0,0.0,118.0,12.0,5.0,0.010309278350515464
12990,8.0,1.0,0.0,0.0,0.0,292.0,21.0,5.0,0.020618556701030927
12991,13.0,1.0,0.0,0.0,0.0,104.0,10.0,6.0,0.05154639175257732
12992,1.0,1.0,0.0,0.0,0.0,164.0,16.0,6.0,0.0
12993,3.0,1.0,0.0,0.0,1.0,211.0,16.0,6.0,0.0
12994,1.0,1.0,0.0,0.0,0.0,108.0,20.0,6.0,0.0
12995,2.0,1.0,0.0,0.0,1.0,211.0,21.0,6.0,0.0
12996,1.0,1.0,0.0,0.0,1.0,114.0,7.0,0.0,0.0
12997,5.0,1.0,0.0,0.0,0.0,122.0,7.0,0.0,0.010309278350515464
12998,7.0,1.0,0.0,0.0,0.0,94.0,8.0,0.0,0.020618556701030927
12999,2.0,1.0,0.0,0.0,1.0,143.0,9.0,0.0,0.0
13000,1.0,1.0,0.0,0.0,0.0,239.0,9.0,0.0,0.0
13001,3.0,1.0,0.0,0.0,0.0,103.0,9.0,0.0,0.0
13002,3.0,1.0,0.0,0.0,1.0,143.0,9.0,0.0,0.0
13003,1.0,1.0,0.0,0.0,0.0,292.0,9.0,0.0,0.0
13004,1.0,1.0,0.0,0.0,0.0,173.0,9.0,0.0,0.0
13005,1.0,1.0,0.0,0.0,0.0,223.0,9.0,0.0,0.0
13006,5.0,1.0,0.0,0.0,0.0,99.0,11.0,0.0,0.020618556701030927
13007,1.0,1.0,0.0,0.0,0.0,226.0,13.0,0.0,0.0
13008,1.0,1.0,0.0,0.0,0.0,158.0,13.0,0.0,0.0
13009,8.0,1.0,0.0,0.0,0.0,134.0,14.0,0.0,0.020618556701030927
13010,9.0,1.0,0.0,0.0,1.0,240.0,15.0,0.0,0.0
13011,2.0,1.0,0.0,0.0,1.0,287.0,17.0,0.0,0.0
13012,1.0,1.0,0.0,0.0,1.0,159.0,19.0,0.0,0.0
13013,2.0,1.0,0.0,0.0,0.0,116.0,19.0,0.0,0.0
13014,6.0,1.0,0.0,0.0,0.0,182.0,21.0,0.0,0.010309278350515464
13015,1.0,1.0,0.0,0.0,0.0,166.0,7.0,1.0,0.0
13016,7.0,1.0,0.0,0.0,0.0,208.0,10.0,1.0,0.0
13017,19.0,1.0,0.0,1.0,0.0,151.0,14.0,1.0,0.08247422680412371
13018,4.0,1.0,0.0,0.0,1.0,163.0,16.0,2.0,0.020618556701030927
13019,9.0,1.0,0.0,0.0,0.0,97.0,18.0,2.0,0.030927835051546393
13020,1.0,1.0,0.0,0.0,1.0,841.0,22.0,2.0,0.0
13021,6.0,1.0,0.0,0.0,0.0,215.0,23.0,2.0,0.0
13022,2.0,1.0,0.0,0.0,1.0,126.0,7.0,3.0,0.0
13023,2.0,1.0,0.0,0.0,0.0,220.0,7.0,3.0,0.0
13024,26.0,1.0,0.0,0.0,0.0,164.0,8.0,3.0,0.061855670103092786
13025,4.0,1.0,0.0,1.0,1.0,175.0,13.0,3.0,0.010309278350515464
13026,1.0,1.0,0.0,0.0,0.0,338.0,20.0,3.0,0.0
13027,7.0,1.0,0.0,0.0,0.0,134.0,20.0,3.0,0.030927835051546393
13028,6.0,1.0,0.0,0.0,0.0,125.0,10.0,4.0,0.0
13029,20.0,1.0,0.0,0.0,1.0,115.0,14.0,4.0,0.061855670103092786
13030,15.0,1.0,0.0,0.0,0.0,96.0,10.0,5.0,0.030927835051546393
13031,36.0,1.0,0.0,0.0,0.0,211.0,10.0,5.0,0.061855670103092786
13032,4.0,1.0,0.0,0.0,0.0,162.0,16.0,5.0,0.010309278350515464
13033,5.0,1.0,0.0,0.0,0.0,236.0,8.0,6.0,0.010309278350515464
13034,10.0,1.0,0.0,1.0,0.0,225.0,17.0,6.0,0.041237113402061855
13035,13.0,1.0,0.0,0.0,0.0,126.0,10.0,0.0,0.05154639175257732
13036,1.0,1.0,0.0,0.0,0.0,129.0,14.0,0.0,0.0
13037,1.0,1.0,0.0,1.0,0.0,112.0,16.0,0.0,0.0
13038,3.0,1.0,0.0,0.0,0.0,159.0,17.0,0.0,0.010309278350515464
13039,7.0,1.0,0.0,1.0,1.0,212.0,19.0,0.0,0.030927835051546393
13040,2.0,1.0,0.0,0.0,0.0,230.0,8.0,1.0,0.010309278350515464
13041,23.0,1.0,0.0,0.0,0.0,108.0,11.0,1.0,0.12371134020618557
13042,21.0,1.0,0.0,0.0,1.0,157.0,17.0,1.0,0.16494845360824742
13043,3.0,1.0,0.0,0.0,0.0,345.0,22.0,1.0,0.020618556701030927
13044,31.0,1.0,0.0,0.0,0.0,403.0,12.0,2.0,0.12371134020618557
13045,1.0,1.0,0.0,0.0,0.0,274.0,11.0,3.0,0.0
13046,14.0,1.0,0.0,1.0,0.0,263.0,11.0,3.0,0.020618556701030927
13047,4.0,1.0,0.0,0.0,1.0,133.0,14.0,3.0,0.020618556701030927
13048,2.0,1.0,0.0,0.0,0.0,156.0,17.0,3.0,0.0
13049,1.0,1.0,0.0,0.0,0.0,297.0,20.0,3.0,0.0
13050,6.0,1.0,0.0,0.0,0.0,274.0,20.0,3.0,0.041237113402061855
13051,8.0,1.0,0.0,0.0,1.0,189.0,17.0,4.0,0.030927835051546393
13052,4.0,1.0,0.0,0.0,0.0,116.0,8.0,5.0,0.010309278350515464
13053,1.0,1.0,0.0,0.0,1.0,121.0,16.0,5.0,0.0
13054,25.0,1.0,0.0,0.0,0.0,248.0,17.0,5.0,0.12371134020618557
13055,6.0,1.0,0.0,0.0,0.0,168.0,20.0,6.0,0.030927835051546393
13056,4.0,1.0,0.0,0.0,0.0,190.0,3.0,0.0,0.030927835051546393
13057,30.0,1.0,0.0,0.0,1.0,170.0,11.0,0.0,0.12371134020618557
13058,8.0,1.0,0.0,0.0,0.0,240.0,11.0,1.0,0.041237113402061855
13059,3.0,1.0,0.0,0.0,0.0,136.0,19.0,1.0,0.0
13060,3.0,1.0,0.0,0.0,0.0,240.0,20.0,1.0,0.0
13061,4.0,1.0,0.0,0.0,0.0,91.0,21.0,1.0,0.020618556701030927
13062,2.0,1.0,0.0,0.0,1.0,229.0,11.0,2.0,0.010309278350515464
13063,1.0,1.0,0.0,0.0,1.0,301.0,13.0,2.0,0.0
13064,5.0,1.0,0.0,0.0,0.0,260.0,13.0,2.0,0.0
13065,3.0,1.0,0.0,0.0,0.0,124.0,16.0,2.0,0.0
13066,3.0,1.0,0.0,0.0,1.0,160.0,17.0,2.0,0.0
13067,6.0,1.0,0.0,0.0,1.0,229.0,18.0,2.0,0.020618556701030927
13068,4.0,1.0,0.0,0.0,1.0,89.0,9.0,3.0,0.010309278350515464
13069,25.0,1.0,0.0,0.0,0.0,93.0,10.0,3.0,0.05154639175257732
13070,2.0,1.0,0.0,0.0,0.0,452.0,14.0,4.0,0.0
13071,4.0,1.0,0.0,0.0,0.0,240.0,16.0,4.0,0.020618556701030927
13072,1.0,1.0,0.0,0.0,0.0,240.0,21.0,4.0,0.0
13073,4.0,1.0,0.0,0.0,0.0,95.0,7.0,5.0,0.010309278350515464
13074,9.0,1.0,0.0,0.0,1.0,975.0,10.0,5.0,0.010309278350515464
13075,2.0,1.0,0.0,0.0,0.0,458.0,10.0,6.0,0.010309278350515464
13076,9.0,1.0,0.0,0.0,0.0,458.0,15.0,6.0,0.041237113402061855
13077,2.0,1.0,0.0,0.0,1.0,129.0,21.0,6.0,0.0
13078,5.0,1.0,0.0,0.0,0.0,142.0,7.0,0.0,0.020618556701030927
13079,11.0,1.0,0.0,0.0,0.0,161.0,9.0,0.0,0.061855670103092786
13080,1.0,1.0,0.0,0.0,0.0,525.0,8.0,1.0,0.0
13081,21.0,1.0,0.0,0.0,0.0,96.0,8.0,1.0,0.041237113402061855
13082,3.0,1.0,0.0,0.0,1.0,207.0,13.0,1.0,0.0
13083,2.0,1.0,0.0,0.0,1.0,130.0,14.0,1.0,0.0
13084,5.0,1.0,0.0,0.0,0.0,648.0,14.0,1.0,0.020618556701030927
13085,2.0,1.0,0.0,0.0,0.0,410.0,19.0,1.0,0.010309278350515464
13086,1.0,1.0,0.0,0.0,0.0,257.0,20.0,1.0,0.0
13087,1.0,1.0,0.0,0.0,0.0,216.0,20.0,1.0,0.0
13088,20.0,1.0,0.0,0.0,1.0,193.0,20.0,1.0,0.05154639175257732
13089,17.0,1.0,0.0,0.0,0.0,164.0,22.0,1.0,0.061855670103092786
13090,3.0,1.0,0.0,0.0,0.0,170.0,20.0,2.0,0.0
13091,1.0,1.0,0.0,0.0,0.0,510.0,20.0,2.0,0.0
13092,1.0,1.0,0.0,0.0,0.0,150.0,20.0,2.0,0.0
13093,4.0,1.0,0.0,0.0,1.0,130.0,21.0,2.0,0.020618556701030927
13094,8.0,1.0,0.0,0.0,0.0,95.0,7.0,3.0,0.020618556701030927
13095,1.0,1.0,0.0,0.0,0.0,109.0,8.0,3.0,0.0
13096,7.0,1.0,0.0,0.0,0.0,201.0,10.0,3.0,0.020618556701030927
13097,10.0,1.0,0.0,0.0,0.0,246.0,15.0,3.0,0.020618556701030927
13098,5.0,1.0,0.0,0.0,0.0,150.0,20.0,3.0,0.020618556701030927
13099,6.0,1.0,0.0,0.0,0.0,244.0,20.0,3.0,0.010309278350515464
13100,1.0,1.0,0.0,0.0,1.0,106.0,7.0,4.0,0.0
13101,1.0,1.0,0.0,0.0,0.0,150.0,7.0,4.0,0.0
13102,2.0,1.0,0.0,0.0,0.0,283.0,10.0,4.0,0.010309278350515464
13103,19.0,1.0,0.0,0.0,0.0,166.0,11.0,4.0,0.010309278350515464
13104,4.0,1.0,0.0,0.0,0.0,98.0,13.0,4.0,0.0
13105,3.0,1.0,0.0,0.0,0.0,224.0,15.0,4.0,0.010309278350515464
13106,15.0,1.0,0.0,0.0,0.0,183.0,17.0,4.0,0.05154639175257732
13107,47.0,1.0,0.0,0.0,0.0,151.0,6.0,5.0,0.09278350515463918
13108,26.0,1.0,0.0,0.0,0.0,122.0,19.0,5.0,0.05154639175257732
13109,14.0,1.0,0.0,0.0,0.0,147.0,19.0,6.0,0.041237113402061855
13110,1.0,1.0,0.0,0.0,0.0,507.0,13.0,0.0,0.0
13111,3.0,1.0,0.0,0.0,0.0,244.0,13.0,0.0,0.0
13112,9.0,1.0,0.0,0.0,0.0,509.0,13.0,0.0,0.030927835051546393
13113,5.0,1.0,0.0,0.0,0.0,421.0,21.0,0.0,0.041237113402061855
13114,6.0,1.0,0.0,0.0,0.0,102.0,8.0,1.0,0.020618556701030927
13115,9.0,1.0,0.0,0.0,1.0,108.0,12.0,1.0,0.041237113402061855
13116,4.0,1.0,0.0,0.0,1.0,159.0,13.0,1.0,0.010309278350515464
13117,2.0,1.0,0.0,0.0,0.0,179.0,8.0,2.0,0.0
13118,4.0,1.0,0.0,0.0,0.0,250.0,10.0,2.0,0.0
13119,2.0,1.0,0.0,0.0,0.0,113.0,14.0,2.0,0.010309278350515464
13120,2.0,1.0,0.0,0.0,0.0,128.0,16.0,2.0,0.0
13121,2.0,1.0,0.0,0.0,0.0,163.0,17.0,2.0,0.010309278350515464
13122,1.0,1.0,0.0,0.0,0.0,294.0,9.0,3.0,0.0
13123,2.0,1.0,0.0,0.0,0.0,164.0,9.0,3.0,0.0
13124,17.0,1.0,0.0,0.0,0.0,139.0,12.0,3.0,0.08247422680412371
13125,2.0,1.0,0.0,0.0,1.0,120.0,20.0,3.0,0.010309278350515464
13126,5.0,1.0,0.0,0.0,1.0,148.0,22.0,3.0,0.030927835051546393
13127,12.0,1.0,0.0,0.0,0.0,215.0,8.0,4.0,0.010309278350515464
13128,12.0,1.0,0.0,0.0,1.0,102.0,16.0,4.0,0.041237113402061855
13129,20.0,1.0,0.0,0.0,0.0,1342.0,20.0,5.0,0.020618556701030927
13130,19.0,1.0,0.0,0.0,1.0,347.0,22.0,6.0,0.07216494845360824
13131,11.0,1.0,0.0,0.0,0.0,383.0,8.0,1.0,0.010309278350515464
13132,19.0,1.0,0.0,0.0,1.0,103.0,17.0,1.0,0.12371134020618557
13133,3.0,1.0,0.0,0.0,0.0,206.0,13.0,2.0,0.0
13134,17.0,1.0,0.0,0.0,1.0,97.0,19.0,2.0,0.020618556701030927
13135,3.0,1.0,0.0,0.0,0.0,183.0,8.0,3.0,0.010309278350515464
13136,2.0,1.0,0.0,0.0,0.0,147.0,10.0,3.0,0.0
13137,4.0,1.0,0.0,0.0,0.0,89.0,12.0,3.0,0.010309278350515464
13138,1.0,1.0,0.0,0.0,0.0,108.0,13.0,3.0,0.0
13139,1.0,1.0,0.0,0.0,0.0,182.0,14.0,3.0,0.0
13140,20.0,1.0,0.0,0.0,0.0,312.0,19.0,3.0,0.061855670103092786
13141,10.0,1.0,0.0,0.0,0.0,132.0,17.0,4.0,0.030927835051546393
13142,5.0,1.0,0.0,0.0,1.0,663.0,9.0,5.0,0.010309278350515464
13143,3.0,1.0,0.0,0.0,0.0,116.0,11.0,5.0,0.020618556701030927
13144,7.0,1.0,0.0,0.0,1.0,152.0,11.0,5.0,0.020618556701030927
13145,7.0,1.0,0.0,0.0,0.0,225.0,18.0,5.0,0.05154639175257732
13146,2.0,1.0,0.0,0.0,0.0,109.0,11.0,6.0,0.010309278350515464
13147,3.0,1.0,0.0,0.0,0.0,108.0,12.0,6.0,0.020618556701030927
13148,15.0,1.0,0.0,0.0,0.0,1056.0,17.0,6.0,0.09278350515463918
13149,1.0,1.0,0.0,0.0,0.0,1219.0,20.0,0.0,0.0
13150,28.0,1.0,0.0,0.0,0.0,1223.0,20.0,0.0,0.1134020618556701
13151,8.0,1.0,0.0,0.0,0.0,1219.0,9.0,2.0,0.020618556701030927
13152,6.0,1.0,0.0,0.0,0.0,109.0,15.0,2.0,0.010309278350515464
13153,10.0,1.0,0.0,0.0,0.0,213.0,9.0,3.0,0.041237113402061855
13154,1.0,1.0,0.0,0.0,0.0,243.0,19.0,4.0,0.0
13155,25.0,1.0,0.0,0.0,0.0,518.0,19.0,4.0,0.030927835051546393
13156,9.0,1.0,0.0,0.0,0.0,171.0,9.0,6.0,0.020618556701030927
13157,2.0,1.0,0.0,0.0,1.0,102.0,21.0,6.0,0.0
13158,10.0,1.0,0.0,1.0,1.0,76.0,22.0,6.0,0.061855670103092786
13159,1.0,1.0,0.0,0.0,0.0,89.0,13.0,0.0,0.0
13160,20.0,1.0,0.0,0.0,0.0,207.0,14.0,0.0,0.13402061855670103
13161,7.0,1.0,0.0,0.0,0.0,128.0,12.0,1.0,0.030927835051546393
13162,6.0,1.0,0.0,0.0,1.0,90.0,15.0,1.0,0.041237113402061855
13163,12.0,1.0,0.0,0.0,1.0,90.0,16.0,1.0,0.041237113402061855
13164,60.0,1.0,0.0,0.0,0.0,146.0,8.0,2.0,0.16494845360824742
13165,10.0,1.0,0.0,0.0,0.0,298.0,20.0,2.0,0.030927835051546393
13166,1.0,1.0,0.0,1.0,0.0,116.0,13.0,3.0,0.0
13167,15.0,1.0,0.0,0.0,0.0,117.0,13.0,3.0,0.05154639175257732
13168,2.0,1.0,0.0,0.0,0.0,153.0,18.0,3.0,0.0
13169,3.0,1.0,0.0,0.0,0.0,170.0,20.0,3.0,0.0
13170,4.0,1.0,0.0,0.0,0.0,298.0,22.0,3.0,0.030927835051546393
13171,13.0,1.0,0.0,0.0,0.0,166.0,10.0,4.0,0.041237113402061855
13172,3.0,1.0,0.0,0.0,0.0,197.0,11.0,4.0,0.020618556701030927
13173,3.0,1.0,0.0,0.0,0.0,306.0,13.0,4.0,0.0
13174,3.0,1.0,0.0,0.0,0.0,181.0,13.0,4.0,0.0
13175,1.0,1.0,0.0,0.0,0.0,381.0,14.0,4.0,0.0
13176,13.0,1.0,0.0,0.0,0.0,104.0,14.0,4.0,0.05154639175257732
13177,5.0,1.0,0.0,0.0,0.0,148.0,16.0,4.0,0.020618556701030927
13178,3.0,1.0,0.0,0.0,0.0,310.0,19.0,4.0,0.010309278350515464
13179,3.0,1.0,0.0,0.0,1.0,191.0,20.0,4.0,0.0
13180,8.0,1.0,0.0,0.0,0.0,116.0,20.0,4.0,0.030927835051546393
13181,20.0,1.0,0.0,0.0,0.0,140.0,9.0,5.0,0.05154639175257732
13182,10.0,1.0,0.0,0.0,0.0,170.0,20.0,6.0,0.05154639175257732
13183,16.0,1.0,0.0,0.0,0.0,689.0,17.0,0.0,0.030927835051546393
13184,12.0,1.0,0.0,0.0,0.0,666.0,19.0,0.0,0.07216494845360824
13185,6.0,1.0,0.0,0.0,0.0,124.0,7.0,1.0,0.010309278350515464
13186,4.0,1.0,0.0,0.0,0.0,565.0,14.0,1.0,0.020618556701030927
13187,12.0,1.0,0.0,0.0,0.0,146.0,20.0,1.0,0.07216494845360824
13188,5.0,1.0,0.0,0.0,0.0,110.0,17.0,2.0,0.030927835051546393
13189,9.0,1.0,0.0,0.0,0.0,337.0,12.0,3.0,0.020618556701030927
13190,7.0,1.0,0.0,0.0,1.0,148.0,20.0,3.0,0.020618556701030927
13191,2.0,1.0,0.0,0.0,1.0,221.0,22.0,3.0,0.010309278350515464
13192,1.0,1.0,0.0,0.0,1.0,185.0,8.0,4.0,0.0
13193,2.0,1.0,0.0,0.0,1.0,143.0,8.0,4.0,0.0
13194,1.0,1.0,0.0,0.0,1.0,185.0,8.0,4.0,0.0
13195,3.0,1.0,0.0,0.0,1.0,143.0,8.0,4.0,0.0
13196,18.0,1.0,0.0,0.0,0.0,109.0,8.0,4.0,0.09278350515463918
13197,6.0,1.0,0.0,0.0,0.0,159.0,14.0,4.0,0.041237113402061855
13198,6.0,1.0,0.0,0.0,0.0,91.0,16.0,4.0,0.030927835051546393
13199,3.0,1.0,0.0,0.0,0.0,130.0,17.0,4.0,0.010309278350515464
13200,20.0,1.0,0.0,0.0,0.0,294.0,18.0,4.0,0.14432989690721648
13201,10.0,1.0,0.0,0.0,0.0,477.0,21.0,4.0,0.05154639175257732
13202,14.0,1.0,0.0,0.0,0.0,144.0,22.0,4.0,0.07216494845360824
13203,37.0,1.0,0.0,0.0,1.0,274.0,9.0,5.0,0.1134020618556701
13204,39.0,1.0,0.0,0.0,0.0,276.0,11.0,5.0,0.14432989690721648
13205,12.0,1.0,0.0,0.0,0.0,626.0,21.0,5.0,0.08247422680412371
13206,13.0,1.0,0.0,1.0,1.0,151.0,22.0,6.0,0.07216494845360824
13207,7.0,1.0,0.0,0.0,0.0,181.0,12.0,0.0,0.020618556701030927
13208,35.0,1.0,0.0,1.0,0.0,147.0,15.0,0.0,0.1958762886597938
13209,5.0,1.0,0.0,0.0,0.0,95.0,11.0,2.0,0.030927835051546393
13210,2.0,1.0,0.0,0.0,0.0,118.0,13.0,2.0,0.0
13211,3.0,1.0,0.0,0.0,0.0,170.0,14.0,2.0,0.0
13212,3.0,1.0,0.0,0.0,0.0,267.0,18.0,2.0,0.0
13213,10.0,1.0,0.0,1.0,1.0,285.0,19.0,2.0,0.07216494845360824
13214,16.0,1.0,0.0,0.0,0.0,170.0,11.0,3.0,0.05154639175257732
13215,4.0,1.0,0.0,0.0,0.0,263.0,18.0,3.0,0.030927835051546393
13216,5.0,1.0,0.0,0.0,0.0,178.0,9.0,4.0,0.030927835051546393
13217,3.0,1.0,0.0,0.0,1.0,107.0,17.0,4.0,0.020618556701030927
13218,1.0,1.0,0.0,0.0,0.0,293.0,20.0,4.0,0.0
13219,1.0,1.0,0.0,0.0,0.0,192.0,20.0,4.0,0.0
13220,7.0,1.0,0.0,0.0,0.0,185.0,20.0,4.0,0.05154639175257732
13221,5.0,1.0,0.0,0.0,1.0,128.0,6.0,5.0,0.030927835051546393
13222,25.0,1.0,0.0,0.0,1.0,143.0,11.0,5.0,0.10309278350515463
13223,1.0,1.0,0.0,0.0,1.0,860.0,19.0,6.0,0.0
13224,4.0,1.0,0.0,0.0,1.0,835.0,20.0,6.0,0.0
13225,2.0,1.0,0.0,0.0,0.0,110.0,22.0,6.0,0.010309278350515464
13226,9.0,1.0,0.0,0.0,0.0,128.0,10.0,0.0,0.05154639175257732
13227,6.0,1.0,0.0,0.0,1.0,115.0,13.0,0.0,0.030927835051546393
13228,1.0,1.0,0.0,0.0,0.0,93.0,14.0,0.0,0.0
13229,25.0,1.0,0.0,1.0,0.0,109.0,14.0,0.0,0.1134020618556701
13230,3.0,1.0,0.0,0.0,1.0,503.0,14.0,1.0,0.010309278350515464
13231,23.0,1.0,0.0,0.0,0.0,175.0,15.0,1.0,0.08247422680412371
13232,33.0,1.0,0.0,0.0,0.0,488.0,12.0,2.0,0.16494845360824742
13233,3.0,1.0,0.0,0.0,0.0,345.0,20.0,2.0,0.010309278350515464
13234,7.0,1.0,0.0,0.0,0.0,488.0,21.0,2.0,0.041237113402061855
13235,22.0,1.0,0.0,0.0,0.0,543.0,9.0,3.0,0.061855670103092786
13236,89.0,1.0,0.0,0.0,0.0,89.0,13.0,3.0,0.27835051546391754
13237,82.0,1.0,0.0,0.0,0.0,155.0,18.0,4.0,0.2268041237113402
13238,2.0,1.0,0.0,0.0,0.0,204.0,20.0,5.0,0.010309278350515464
13239,15.0,1.0,0.0,0.0,0.0,169.0,21.0,5.0,0.030927835051546393
13240,23.0,1.0,0.0,0.0,0.0,379.0,10.0,6.0,0.1134020618556701
13241,32.0,1.0,0.0,0.0,0.0,162.0,21.0,6.0,0.1958762886597938
13242,14.0,1.0,0.0,0.0,0.0,197.0,17.0,0.0,0.1134020618556701
13243,8.0,1.0,0.0,0.0,0.0,105.0,10.0,1.0,0.041237113402061855
13244,45.0,1.0,0.0,0.0,0.0,252.0,14.0,1.0,0.17525773195876287
13245,30.0,1.0,0.0,0.0,0.0,116.0,21.0,1.0,0.14432989690721648
13246,1.0,1.0,0.0,0.0,0.0,106.0,22.0,2.0,0.0
13247,2.0,1.0,0.0,0.0,0.0,114.0,6.0,3.0,0.0
13248,2.0,1.0,0.0,0.0,0.0,111.0,8.0,3.0,0.010309278350515464
13249,28.0,1.0,0.0,0.0,0.0,107.0,9.0,3.0,0.07216494845360824
13250,11.0,1.0,0.0,1.0,0.0,200.0,20.0,3.0,0.041237113402061855
13251,5.0,1.0,0.0,0.0,0.0,98.0,10.0,4.0,0.0
13252,6.0,1.0,0.0,0.0,0.0,129.0,11.0,4.0,0.020618556701030927
13253,7.0,1.0,0.0,0.0,0.0,126.0,15.0,4.0,0.05154639175257732
13254,3.0,1.0,0.0,0.0,0.0,111.0,18.0,4.0,0.010309278350515464
13255,1.0,1.0,0.0,0.0,1.0,103.0,18.0,4.0,0.0
13256,10.0,1.0,0.0,0.0,0.0,236.0,18.0,4.0,0.020618556701030927
13257,2.0,1.0,0.0,0.0,0.0,287.0,22.0,4.0,0.010309278350515464
13258,8.0,1.0,0.0,0.0,1.0,249.0,22.0,4.0,0.05154639175257732
13259,7.0,1.0,0.0,0.0,0.0,98.0,8.0,5.0,0.020618556701030927
13260,9.0,1.0,0.0,0.0,0.0,89.0,10.0,5.0,0.061855670103092786
13261,2.0,1.0,0.0,0.0,0.0,106.0,18.0,6.0,0.010309278350515464
13262,3.0,1.0,0.0,0.0,0.0,90.0,19.0,6.0,0.0
13263,1.0,1.0,0.0,0.0,0.0,103.0,20.0,6.0,0.0
13264,1.0,1.0,0.0,0.0,0.0,91.0,20.0,6.0,0.0
13265,9.0,1.0,0.0,0.0,0.0,98.0,20.0,6.0,0.010309278350515464
13266,3.0,1.0,0.0,0.0,0.0,374.0,22.0,6.0,0.0
13267,3.0,1.0,0.0,0.0,1.0,270.0,22.0,6.0,0.0
13268,3.0,1.0,0.0,0.0,1.0,101.0,6.0,0.0,0.020618556701030927
13269,9.0,1.0,0.0,0.0,1.0,858.0,9.0,0.0,0.061855670103092786
13270,3.0,1.0,0.0,0.0,0.0,117.0,17.0,0.0,0.0
13271,1.0,1.0,0.0,0.0,0.0,103.0,20.0,0.0,0.0
13272,7.0,1.0,0.0,0.0,0.0,106.0,22.0,0.0,0.05154639175257732
13273,22.0,1.0,0.0,0.0,1.0,292.0,12.0,1.0,0.041237113402061855
13274,36.0,1.0,0.0,0.0,0.0,776.0,22.0,1.0,0.16494845360824742
13275,1.0,1.0,0.0,0.0,0.0,178.0,20.0,3.0,0.0
13276,3.0,1.0,0.0,0.0,0.0,242.0,21.0,3.0,0.010309278350515464
13277,8.0,1.0,0.0,0.0,0.0,134.0,23.0,3.0,0.020618556701030927
13278,3.0,1.0,0.0,0.0,0.0,572.0,8.0,4.0,0.010309278350515464
13279,1.0,1.0,0.0,0.0,0.0,150.0,8.0,4.0,0.0
13280,5.0,1.0,0.0,0.0,0.0,134.0,8.0,4.0,0.0
13281,12.0,1.0,0.0,0.0,1.0,307.0,8.0,4.0,0.010309278350515464
13282,38.0,1.0,0.0,0.0,0.0,261.0,11.0,4.0,0.09278350515463918
13283,35.0,1.0,0.0,0.0,0.0,104.0,13.0,4.0,0.09278350515463918
13284,1.0,1.0,0.0,0.0,0.0,309.0,19.0,4.0,0.0
13285,16.0,1.0,0.0,0.0,1.0,190.0,22.0,4.0,0.09278350515463918
13286,1.0,1.0,0.0,0.0,0.0,155.0,20.0,5.0,0.0
13287,4.0,1.0,0.0,0.0,0.0,352.0,20.0,5.0,0.020618556701030927
13288,6.0,1.0,0.0,0.0,0.0,339.0,23.0,5.0,0.020618556701030927
13289,16.0,1.0,0.0,0.0,0.0,339.0,21.0,6.0,0.061855670103092786
13290,47.0,1.0,0.0,0.0,0.0,159.0,14.0,0.0,0.14432989690721648
13291,7.0,1.0,0.0,0.0,0.0,176.0,13.0,1.0,0.041237113402061855
13292,2.0,1.0,0.0,0.0,0.0,455.0,16.0,1.0,0.0
13293,41.0,1.0,0.0,0.0,0.0,116.0,17.0,1.0,0.32989690721649484
13294,12.0,1.0,0.0,0.0,0.0,116.0,10.0,2.0,0.07216494845360824
13295,3.0,1.0,0.0,0.0,0.0,330.0,13.0,3.0,0.020618556701030927
13296,6.0,1.0,0.0,0.0,0.0,130.0,20.0,3.0,0.05154639175257732
13297,5.0,1.0,0.0,0.0,0.0,300.0,0.0,4.0,0.020618556701030927
13298,2.0,1.0,0.0,0.0,0.0,2248.0,16.0,4.0,0.010309278350515464
13299,1.0,3.0,0.0,0.0,0.0,23.0,12.0,0.0,0.0
13300,16.0,3.0,0.0,0.0,0.0,90.0,12.0,0.0,0.13333333333333333
13301,56.0,3.0,0.0,0.0,0.0,93.0,19.0,1.0,0.3333333333333333
13302,75.0,3.0,0.0,0.0,1.0,114.0,11.0,6.0,0.4666666666666667
13303,13.0,3.0,0.0,0.0,0.0,90.0,16.0,0.0,0.3333333333333333
13304,52.0,3.0,0.0,0.0,1.0,132.0,11.0,1.0,0.5333333333333333
13305,62.0,3.0,0.0,0.0,0.0,333.0,21.0,1.0,0.7333333333333333
13306,30.0,3.0,0.0,0.0,0.0,249.0,16.0,3.0,0.7333333333333333
13307,75.0,3.0,0.0,0.0,0.0,119.0,20.0,0.0,0.8666666666666667
13308,1.0,3.0,0.0,0.0,0.0,114.0,16.0,6.0,0.0
13309,40.0,3.0,0.0,0.0,0.0,2.0,16.0,6.0,0.4444444444444444
13310,3.0,3.0,0.0,0.0,1.0,197.0,14.0,2.0,0.05555555555555555
13311,9.0,3.0,0.0,0.0,0.0,121.0,18.0,2.0,0.2222222222222222
13312,1.0,3.0,0.0,0.0,1.0,130.0,22.0,2.0,0.0
13313,29.0,3.0,0.0,0.0,0.0,141.0,18.0,3.0,0.3888888888888889
13314,42.0,3.0,0.0,0.0,1.0,117.0,12.0,1.0,0.5
13315,13.0,3.0,0.0,0.0,1.0,159.0,17.0,0.0,0.1111111111111111
13316,30.0,3.0,0.0,0.0,0.0,89.0,6.0,4.0,0.5
13317,16.0,3.0,0.0,0.0,0.0,141.0,22.0,3.0,0.2777777777777778
13318,50.0,3.0,0.0,0.0,1.0,114.0,19.0,2.0,0.6111111111111112
13319,1.0,3.0,0.0,0.0,0.0,142.0,21.0,1.0,0.0
13320,57.0,3.0,0.0,0.0,0.0,133.0,21.0,1.0,0.7777777777777778
13321,4.0,3.0,0.0,0.0,0.0,153.0,19.0,3.0,0.05555555555555555
13322,2.0,3.0,0.0,0.0,0.0,138.0,19.0,3.0,0.0
13323,12.0,3.0,0.0,0.0,0.0,92.0,19.0,3.0,0.3333333333333333
13324,13.0,3.0,0.0,0.0,1.0,90.0,20.0,4.0,0.2222222222222222
13325,23.0,3.0,0.0,0.0,0.0,98.0,17.0,1.0,0.5555555555555556
13326,11.0,3.0,0.0,0.0,0.0,90.0,18.0,2.0,0.2777777777777778
13327,12.0,3.0,0.0,0.0,0.0,90.0,22.0,2.0,0.2222222222222222
13328,7.0,3.0,0.0,0.0,0.0,150.0,12.0,3.0,0.05555555555555555
13329,46.0,3.0,0.0,0.0,0.0,126.0,21.0,3.0,0.7222222222222222
13330,9.0,3.0,0.0,0.0,0.0,101.0,12.0,2.0,0.3333333333333333
13331,49.0,3.0,0.0,0.0,1.0,233.0,21.0,2.0,0.6666666666666666
13332,8.0,3.0,0.0,0.0,1.0,260.0,13.0,4.0,0.16666666666666666
13333,36.0,3.0,0.0,0.0,0.0,110.0,20.0,2.0,0.7777777777777778
13334,97.0,3.0,0.0,0.0,0.0,337.0,23.0,3.0,0.7777777777777778
13335,3.0,3.0,0.0,0.0,0.0,99.0,8.0,3.0,0.0
13336,11.0,3.0,0.0,0.0,0.0,153.0,9.0,3.0,0.2222222222222222
13337,25.0,3.0,0.0,0.0,0.0,181.0,15.0,4.0,0.5555555555555556
13338,5.0,3.0,0.0,0.0,1.0,121.0,15.0,3.0,0.05555555555555555
13339,2.0,2.0,0.0,0.0,1.0,29.0,13.0,1.0,0.0
13340,11.0,2.0,0.0,0.0,1.0,208.0,13.0,1.0,0.08196721311475409
13341,8.0,2.0,0.0,1.0,0.0,106.0,11.0,3.0,0.04918032786885246
13342,2.0,2.0,0.0,0.0,0.0,636.0,9.0,1.0,0.01639344262295082
13343,4.0,2.0,0.0,0.0,0.0,286.0,5.0,2.0,0.03278688524590164
13344,5.0,2.0,0.0,0.0,0.0,91.0,11.0,2.0,0.01639344262295082
13345,3.0,2.0,0.0,0.0,0.0,91.0,11.0,2.0,0.03278688524590164
13346,7.0,2.0,0.0,0.0,1.0,155.0,11.0,2.0,0.06557377049180328
13347,1.0,2.0,0.0,0.0,1.0,197.0,12.0,2.0,0.0
13348,1.0,2.0,0.0,0.0,0.0,230.0,12.0,2.0,0.0
13349,26.0,2.0,0.0,0.0,0.0,146.0,12.0,2.0,0.16393442622950818
13350,7.0,2.0,0.0,0.0,0.0,150.0,3.0,1.0,0.08196721311475409
13351,4.0,2.0,0.0,1.0,0.0,128.0,4.0,1.0,0.04918032786885246
13352,9.0,2.0,0.0,0.0,0.0,115.0,5.0,1.0,0.06557377049180328
13353,9.0,2.0,0.0,0.0,0.0,102.0,8.0,1.0,0.13114754098360656
13354,8.0,2.0,0.0,0.0,0.0,107.0,10.0,1.0,0.06557377049180328
13355,1.0,2.0,0.0,0.0,1.0,115.0,21.0,2.0,0.0
13356,14.0,2.0,0.0,0.0,0.0,207.0,2.0,2.0,0.16393442622950818
13357,11.0,2.0,0.0,0.0,1.0,123.0,1.0,0.0,0.13114754098360656
13358,20.0,2.0,0.0,0.0,1.0,153.0,18.0,0.0,0.19672131147540983
13359,1.0,2.0,0.0,0.0,0.0,332.0,11.0,4.0,0.0
13360,20.0,2.0,0.0,0.0,0.0,109.0,11.0,4.0,0.11475409836065574
13361,13.0,2.0,0.0,0.0,1.0,333.0,8.0,4.0,0.08196721311475409
13362,22.0,2.0,0.0,0.0,0.0,123.0,9.0,4.0,0.04918032786885246
13363,4.0,2.0,0.0,0.0,0.0,209.0,9.0,4.0,0.01639344262295082
13364,27.0,2.0,0.0,0.0,1.0,91.0,9.0,4.0,0.21311475409836064
13365,1.0,2.0,0.0,0.0,1.0,469.0,11.0,1.0,0.0
13366,1.0,2.0,0.0,0.0,1.0,161.0,11.0,1.0,0.0
13367,3.0,2.0,0.0,0.0,0.0,403.0,1.0,2.0,0.03278688524590164
13368,46.0,2.0,0.0,0.0,0.0,98.0,2.0,1.0,0.21311475409836064
13369,4.0,2.0,0.0,0.0,0.0,168.0,7.0,1.0,0.01639344262295082
13370,39.0,2.0,0.0,0.0,0.0,100.0,10.0,1.0,0.22950819672131148
13371,1.0,2.0,0.0,0.0,1.0,187.0,3.0,3.0,0.0
13372,56.0,2.0,0.0,0.0,0.0,132.0,3.0,3.0,0.2459016393442623
13373,15.0,2.0,0.0,0.0,0.0,109.0,5.0,5.0,0.14754098360655737
13374,13.0,2.0,0.0,0.0,0.0,91.0,7.0,5.0,0.13114754098360656
13375,28.0,2.0,0.0,0.0,0.0,89.0,0.0,0.0,0.18032786885245902
13376,7.0,2.0,0.0,0.0,1.0,89.0,7.0,0.0,0.08196721311475409
13377,7.0,2.0,0.0,0.0,0.0,106.0,8.0,0.0,0.08196721311475409
13378,2.0,2.0,0.0,0.0,1.0,164.0,8.0,0.0,0.01639344262295082
13379,1.0,2.0,0.0,0.0,0.0,96.0,9.0,0.0,0.0
13380,20.0,2.0,0.0,1.0,0.0,97.0,9.0,0.0,0.13114754098360656
13381,25.0,2.0,0.0,0.0,0.0,120.0,1.0,1.0,0.18032786885245902
13382,25.0,2.0,0.0,0.0,0.0,117.0,8.0,1.0,0.11475409836065574
13383,6.0,2.0,0.0,0.0,1.0,162.0,9.0,1.0,0.08196721311475409
13384,4.0,2.0,0.0,0.0,0.0,237.0,9.0,1.0,0.04918032786885246
13385,14.0,2.0,0.0,0.0,0.0,104.0,10.0,1.0,0.11475409836065574
13386,10.0,2.0,0.0,0.0,0.0,121.0,3.0,2.0,0.03278688524590164
13387,3.0,2.0,0.0,0.0,0.0,276.0,5.0,2.0,0.01639344262295082
13388,8.0,2.0,0.0,0.0,0.0,137.0,7.0,2.0,0.08196721311475409
13389,19.0,2.0,0.0,0.0,0.0,119.0,8.0,2.0,0.16393442622950818
13390,6.0,2.0,0.0,0.0,0.0,227.0,21.0,3.0,0.06557377049180328
13391,29.0,2.0,0.0,0.0,1.0,205.0,11.0,4.0,0.18032786885245902
13392,6.0,2.0,0.0,0.0,0.0,104.0,4.0,4.0,0.04918032786885246
13393,6.0,2.0,0.0,0.0,0.0,120.0,6.0,3.0,0.06557377049180328
13394,1.0,2.0,0.0,0.0,0.0,209.0,8.0,3.0,0.0
13395,31.0,2.0,0.0,0.0,1.0,106.0,9.0,3.0,0.18032786885245902
13396,4.0,2.0,0.0,0.0,0.0,130.0,10.0,6.0,0.01639344262295082
13397,1.0,2.0,0.0,0.0,0.0,92.0,10.0,6.0,0.0
13398,4.0,2.0,0.0,0.0,0.0,430.0,11.0,6.0,0.03278688524590164
13399,3.0,2.0,0.0,0.0,0.0,99.0,11.0,6.0,0.03278688524590164
13400,6.0,2.0,0.0,0.0,1.0,129.0,12.0,6.0,0.04918032786885246
13401,1.0,2.0,0.0,0.0,0.0,91.0,1.0,0.0,0.0
13402,2.0,2.0,0.0,0.0,0.0,101.0,1.0,0.0,0.01639344262295082
13403,4.0,2.0,0.0,0.0,1.0,96.0,3.0,0.0,0.04918032786885246
13404,4.0,2.0,0.0,0.0,0.0,172.0,7.0,0.0,0.03278688524590164
13405,15.0,2.0,0.0,0.0,1.0,192.0,7.0,0.0,0.08196721311475409
13406,1.0,2.0,0.0,0.0,0.0,147.0,22.0,2.0,0.0
13407,31.0,2.0,0.0,0.0,0.0,112.0,22.0,2.0,0.2459016393442623
13408,11.0,2.0,0.0,0.0,0.0,137.0,5.0,0.0,0.11475409836065574
13409,28.0,2.0,0.0,0.0,0.0,259.0,9.0,0.0,0.21311475409836064
13410,5.0,1.0,0.0,0.0,1.0,3.0,7.0,2.0,0.043010752688172046
13411,22.0,1.0,0.0,0.0,0.0,421.0,14.0,2.0,0.11827956989247312
13412,2.0,1.0,0.0,0.0,0.0,105.0,20.0,3.0,0.010752688172043012
13413,6.0,1.0,0.0,0.0,1.0,119.0,21.0,3.0,0.021505376344086023
13414,5.0,1.0,0.0,0.0,0.0,129.0,9.0,4.0,0.03225806451612903
13415,2.0,1.0,0.0,1.0,0.0,112.0,15.0,4.0,0.010752688172043012
13416,15.0,1.0,0.0,0.0,0.0,129.0,19.0,4.0,0.07526881720430108
13417,29.0,1.0,0.0,0.0,0.0,299.0,8.0,6.0,0.11827956989247312
13418,16.0,1.0,0.0,0.0,0.0,224.0,6.0,0.0,0.0967741935483871
13419,1.0,1.0,0.0,0.0,1.0,367.0,23.0,0.0,0.0
13420,15.0,1.0,0.0,0.0,1.0,150.0,6.0,1.0,0.08602150537634409
13421,1.0,1.0,0.0,0.0,0.0,135.0,20.0,2.0,0.0
13422,2.0,1.0,0.0,0.0,0.0,282.0,21.0,2.0,0.010752688172043012
13423,1.0,1.0,0.0,0.0,1.0,306.0,0.0,3.0,0.0
13424,23.0,1.0,0.0,0.0,1.0,96.0,6.0,3.0,0.0967741935483871
13425,27.0,1.0,0.0,0.0,0.0,93.0,20.0,3.0,0.11827956989247312
13426,3.0,1.0,0.0,0.0,1.0,975.0,11.0,5.0,0.021505376344086023
13427,62.0,1.0,0.0,0.0,1.0,227.0,14.0,5.0,0.1935483870967742
13428,3.0,1.0,0.0,0.0,0.0,251.0,18.0,1.0,0.010752688172043012
13429,17.0,1.0,0.0,0.0,0.0,138.0,21.0,1.0,0.10752688172043011
13430,17.0,1.0,0.0,0.0,0.0,510.0,20.0,2.0,0.10752688172043011
13431,7.0,1.0,0.0,0.0,0.0,398.0,13.0,3.0,0.03225806451612903
13432,2.0,1.0,0.0,0.0,0.0,132.0,16.0,3.0,0.0
13433,18.0,1.0,0.0,0.0,0.0,89.0,22.0,3.0,0.11827956989247312
13434,6.0,1.0,0.0,0.0,0.0,198.0,22.0,4.0,0.03225806451612903
13435,16.0,1.0,0.0,0.0,0.0,105.0,11.0,5.0,0.0967741935483871
13436,24.0,1.0,0.0,0.0,1.0,225.0,10.0,0.0,0.043010752688172046
13437,8.0,1.0,0.0,0.0,0.0,233.0,21.0,0.0,0.043010752688172046
13438,7.0,1.0,0.0,0.0,1.0,235.0,17.0,1.0,0.021505376344086023
13439,2.0,1.0,0.0,0.0,1.0,155.0,19.0,1.0,0.010752688172043012
13440,17.0,1.0,0.0,0.0,0.0,164.0,6.0,2.0,0.0967741935483871
13441,9.0,1.0,0.0,0.0,1.0,828.0,8.0,3.0,0.053763440860215055
13442,6.0,1.0,0.0,0.0,1.0,148.0,22.0,3.0,0.03225806451612903
13443,17.0,1.0,0.0,0.0,0.0,328.0,10.0,4.0,0.053763440860215055
13444,25.0,1.0,0.0,0.0,0.0,356.0,11.0,5.0,0.08602150537634409
13445,9.0,1.0,0.0,0.0,0.0,120.0,20.0,6.0,0.043010752688172046
13446,12.0,1.0,0.0,0.0,0.0,550.0,0.0,0.0,0.06451612903225806
13447,29.0,1.0,0.0,0.0,0.0,243.0,18.0,0.0,0.15053763440860216
13448,46.0,1.0,0.0,0.0,0.0,141.0,15.0,2.0,0.13978494623655913
13449,32.0,1.0,0.0,0.0,0.0,265.0,22.0,4.0,0.08602150537634409
13450,5.0,1.0,0.0,0.0,1.0,152.0,11.0,5.0,0.03225806451612903
13451,1.0,1.0,0.0,0.0,0.0,222.0,14.0,5.0,0.0
13452,5.0,1.0,0.0,0.0,1.0,100.0,15.0,5.0,0.021505376344086023
13453,1.0,1.0,0.0,0.0,0.0,163.0,20.0,5.0,0.0
13454,4.0,1.0,0.0,0.0,0.0,483.0,22.0,5.0,0.021505376344086023
13455,10.0,1.0,0.0,0.0,0.0,91.0,10.0,6.0,0.06451612903225806
13456,9.0,1.0,0.0,0.0,1.0,152.0,16.0,6.0,0.06451612903225806
13457,3.0,1.0,0.0,0.0,0.0,222.0,11.0,0.0,0.0
13458,7.0,1.0,0.0,0.0,0.0,222.0,11.0,0.0,0.021505376344086023
13459,6.0,1.0,0.0,0.0,0.0,1219.0,20.0,0.0,0.03225806451612903
13460,15.0,1.0,0.0,0.0,0.0,396.0,21.0,0.0,0.10752688172043011
13461,1.0,1.0,0.0,0.0,1.0,116.0,20.0,2.0,0.0
13462,16.0,1.0,0.0,0.0,0.0,107.0,21.0,2.0,0.08602150537634409
13463,8.0,1.0,0.0,0.0,0.0,147.0,21.0,3.0,0.010752688172043012
13464,49.0,1.0,0.0,0.0,1.0,316.0,7.0,4.0,0.15053763440860216
13465,14.0,1.0,0.0,0.0,0.0,187.0,8.0,6.0,0.021505376344086023
13466,8.0,1.0,0.0,0.0,0.0,216.0,18.0,6.0,0.06451612903225806
13467,3.0,1.0,0.0,0.0,0.0,154.0,20.0,6.0,0.021505376344086023
13468,8.0,1.0,0.0,0.0,0.0,154.0,23.0,6.0,0.07526881720430108
13469,53.0,1.0,0.0,0.0,0.0,273.0,17.0,0.0,0.23655913978494625
13470,39.0,1.0,0.0,0.0,0.0,192.0,9.0,2.0,0.17204301075268819
13471,1.0,1.0,0.0,0.0,0.0,366.0,9.0,3.0,0.0
13472,52.0,1.0,0.0,0.0,0.0,305.0,12.0,3.0,0.13978494623655913
13473,11.0,1.0,0.0,0.0,0.0,283.0,7.0,6.0,0.0967741935483871
13474,61.0,1.0,0.0,0.0,0.0,134.0,8.0,0.0,0.16129032258064516
13475,14.0,1.0,0.0,0.0,0.0,118.0,8.0,1.0,0.08602150537634409
13476,4.0,1.0,0.0,1.0,0.0,103.0,16.0,2.0,0.021505376344086023
13477,3.0,1.0,0.0,0.0,0.0,216.0,7.0,3.0,0.010752688172043012
13478,1.0,1.0,0.0,0.0,0.0,90.0,9.0,3.0,0.0
13479,10.0,1.0,0.0,0.0,1.0,339.0,9.0,3.0,0.06451612903225806
13480,11.0,1.0,0.0,0.0,0.0,103.0,7.0,4.0,0.021505376344086023
13481,2.0,1.0,0.0,0.0,0.0,514.0,14.0,4.0,0.010752688172043012
13482,8.0,1.0,0.0,0.0,0.0,104.0,16.0,4.0,0.021505376344086023
13483,2.0,1.0,0.0,0.0,0.0,294.0,18.0,4.0,0.010752688172043012
13484,21.0,1.0,0.0,0.0,0.0,294.0,18.0,4.0,0.043010752688172046
13485,3.0,1.0,0.0,0.0,0.0,149.0,20.0,4.0,0.010752688172043012
13486,66.0,1.0,0.0,0.0,0.0,248.0,22.0,4.0,0.17204301075268819
13487,21.0,1.0,0.0,0.0,0.0,91.0,13.0,5.0,0.07526881720430108
13488,27.0,1.0,0.0,1.0,1.0,386.0,19.0,5.0,0.1827956989247312
13489,19.0,1.0,0.0,0.0,1.0,131.0,21.0,6.0,0.12903225806451613
13490,7.0,1.0,0.0,0.0,0.0,342.0,13.0,0.0,0.053763440860215055
13491,2.0,1.0,0.0,0.0,0.0,194.0,22.0,0.0,0.010752688172043012
13492,13.0,1.0,0.0,0.0,0.0,144.0,23.0,0.0,0.10752688172043011
13493,1.0,1.0,0.0,0.0,0.0,163.0,10.0,1.0,0.0
13494,4.0,1.0,0.0,0.0,1.0,132.0,10.0,1.0,0.03225806451612903
13495,13.0,1.0,0.0,1.0,0.0,247.0,16.0,1.0,0.043010752688172046
13496,35.0,1.0,0.0,0.0,0.0,95.0,11.0,2.0,0.0967741935483871
13497,5.0,1.0,0.0,0.0,0.0,627.0,8.0,4.0,0.043010752688172046
13498,32.0,1.0,0.0,0.0,1.0,159.0,11.0,4.0,0.0967741935483871
13499,1.0,1.0,0.0,0.0,0.0,156.0,22.0,4.0,0.0
13500,7.0,1.0,0.0,0.0,1.0,104.0,22.0,4.0,0.03225806451612903
13501,23.0,1.0,0.0,0.0,1.0,128.0,6.0,5.0,0.0967741935483871
13502,18.0,1.0,0.0,0.0,0.0,165.0,20.0,5.0,0.053763440860215055
13503,3.0,1.0,0.0,0.0,0.0,110.0,22.0,6.0,0.010752688172043012
13504,25.0,1.0,0.0,1.0,0.0,97.0,23.0,6.0,0.10752688172043011
13505,7.0,1.0,0.0,0.0,0.0,358.0,15.0,0.0,0.053763440860215055
13506,23.0,1.0,0.0,0.0,0.0,104.0,17.0,0.0,0.053763440860215055
13507,1.0,1.0,0.0,0.0,1.0,182.0,9.0,1.0,0.0
13508,28.0,1.0,0.0,0.0,1.0,182.0,10.0,1.0,0.08602150537634409
13509,2.0,1.0,0.0,0.0,1.0,286.0,19.0,1.0,0.010752688172043012
13510,9.0,1.0,0.0,0.0,1.0,169.0,21.0,1.0,0.043010752688172046
13511,14.0,1.0,0.0,0.0,1.0,171.0,9.0,2.0,0.07526881720430108
13512,65.0,1.0,0.0,0.0,1.0,600.0,18.0,2.0,0.16129032258064516
13513,11.0,1.0,0.0,0.0,0.0,171.0,11.0,4.0,0.03225806451612903
13514,8.0,1.0,0.0,0.0,0.0,285.0,12.0,4.0,0.043010752688172046
13515,24.0,1.0,0.0,0.0,0.0,242.0,14.0,4.0,0.08602150537634409
13516,96.0,1.0,0.0,0.0,1.0,147.0,6.0,5.0,0.3010752688172043
13517,5.0,1.0,0.0,0.0,0.0,146.0,8.0,0.0,0.021505376344086023
13518,1.0,1.0,0.0,0.0,0.0,152.0,12.0,0.0,0.0
13519,69.0,1.0,0.0,1.0,0.0,217.0,13.0,0.0,0.22580645161290322
13520,3.0,1.0,0.0,0.0,0.0,114.0,6.0,3.0,0.010752688172043012
13521,17.0,1.0,0.0,0.0,0.0,119.0,7.0,3.0,0.03225806451612903
13522,3.0,1.0,0.0,0.0,0.0,246.0,10.0,3.0,0.021505376344086023
13523,21.0,1.0,0.0,0.0,0.0,124.0,13.0,3.0,0.06451612903225806
13524,10.0,1.0,0.0,0.0,0.0,107.0,12.0,4.0,0.07526881720430108
13525,25.0,1.0,0.0,0.0,0.0,1219.0,21.0,4.0,0.12903225806451613
13526,54.0,1.0,0.0,0.0,1.0,89.0,14.0,6.0,0.21505376344086022
13527,7.0,1.0,0.0,0.0,0.0,248.0,17.0,1.0,0.043010752688172046
13528,2.0,1.0,0.0,0.0,0.0,132.0,21.0,1.0,0.0
13529,1.0,1.0,0.0,0.0,0.0,776.0,22.0,1.0,0.0
13530,2.0,1.0,0.0,0.0,0.0,776.0,7.0,2.0,0.010752688172043012
13531,37.0,1.0,0.0,0.0,0.0,331.0,13.0,2.0,0.10752688172043011
13532,5.0,1.0,0.0,0.0,0.0,108.0,22.0,3.0,0.021505376344086023
13533,4.0,1.0,0.0,0.0,0.0,162.0,8.0,4.0,0.03225806451612903
13534,12.0,1.0,0.0,0.0,0.0,89.0,11.0,4.0,0.06451612903225806
13535,22.0,1.0,0.0,0.0,0.0,288.0,13.0,4.0,0.13978494623655913
13536,15.0,1.0,0.0,0.0,0.0,104.0,16.0,5.0,0.08602150537634409
13537,12.0,1.0,0.0,0.0,0.0,93.0,21.0,6.0,0.043010752688172046
13538,29.0,1.0,0.0,0.0,0.0,283.0,11.0,0.0,0.08602150537634409
13539,59.0,1.0,0.0,0.0,0.0,89.0,13.0,1.0,0.15053763440860216
13540,1.0,1.0,0.0,0.0,0.0,212.0,11.0,2.0,0.0
13541,8.0,1.0,0.0,0.0,0.0,212.0,12.0,2.0,0.053763440860215055
13542,3.0,1.0,0.0,0.0,0.0,212.0,15.0,2.0,0.021505376344086023
13543,3.0,1.0,0.0,0.0,0.0,140.0,15.0,2.0,0.010752688172043012
13544,5.0,1.0,0.0,0.0,0.0,330.0,19.0,2.0,0.03225806451612903
13545,13.0,1.0,0.0,0.0,0.0,114.0,9.0,3.0,0.11827956989247312
13546,2.0,1.0,0.0,0.0,0.0,2248.0,16.0,4.0,0.010752688172043012
13547,2.0,2.0,0.0,0.0,1.0,29.0,13.0,1.0,0.0
13548,11.0,2.0,0.0,0.0,1.0,208.0,13.0,1.0,0.05434782608695652
13549,8.0,2.0,0.0,1.0,0.0,106.0,11.0,3.0,0.03260869565217391
13550,2.0,2.0,0.0,0.0,0.0,636.0,9.0,1.0,0.010869565217391304
13551,4.0,2.0,0.0,0.0,0.0,286.0,5.0,2.0,0.021739130434782608
13552,5.0,2.0,0.0,0.0,0.0,91.0,11.0,2.0,0.010869565217391304
13553,3.0,2.0,0.0,0.0,0.0,91.0,11.0,2.0,0.021739130434782608
13554,7.0,2.0,0.0,0.0,1.0,155.0,11.0,2.0,0.043478260869565216
13555,1.0,2.0,0.0,0.0,1.0,197.0,12.0,2.0,0.0
13556,1.0,2.0,0.0,0.0,0.0,230.0,12.0,2.0,0.0
13557,26.0,2.0,0.0,0.0,0.0,146.0,12.0,2.0,0.10869565217391304
13558,7.0,2.0,0.0,0.0,0.0,150.0,3.0,1.0,0.05434782608695652
13559,4.0,2.0,0.0,1.0,0.0,128.0,4.0,1.0,0.03260869565217391
13560,9.0,2.0,0.0,0.0,0.0,115.0,5.0,1.0,0.043478260869565216
13561,9.0,2.0,0.0,0.0,0.0,102.0,8.0,1.0,0.08695652173913043
13562,8.0,2.0,0.0,0.0,0.0,107.0,10.0,1.0,0.043478260869565216
13563,1.0,2.0,0.0,0.0,1.0,115.0,21.0,2.0,0.0
13564,14.0,2.0,0.0,0.0,0.0,207.0,2.0,2.0,0.10869565217391304
13565,11.0,2.0,0.0,0.0,1.0,123.0,1.0,0.0,0.08695652173913043
13566,20.0,2.0,0.0,0.0,1.0,153.0,18.0,0.0,0.13043478260869565
13567,1.0,2.0,0.0,0.0,0.0,332.0,11.0,4.0,0.0
13568,20.0,2.0,0.0,0.0,0.0,109.0,11.0,4.0,0.07608695652173914
13569,13.0,2.0,0.0,0.0,1.0,333.0,8.0,4.0,0.05434782608695652
13570,22.0,2.0,0.0,0.0,0.0,123.0,9.0,4.0,0.03260869565217391
13571,4.0,2.0,0.0,0.0,0.0,209.0,9.0,4.0,0.010869565217391304
13572,27.0,2.0,0.0,0.0,1.0,91.0,9.0,4.0,0.14130434782608695
13573,1.0,2.0,0.0,0.0,1.0,469.0,11.0,1.0,0.0
13574,1.0,2.0,0.0,0.0,1.0,161.0,11.0,1.0,0.0
13575,3.0,2.0,0.0,0.0,0.0,403.0,1.0,2.0,0.021739130434782608
13576,46.0,2.0,0.0,0.0,0.0,98.0,2.0,1.0,0.14130434782608695
13577,4.0,2.0,0.0,0.0,0.0,168.0,7.0,1.0,0.010869565217391304
13578,39.0,2.0,0.0,0.0,0.0,100.0,10.0,1.0,0.15217391304347827
13579,1.0,2.0,0.0,0.0,1.0,187.0,3.0,3.0,0.0
13580,56.0,2.0,0.0,0.0,0.0,132.0,3.0,3.0,0.16304347826086957
13581,15.0,2.0,0.0,0.0,0.0,109.0,5.0,5.0,0.09782608695652174
13582,13.0,2.0,0.0,0.0,0.0,91.0,7.0,5.0,0.08695652173913043
13583,28.0,2.0,0.0,0.0,0.0,89.0,0.0,0.0,0.11956521739130435
13584,7.0,2.0,0.0,0.0,1.0,89.0,7.0,0.0,0.05434782608695652
13585,7.0,2.0,0.0,0.0,0.0,106.0,8.0,0.0,0.05434782608695652
13586,2.0,2.0,0.0,0.0,1.0,164.0,8.0,0.0,0.010869565217391304
13587,1.0,2.0,0.0,0.0,0.0,96.0,9.0,0.0,0.0
13588,20.0,2.0,0.0,1.0,0.0,97.0,9.0,0.0,0.08695652173913043
13589,25.0,2.0,0.0,0.0,0.0,120.0,1.0,1.0,0.11956521739130435
13590,25.0,2.0,0.0,0.0,0.0,117.0,8.0,1.0,0.07608695652173914
13591,6.0,2.0,0.0,0.0,1.0,162.0,9.0,1.0,0.05434782608695652
13592,4.0,2.0,0.0,0.0,0.0,237.0,9.0,1.0,0.03260869565217391
13593,14.0,2.0,0.0,0.0,0.0,104.0,10.0,1.0,0.07608695652173914
13594,10.0,2.0,0.0,0.0,0.0,121.0,3.0,2.0,0.021739130434782608
13595,3.0,2.0,0.0,0.0,0.0,276.0,5.0,2.0,0.010869565217391304
13596,8.0,2.0,0.0,0.0,0.0,137.0,7.0,2.0,0.05434782608695652
13597,19.0,2.0,0.0,0.0,0.0,119.0,8.0,2.0,0.10869565217391304
13598,6.0,2.0,0.0,0.0,0.0,227.0,21.0,3.0,0.043478260869565216
13599,29.0,2.0,0.0,0.0,1.0,205.0,11.0,4.0,0.11956521739130435
13600,6.0,2.0,0.0,0.0,0.0,104.0,4.0,4.0,0.03260869565217391
13601,6.0,2.0,0.0,0.0,0.0,120.0,6.0,3.0,0.043478260869565216
13602,1.0,2.0,0.0,0.0,0.0,209.0,8.0,3.0,0.0
13603,31.0,2.0,0.0,0.0,1.0,106.0,9.0,3.0,0.11956521739130435
13604,4.0,2.0,0.0,0.0,0.0,130.0,10.0,6.0,0.010869565217391304
13605,1.0,2.0,0.0,0.0,0.0,92.0,10.0,6.0,0.0
13606,4.0,2.0,0.0,0.0,0.0,430.0,11.0,6.0,0.021739130434782608
13607,3.0,2.0,0.0,0.0,0.0,99.0,11.0,6.0,0.021739130434782608
13608,6.0,2.0,0.0,0.0,1.0,129.0,12.0,6.0,0.03260869565217391
13609,1.0,2.0,0.0,0.0,0.0,91.0,1.0,0.0,0.0
13610,2.0,2.0,0.0,0.0,0.0,101.0,1.0,0.0,0.010869565217391304
13611,4.0,2.0,0.0,0.0,1.0,96.0,3.0,0.0,0.03260869565217391
13612,4.0,2.0,0.0,0.0,0.0,172.0,7.0,0.0,0.021739130434782608
13613,15.0,2.0,0.0,0.0,1.0,192.0,7.0,0.0,0.05434782608695652
13614,1.0,2.0,0.0,0.0,0.0,147.0,22.0,2.0,0.0
13615,31.0,2.0,0.0,0.0,0.0,112.0,22.0,2.0,0.16304347826086957
13616,11.0,2.0,0.0,0.0,0.0,137.0,5.0,0.0,0.07608695652173914
13617,38.0,2.0,0.0,0.0,0.0,259.0,9.0,0.0,0.1956521739130435
13618,37.0,2.0,0.0,0.0,1.0,114.0,3.0,3.0,0.15217391304347827
13619,1.0,2.0,0.0,0.0,0.0,241.0,3.0,0.0,0.0
13620,17.0,2.0,0.0,0.0,1.0,119.0,4.0,2.0,0.13043478260869565
13621,19.0,2.0,0.0,0.0,0.0,126.0,2.0,0.0,0.09782608695652174
13622,16.0,2.0,0.0,0.0,0.0,96.0,1.0,4.0,0.10869565217391304
13623,77.0,2.0,0.0,0.0,1.0,122.0,11.0,2.0,0.21739130434782608
13624,5.0,2.0,0.0,0.0,0.0,141.0,3.0,0.0,0.021739130434782608
13625,66.0,2.0,0.0,0.0,0.0,134.0,6.0,0.0,0.25
13626,6.0,2.0,0.0,0.0,1.0,119.0,11.0,2.0,0.05434782608695652
13627,8.0,3.0,1.0,0.0,0.0,0.0,13.0,1.0,0.3125
13628,17.0,3.0,0.0,0.0,0.0,232.0,18.0,1.0,0.375
13629,51.0,3.0,0.0,0.0,0.0,111.0,0.0,3.0,0.75
13630,1.0,3.0,0.0,0.0,0.0,303.0,21.0,2.0,0.0
13631,1.0,3.0,0.0,0.0,0.0,207.0,21.0,2.0,0.0
13632,1.0,3.0,0.0,0.0,0.0,171.0,21.0,2.0,0.0
13633,1.0,3.0,0.0,0.0,0.0,115.0,23.0,2.0,0.0
13634,1.0,3.0,0.0,0.0,0.0,341.0,23.0,2.0,0.0
13635,18.0,3.0,0.0,0.0,0.0,147.0,23.0,2.0,0.5
13636,4.0,3.0,0.0,0.0,1.0,100.0,18.0,0.0,0.0625
13637,2.0,3.0,0.0,0.0,0.0,170.0,12.0,4.0,0.0
13638,6.0,3.0,0.0,0.0,0.0,155.0,13.0,4.0,0.0625
13639,14.0,3.0,0.0,0.0,0.0,98.0,14.0,4.0,0.3125
13640,4.0,3.0,0.0,0.0,0.0,111.0,15.0,0.0,0.0625
13641,2.0,3.0,0.0,0.0,0.0,145.0,16.0,0.0,0.0
13642,1.0,3.0,0.0,0.0,0.0,182.0,16.0,0.0,0.0
13643,19.0,3.0,0.0,0.0,0.0,145.0,18.0,0.0,0.4375
13644,15.0,3.0,0.0,0.0,1.0,88.0,17.0,3.0,0.375
13645,1.0,3.0,0.0,0.0,0.0,119.0,22.0,6.0,0.0
13646,3.0,3.0,0.0,0.0,0.0,201.0,23.0,6.0,0.0625
13647,1.0,3.0,0.0,0.0,0.0,104.0,0.0,2.0,0.0
13648,46.0,3.0,0.0,0.0,0.0,202.0,10.0,2.0,0.625
13649,1.0,3.0,0.0,0.0,1.0,186.0,13.0,5.0,0.0
13650,1.0,3.0,0.0,0.0,1.0,112.0,13.0,5.0,0.0
13651,44.0,3.0,0.0,0.0,0.0,158.0,16.0,5.0,0.625
13652,57.0,3.0,0.0,0.0,0.0,238.0,19.0,4.0,0.625
13653,87.0,3.0,0.0,0.0,0.0,164.0,8.0,1.0,0.8125
13654,1.0,3.0,0.0,0.0,0.0,113.0,20.0,1.0,0.0
13655,7.0,3.0,0.0,0.0,0.0,232.0,20.0,1.0,0.3125
13656,66.0,3.0,0.0,0.0,0.0,92.0,21.0,3.0,0.625
13657,3.0,3.0,0.0,0.0,0.0,231.0,14.0,0.0,0.125
13658,5.0,3.0,1.0,0.0,0.0,0.0,19.0,1.0,0.25
13659,18.0,3.0,0.0,0.0,0.0,91.0,19.0,1.0,0.5
13660,11.0,3.0,0.0,0.0,1.0,439.0,16.0,5.0,0.25
13661,1.0,3.0,0.0,0.0,0.0,327.0,21.0,2.0,0.0
13662,2.0,3.0,0.0,0.0,0.0,155.0,21.0,2.0,0.125
13663,3.0,3.0,0.0,0.0,1.0,183.0,23.0,2.0,0.125
13664,6.0,3.0,0.0,0.0,0.0,410.0,23.0,2.0,0.625
13665,7.0,3.0,0.0,0.0,0.0,123.0,22.0,4.0,0.375
13666,11.0,3.0,0.0,0.0,0.0,102.0,17.0,2.0,0.375
13667,6.0,3.0,0.0,0.0,0.0,103.0,13.0,5.0,0.125
13668,4.0,3.0,0.0,0.0,1.0,147.0,17.0,2.0,0.125
13669,4.0,3.0,0.0,0.0,1.0,152.0,18.0,2.0,0.125
13670,15.0,3.0,0.0,0.0,0.0,135.0,18.0,2.0,0.5
13671,8.0,3.0,0.0,0.0,0.0,124.0,16.0,5.0,0.375
13672,4.0,1.0,0.0,0.0,1.0,3.0,19.0,4.0,0.023622047244094488
13673,48.0,1.0,0.0,0.0,1.0,94.0,19.0,4.0,0.1732283464566929
13674,47.0,1.0,0.0,0.0,0.0,166.0,8.0,5.0,0.16535433070866143
13675,2.0,1.0,0.0,0.0,0.0,196.0,18.0,5.0,0.007874015748031496
13676,3.0,1.0,0.0,0.0,0.0,148.0,19.0,5.0,0.007874015748031496
13677,45.0,1.0,0.0,0.0,1.0,122.0,20.0,5.0,0.12598425196850394
13678,23.0,1.0,0.0,0.0,0.0,267.0,14.0,0.0,0.11023622047244094
13679,7.0,1.0,0.0,0.0,1.0,172.0,15.0,3.0,0.047244094488188976
13680,28.0,1.0,0.0,0.0,0.0,90.0,20.0,3.0,0.11811023622047244
13681,1.0,1.0,0.0,0.0,0.0,109.0,21.0,6.0,0.0
13682,1.0,1.0,0.0,0.0,0.0,171.0,21.0,6.0,0.0
13683,4.0,1.0,0.0,0.0,0.0,114.0,22.0,6.0,0.015748031496062992
13684,74.0,1.0,0.0,0.0,1.0,225.0,7.0,1.0,0.23622047244094488
13685,35.0,1.0,0.0,0.0,0.0,612.0,21.0,4.0,0.11811023622047244
13686,12.0,1.0,0.0,0.0,1.0,170.0,10.0,6.0,0.047244094488188976
13687,47.0,1.0,0.0,0.0,0.0,90.0,11.0,6.0,0.14173228346456693
13688,50.0,1.0,0.0,0.0,1.0,131.0,11.0,6.0,0.2283464566929134
13689,1.0,1.0,0.0,0.0,0.0,163.0,9.0,1.0,0.0
13690,6.0,1.0,0.0,0.0,0.0,163.0,9.0,1.0,0.023622047244094488
13691,36.0,1.0,0.0,0.0,0.0,163.0,10.0,1.0,0.11023622047244094
13692,6.0,1.0,0.0,0.0,1.0,238.0,14.0,2.0,0.015748031496062992
13693,1.0,1.0,0.0,0.0,0.0,256.0,19.0,2.0,0.0
13694,6.0,1.0,0.0,0.0,0.0,2429.0,19.0,2.0,0.03937007874015748
13695,3.0,1.0,0.0,0.0,0.0,349.0,12.0,3.0,0.0
13696,7.0,1.0,0.0,0.0,0.0,157.0,15.0,3.0,0.03937007874015748
13697,10.0,1.0,0.0,0.0,0.0,131.0,8.0,4.0,0.047244094488188976
13698,54.0,1.0,0.0,0.0,1.0,206.0,19.0,4.0,0.15748031496062992
13699,2.0,1.0,0.0,0.0,0.0,105.0,12.0,6.0,0.007874015748031496
13700,9.0,1.0,0.0,0.0,1.0,860.0,19.0,6.0,0.047244094488188976
13701,7.0,1.0,0.0,0.0,1.0,124.0,22.0,6.0,0.031496062992125984
13702,1.0,1.0,0.0,0.0,1.0,126.0,11.0,0.0,0.0
13703,2.0,1.0,0.0,0.0,0.0,121.0,11.0,0.0,0.007874015748031496
13704,13.0,1.0,0.0,0.0,0.0,121.0,13.0,0.0,0.06299212598425197
13705,2.0,1.0,0.0,0.0,0.0,100.0,18.0,0.0,0.007874015748031496
13706,5.0,1.0,0.0,0.0,0.0,104.0,18.0,0.0,0.031496062992125984
13707,9.0,1.0,0.0,0.0,0.0,143.0,22.0,0.0,0.03937007874015748
13708,9.0,1.0,0.0,0.0,1.0,237.0,18.0,1.0,0.023622047244094488
13709,21.0,1.0,0.0,0.0,0.0,111.0,21.0,1.0,0.07086614173228346
13710,3.0,1.0,0.0,0.0,1.0,161.0,20.0,2.0,0.015748031496062992
13711,8.0,1.0,0.0,0.0,1.0,115.0,3.0,3.0,0.047244094488188976
13712,22.0,1.0,0.0,0.0,0.0,107.0,11.0,3.0,0.05511811023622047
13713,10.0,1.0,0.0,0.0,1.0,190.0,19.0,3.0,0.047244094488188976
13714,4.0,1.0,0.0,0.0,0.0,189.0,20.0,3.0,0.007874015748031496
13715,22.0,1.0,0.0,0.0,0.0,127.0,21.0,3.0,0.11023622047244094
13716,60.0,1.0,0.0,0.0,0.0,223.0,11.0,4.0,0.2125984251968504
13717,9.0,1.0,0.0,0.0,0.0,379.0,8.0,6.0,0.05511811023622047
13718,1.0,1.0,0.0,0.0,0.0,454.0,18.0,6.0,0.0
13719,23.0,1.0,0.0,0.0,0.0,330.0,19.0,6.0,0.13385826771653545
13720,17.0,1.0,0.0,0.0,0.0,433.0,20.0,0.0,0.047244094488188976
13721,47.0,1.0,0.0,0.0,0.0,273.0,18.0,1.0,0.14960629921259844
13722,13.0,1.0,0.0,0.0,0.0,158.0,21.0,2.0,0.031496062992125984
13723,59.0,1.0,0.0,0.0,1.0,137.0,5.0,3.0,0.23622047244094488
13724,23.0,1.0,0.0,0.0,1.0,249.0,19.0,2.0,0.12598425196850394
13725,20.0,1.0,0.0,0.0,0.0,206.0,23.0,2.0,0.08661417322834646
13726,43.0,1.0,0.0,0.0,1.0,212.0,10.0,5.0,0.15748031496062992
13727,20.0,1.0,0.0,0.0,0.0,142.0,11.0,5.0,0.07874015748031496
13728,26.0,1.0,0.0,0.0,1.0,125.0,18.0,5.0,0.031496062992125984
13729,27.0,1.0,0.0,0.0,0.0,249.0,21.0,5.0,0.12598425196850394
13730,8.0,1.0,0.0,0.0,0.0,189.0,15.0,1.0,0.047244094488188976
13731,1.0,1.0,0.0,0.0,0.0,102.0,8.0,3.0,0.0
13732,13.0,1.0,0.0,0.0,0.0,252.0,8.0,3.0,0.07874015748031496
13733,2.0,1.0,0.0,0.0,0.0,141.0,16.0,3.0,0.0
13734,25.0,1.0,0.0,0.0,0.0,125.0,16.0,3.0,0.12598425196850394
13735,2.0,1.0,0.0,0.0,0.0,96.0,19.0,6.0,0.0
13736,33.0,1.0,0.0,1.0,0.0,169.0,20.0,6.0,0.10236220472440945
13737,2.0,1.0,0.0,0.0,0.0,227.0,18.0,1.0,0.007874015748031496
13738,29.0,1.0,0.0,0.0,0.0,246.0,19.0,1.0,0.12598425196850394
13739,7.0,1.0,0.0,0.0,1.0,184.0,11.0,4.0,0.023622047244094488
13740,3.0,1.0,0.0,0.0,0.0,91.0,15.0,4.0,0.007874015748031496
13741,32.0,1.0,0.0,0.0,0.0,212.0,20.0,4.0,0.10236220472440945
13742,10.0,1.0,0.0,0.0,1.0,113.0,23.0,0.0,0.05511811023622047
13743,13.0,1.0,0.0,0.0,0.0,183.0,12.0,2.0,0.031496062992125984
13744,1.0,1.0,0.0,0.0,0.0,152.0,20.0,2.0,0.0
13745,7.0,1.0,0.0,0.0,0.0,107.0,20.0,2.0,0.023622047244094488
13746,10.0,1.0,0.0,0.0,0.0,370.0,7.0,5.0,0.047244094488188976
13747,1.0,1.0,0.0,0.0,0.0,519.0,11.0,5.0,0.0
13748,1.0,1.0,0.0,0.0,0.0,324.0,13.0,5.0,0.0
13749,39.0,1.0,0.0,0.0,0.0,324.0,13.0,5.0,0.12598425196850394
13750,12.0,1.0,0.0,0.0,0.0,233.0,17.0,0.0,0.031496062992125984
13751,1.0,1.0,0.0,0.0,1.0,393.0,19.0,0.0,0.0
13752,1.0,1.0,0.0,0.0,1.0,393.0,19.0,0.0,0.0
13753,8.0,1.0,0.0,0.0,0.0,511.0,19.0,0.0,0.0
13754,15.0,1.0,0.0,0.0,1.0,140.0,20.0,0.0,0.047244094488188976
13755,6.0,1.0,0.0,0.0,0.0,480.0,23.0,0.0,0.0
13756,19.0,1.0,0.0,0.0,1.0,137.0,6.0,2.0,0.07086614173228346
13757,15.0,1.0,0.0,0.0,0.0,353.0,16.0,2.0,0.05511811023622047
13758,32.0,1.0,0.0,0.0,0.0,330.0,19.0,2.0,0.015748031496062992
13759,55.0,1.0,0.0,0.0,0.0,107.0,7.0,3.0,0.047244094488188976
13760,2.0,1.0,0.0,0.0,1.0,108.0,22.0,3.0,0.0
13761,15.0,1.0,0.0,0.0,0.0,300.0,23.0,3.0,0.047244094488188976
13762,27.0,1.0,0.0,0.0,0.0,572.0,13.0,4.0,0.10236220472440945
13763,1.0,1.0,0.0,0.0,1.0,1060.0,7.0,5.0,0.0
13764,2.0,1.0,0.0,0.0,0.0,444.0,7.0,5.0,0.007874015748031496
13765,4.0,1.0,0.0,0.0,1.0,492.0,10.0,5.0,0.023622047244094488
13766,12.0,1.0,0.0,0.0,1.0,374.0,13.0,5.0,0.03937007874015748
13767,17.0,1.0,0.0,0.0,0.0,152.0,19.0,5.0,0.05511811023622047
13768,17.0,1.0,0.0,0.0,0.0,93.0,21.0,5.0,0.08661417322834646
13769,6.0,1.0,0.0,0.0,0.0,190.0,9.0,6.0,0.031496062992125984
13770,9.0,1.0,0.0,0.0,0.0,424.0,22.0,6.0,0.047244094488188976
13771,77.0,1.0,0.0,0.0,0.0,181.0,10.0,0.0,0.23622047244094488
13772,6.0,1.0,0.0,0.0,1.0,100.0,10.0,3.0,0.023622047244094488
13773,2.0,1.0,0.0,0.0,0.0,301.0,13.0,3.0,0.007874015748031496
13774,4.0,1.0,0.0,0.0,0.0,126.0,13.0,3.0,0.023622047244094488
13775,34.0,1.0,0.0,1.0,0.0,97.0,14.0,3.0,0.08661417322834646
13776,11.0,1.0,0.0,0.0,0.0,541.0,8.0,4.0,0.031496062992125984
13777,7.0,1.0,0.0,1.0,1.0,395.0,14.0,4.0,0.031496062992125984
13778,26.0,1.0,0.0,1.0,0.0,153.0,17.0,4.0,0.07874015748031496
13779,5.0,1.0,0.0,0.0,0.0,216.0,20.0,5.0,0.031496062992125984
13780,1.0,1.0,0.0,0.0,1.0,1060.0,9.0,6.0,0.0
13781,2.0,1.0,0.0,0.0,0.0,444.0,9.0,6.0,0.007874015748031496
13782,12.0,1.0,0.0,0.0,0.0,107.0,9.0,6.0,0.05511811023622047
13783,10.0,1.0,0.0,0.0,0.0,115.0,15.0,6.0,0.05511811023622047
13784,7.0,1.0,0.0,0.0,1.0,538.0,21.0,6.0,0.031496062992125984
13785,6.0,3.0,0.0,0.0,0.0,24.0,13.0,1.0,0.2857142857142857
13786,95.0,3.0,0.0,0.0,0.0,279.0,14.0,1.0,0.7142857142857143
13787,14.0,3.0,0.0,0.0,0.0,164.0,8.0,1.0,0.42857142857142855
13788,33.0,3.0,0.0,0.0,0.0,153.0,14.0,0.0,0.42857142857142855
13789,8.0,2.0,0.0,0.0,1.0,23.0,17.0,1.0,0.25
13790,3.0,2.0,0.0,0.0,0.0,225.0,7.0,4.0,0.041666666666666664
13791,3.0,2.0,0.0,0.0,0.0,91.0,21.0,3.0,0.041666666666666664
13792,33.0,2.0,0.0,0.0,0.0,198.0,16.0,2.0,0.4166666666666667
13793,20.0,2.0,0.0,0.0,0.0,298.0,15.0,1.0,0.041666666666666664
13794,40.0,2.0,0.0,0.0,0.0,272.0,13.0,5.0,0.2916666666666667
13795,1.0,2.0,0.0,0.0,0.0,151.0,13.0,1.0,0.0
13796,26.0,2.0,0.0,0.0,0.0,344.0,21.0,2.0,0.16666666666666666
13797,3.0,2.0,0.0,0.0,0.0,145.0,13.0,2.0,0.08333333333333333
13798,3.0,2.0,0.0,0.0,0.0,321.0,16.0,3.0,0.041666666666666664
13799,5.0,2.0,0.0,0.0,0.0,321.0,16.0,4.0,0.08333333333333333
13800,7.0,2.0,0.0,0.0,1.0,199.0,22.0,0.0,0.16666666666666666
13801,3.0,2.0,0.0,1.0,0.0,94.0,21.0,5.0,0.041666666666666664
13802,6.0,2.0,0.0,0.0,0.0,658.0,19.0,1.0,0.08333333333333333
13803,2.0,2.0,0.0,0.0,0.0,355.0,19.0,4.0,0.0
13804,2.0,2.0,0.0,0.0,0.0,210.0,22.0,4.0,0.0
13805,23.0,2.0,0.0,0.0,0.0,527.0,19.0,5.0,0.20833333333333334
13806,14.0,2.0,0.0,0.0,0.0,527.0,22.0,0.0,0.20833333333333334
13807,1.0,2.0,0.0,0.0,1.0,114.0,11.0,6.0,0.0
13808,23.0,2.0,0.0,0.0,0.0,469.0,15.0,6.0,0.08333333333333333
13809,1.0,2.0,0.0,0.0,0.0,342.0,15.0,5.0,0.0
13810,1.0,2.0,0.0,0.0,0.0,341.0,19.0,5.0,0.0
13811,1.0,2.0,0.0,0.0,0.0,367.0,11.0,6.0,0.0
13812,32.0,3.0,0.0,0.0,0.0,14.0,19.0,2.0,0.4
13813,31.0,3.0,0.0,0.0,0.0,106.0,17.0,0.0,0.3333333333333333
13814,19.0,3.0,0.0,0.0,0.0,122.0,19.0,6.0,0.3333333333333333
13815,86.0,3.0,0.0,0.0,0.0,91.0,13.0,3.0,0.4666666666666667
13816,78.0,3.0,0.0,0.0,1.0,88.0,19.0,6.0,0.6666666666666666
13817,35.0,3.0,0.0,1.0,0.0,466.0,16.0,1.0,0.4666666666666667
13818,2.0,3.0,0.0,0.0,1.0,93.0,21.0,1.0,0.06666666666666667
13819,24.0,3.0,0.0,0.0,0.0,333.0,21.0,1.0,0.6
13820,135.0,3.0,0.0,0.0,0.0,97.0,21.0,2.0,0.6666666666666666
